0 2 5.79362e-01 -3.16187e-09 2.00000e-09 -1.65503e-01 1 0 4.29791
0 2 5.79361e-01 -4.90098e-09 3.10000e-09 -1.65503e-01 1 0 4.29791
0 2 5.79362e-01 -6.81398e-09 4.31000e-09 -1.65503e-01 1 0 4.29792
0 2 5.79362e-01 -8.91828e-09 5.64100e-09 -1.65503e-01 1 0 4.29793
0 2 5.79363e-01 -1.12331e-08 7.10510e-09 -1.65503e-01 1 0 4.29793
0 2 5.79363e-01 -1.37794e-08 8.71561e-09 -1.65503e-01 1 0 4.29794
0 2 5.79363e-01 -1.65805e-08 1.04872e-08 -1.65503e-01 1 0 4.29795
0 2 5.79364e-01 -1.96616e-08 1.24359e-08 -1.65502e-01 1 0 4.29796
0 2 5.79362e-01 -2.30501e-08 1.45795e-08 -1.65503e-01 1 0 4.29793
0 2 5.79362e-01 -2.67779e-08 1.69374e-08 -1.65503e-01 1 0 4.29793
0 2 5.79362e-01 -3.08788e-08 1.95312e-08 -1.65503e-01 1 0 4.29793
0 2 5.79362e-01 -3.53896e-08 2.23843e-08 -1.65503e-01 1 0 4.29793
0 2 5.79362e-01 -4.03512e-08 2.55227e-08 -1.65503e-01 1 0 4.29793
0 2 5.79362e-01 -4.58093e-08 2.89750e-08 -1.65503e-01 1 0 4.29793
0 2 5.79362e-01 -5.18134e-08 3.27725e-08 -1.65503e-01 1 0 4.29793
0 2 5.79362e-01 -5.84175e-08 3.69497e-08 -1.65503e-01 1 0 4.29793
0 2 5.79362e-01 -6.56821e-08 4.15447e-08 -1.65503e-01 1 0 4.29793
0 2 5.79362e-01 -7.36731e-08 4.65992e-08 -1.65503e-01 1 0 4.29793
0 2 5.79363e-01 -8.24638e-08 5.21591e-08 -1.65503e-01 1 0 4.29794
0 2 5.79362e-01 -9.21325e-08 5.82750e-08 -1.65503e-01 1 0 4.29793
0 2 5.79362e-01 -1.02769e-07 6.50025e-08 -1.65503e-01 1 0 4.29793
0 2 5.79362e-01 -1.14468e-07 7.24027e-08 -1.65503e-01 1 0 4.29793
0 2 5.79362e-01 -1.27338e-07 8.05430e-08 -1.65503e-01 1 0 4.29793
0 2 5.79362e-01 -1.41495e-07 8.94973e-08 -1.65503e-01 1 0 4.29793
0 2 5.79362e-01 -1.57067e-07 9.93471e-08 -1.65503e-01 1 0 4.29793
0 2 5.79362e-01 -1.74197e-07 1.10182e-07 -1.65503e-01 1 0 4.29793
0 2 5.79362e-01 -1.93040e-07 1.22100e-07 -1.65503e-01 1 0 4.29793
0 2 5.79362e-01 -2.13767e-07 1.35210e-07 -1.65503e-01 1 0 4.29793
0 2 5.79362e-01 -2.36566e-07 1.49631e-07 -1.65503e-01 1 0 4.29793
0 2 5.79362e-01 -2.61646e-07 1.65494e-07 -1.65503e-01 1 0 4.29793
0 2 5.79362e-01 -2.89233e-07 1.82943e-07 -1.65503e-01 1 0 4.29793
0 2 5.79362e-01 -3.19579e-07 2.02138e-07 -1.65503e-01 1 0 4.29793
0 2 5.79362e-01 -3.52960e-07 2.23252e-07 -1.65503e-01 1 0 4.29793
0 2 5.79362e-01 -3.89679e-07 2.46477e-07 -1.65503e-01 1 0 4.29793
0 2 5.79362e-01 -4.30070e-07 2.72024e-07 -1.65503e-01 1 0 4.29793
0 2 5.79362e-01 -4.74500e-07 3.00127e-07 -1.65503e-01 1 0 4.29793
0 2 5.79362e-01 -5.23372e-07 3.31039e-07 -1.65503e-01 1 0 4.29793
0 2 5.79362e-01 -5.77133e-07 3.65043e-07 -1.65503e-01 1 0 4.29793
0 2 5.79362e-01 -6.36269e-07 4.02448e-07 -1.65503e-01 1 0 4.29793
0 2 5.79362e-01 -7.01319e-07 4.43593e-07 -1.65503e-01 1 0 4.29793
0 2 5.79362e-01 -7.72873e-07 4.88852e-07 -1.65503e-01 1 0 4.29793
0 2 5.79362e-01 -8.51583e-07 5.38637e-07 -1.65503e-01 1 0 4.29793
0 2 5.79362e-01 -9.38165e-07 5.93401e-07 -1.65503e-01 1 0 4.29793
0 2 5.79362e-01 -1.03340e-06 6.53641e-07 -1.65503e-01 1 0 4.29793
0 2 5.79362e-01 -1.13817e-06 7.19905e-07 -1.65503e-01 1 0 4.29793
0 2 5.79362e-01 -1.25341e-06 7.92795e-07 -1.65503e-01 1 0 4.29793
0 2 5.79362e-01 -1.38017e-06 8.72975e-07 -1.65503e-01 1 0 4.29793
0 2 5.79362e-01 -1.51961e-06 9.61172e-07 -1.65503e-01 1 0 4.29793
0 2 5.79362e-01 -1.67299e-06 1.05819e-06 -1.65503e-01 1 0 4.29793
0 2 5.79362e-01 -1.84172e-06 1.16491e-06 -1.65503e-01 1 0 4.29793
0 2 5.79362e-01 -2.02731e-06 1.28230e-06 -1.65503e-01 1 0 4.29793
0 2 5.79362e-01 -2.23147e-06 1.41143e-06 -1.65503e-01 1 0 4.29793
0 2 5.79362e-01 -2.45603e-06 1.55347e-06 -1.65503e-01 1 0 4.29793
0 2 5.79362e-01 -2.70306e-06 1.70972e-06 -1.65503e-01 1 0 4.29793
0 2 5.79362e-01 -2.97479e-06 1.88159e-06 -1.65503e-01 1 0 4.29793
0 2 5.79362e-01 -3.27369e-06 2.07065e-06 -1.65503e-01 1 0 4.29793
0 2 5.79362e-01 -3.60248e-06 2.27862e-06 -1.65503e-01 1 0 4.29793
0 2 5.79362e-01 -3.96416e-06 2.50738e-06 -1.65503e-01 1 0 4.29793
0 2 5.79362e-01 -4.36199e-06 2.75901e-06 -1.65503e-01 1 0 4.29793
0 2 5.79362e-01 -4.79962e-06 3.03582e-06 -1.65503e-01 1 0 4.29793
0 2 5.79362e-01 -5.28100e-06 3.34030e-06 -1.65503e-01 1 0 4.29793
0 2 5.79362e-01 -5.81052e-06 3.67523e-06 -1.65503e-01 1 0 4.29793
0 2 5.79362e-01 -6.39300e-06 4.04365e-06 -1.65503e-01 1 0 4.29793
0 2 5.79362e-01 -7.03372e-06 4.44892e-06 -1.65503e-01 1 0 4.29793
0 2 5.79362e-01 -7.73852e-06 4.89471e-06 -1.65503e-01 1 0 4.29793
0 2 5.79362e-01 -8.51379e-06 5.38508e-06 -1.65503e-01 1 0 4.29793
0 2 5.79362e-01 -9.36659e-06 5.92449e-06 -1.65503e-01 1 0 4.29793
0 2 5.79362e-01 -1.03047e-05 6.51783e-06 -1.65503e-01 1 0 4.29793
0 2 5.79362e-01 -1.13366e-05 7.17052e-06 -1.65503e-01 1 0 4.29793
0 2 5.79362e-01 -1.24716e-05 7.88847e-06 -1.65503e-01 1 0 4.29793
0 2 5.79362e-01 -1.37202e-05 8.67822e-06 -1.65503e-01 1 0 4.29793
0 2 5.79362e-01 -1.50937e-05 9.54694e-06 -1.65503e-01 1 0 4.29793
0 2 5.79362e-01 -1.66045e-05 1.05025e-05 -1.65503e-01 1 0 4.29793
0 2 5.79362e-01 -1.82663e-05 1.15537e-05 -1.65503e-01 1 0 4.29793
0 2 5.79362e-01 -2.00944e-05 1.27100e-05 -1.65503e-01 1 0 4.29793
0 2 5.79362e-01 -2.21053e-05 1.39818e-05 -1.65503e-01 1 0 4.29793
0 2 5.79362e-01 -2.43172e-05 1.53809e-05 -1.65503e-01 1 0 4.29793
0 2 5.79362e-01 -2.67504e-05 1.69199e-05 -1.65503e-01 1 0 4.29793
0 2 5.79362e-01 -2.94268e-05 1.86128e-05 -1.65503e-01 1 0 4.29793
0 2 5.79362e-01 -3.23709e-05 2.04750e-05 -1.65503e-01 1 0 4.29793
0 2 5.79362e-01 -3.56094e-05 2.25234e-05 -1.65503e-01 1 0 4.29793
0 2 5.79362e-01 -3.91718e-05 2.47766e-05 -1.65503e-01 1 0 4.29793
0 2 5.79362e-01 -4.30904e-05 2.72552e-05 -1.65503e-01 1 0 4.29793
0 2 5.79362e-01 -4.74009e-05 2.99816e-05 -1.65503e-01 1 0 4.29793
0 2 5.79362e-01 -5.21424e-05 3.29807e-05 -1.65503e-01 1 0 4.29793
0 2 5.79362e-01 -5.73580e-05 3.62797e-05 -1.65503e-01 1 0 4.29793
0 2 5.79362e-01 -6.30953e-05 3.99085e-05 -1.65503e-01 1 0 4.29793
0 2 5.79362e-01 -6.94062e-05 4.39003e-05 -1.65503e-01 1 0 4.29793
0 2 5.79362e-01 -7.63482e-05 4.82912e-05 -1.65503e-01 1 0 4.29793
0 2 5.79362e-01 -8.39845e-05 5.31212e-05 -1.65503e-01 1 0 4.29793
0 2 5.79362e-01 -9.23844e-05 5.84342e-05 -1.65503e-01 1 0 4.29793
0 2 5.79362e-01 -1.01624e-04 6.42786e-05 -1.65503e-01 1 0 4.29793
0 2 5.79362e-01 -1.11788e-04 7.07073e-05 -1.65503e-01 1 0 4.29793
0 2 5.79362e-01 -1.22968e-04 7.77790e-05 -1.65503e-01 1 0 4.29793
0 2 5.79362e-01 -1.35267e-04 8.55578e-05 -1.65503e-01 1 0 4.29793
0 2 5.79362e-01 -1.48795e-04 9.41144e-05 -1.65503e-01 1 0 4.29793
0 2 5.79362e-01 -1.63676e-04 1.03527e-04 -1.65503e-01 1 0 4.29793
0 2 5.79362e-01 -1.80044e-04 1.13880e-04 -1.65503e-01 1 0 4.29793
0 2 5.79362e-01 -1.98050e-04 1.25269e-04 -1.65503e-01 1 0 4.29793
0 2 5.79362e-01 -2.17857e-04 1.37797e-04 -1.65503e-01 1 0 4.29793
0 2 5.79362e-01 -2.39644e-04 1.51578e-04 -1.65503e-01 1 0 4.29793
0 2 5.79362e-01 -2.63610e-04 1.66736e-04 -1.65503e-01 1 0 4.29793
0 2 5.79362e-01 -2.89972e-04 1.83411e-04 -1.65503e-01 1 0 4.29793
0 2 5.79362e-01 -3.18971e-04 2.01753e-04 -1.65503e-01 1 0 4.29793
0 2 5.79362e-01 -3.50869e-04 2.21929e-04 -1.65503e-01 1 0 4.29793
0 2 5.79362e-01 -3.85958e-04 2.44123e-04 -1.65503e-01 1 0 4.29793
0 2 5.79362e-01 -4.24555e-04 2.68536e-04 -1.65503e-01 1 0 4.29793
0 2 5.79362e-01 -4.67012e-04 2.95391e-04 -1.65503e-01 1 0 4.29793
0 2 5.79362e-01 -5.13714e-04 3.24931e-04 -1.65503e-01 1 0 4.29793
0 2 5.79362e-01 -5.65087e-04 3.57425e-04 -1.65503e-01 1 0 4.29793
0 2 5.79362e-01 -6.21597e-04 3.93168e-04 -1.65502e-01 1 0 4.29793
0 2 5.79361e-01 -6.83758e-04 4.32486e-04 -1.65502e-01 1 0 4.29793
0 2 5.79361e-01 -7.52136e-04 4.75735e-04 -1.65502e-01 1 0 4.29793
0 2 5.79361e-01 -8.27351e-04 5.23310e-04 -1.65502e-01 1 0 4.29793
0 2 5.79361e-01 -9.10087e-04 5.75641e-04 -1.65502e-01 1 0 4.29793
0 2 5.79361e-01 -1.00110e-03 6.33206e-04 -1.65502e-01 1 0 4.29793
0 2 5.79360e-01 -1.10121e-03 6.96528e-04 -1.65501e-01 1 0 4.29793
0 2 5.79360e-01 -1.21133e-03 7.66182e-04 -1.65501e-01 1 0 4.29793
0 2 5.79359e-01 -1.33246e-03 8.42801e-04 -1.65500e-01 1 0 4.29793
0 2 5.79358e-01 -1.46571e-03 9.27082e-04 -1.65500e-01 1 0 4.29793
0 2 5.79358e-01 -1.61229e-03 1.01979e-03 -1.65499e-01 1 0 4.29793
0 2 5.79357e-01 -1.77352e-03 1.12177e-03 -1.65498e-01 1 0 4.29793
0 2 5.79355e-01 -1.95087e-03 1.23395e-03 -1.65497e-01 1 0 4.29793
0 2 5.79354e-01 -2.14596e-03 1.35734e-03 -1.65496e-01 1 0 4.29793
0 2 5.79352e-01 -2.36055e-03 1.49308e-03 -1.65495e-01 1 0 4.29793
0 2 5.79350e-01 -2.59661e-03 1.64239e-03 -1.65493e-01 1 0 4.29794
0 2 5.79347e-01 -2.85627e-03 1.80663e-03 -1.65491e-01 1 0 4.29794
0 2 5.79344e-01 -3.14190e-03 1.98729e-03 -1.65489e-01 1 0 4.29794
0 2 5.79340e-01 -3.45609e-03 2.18602e-03 -1.65486e-01 1 0 4.29794
0 2 5.79336e-01 -3.80170e-03 2.40463e-03 -1.65482e-01 1 0 4.29794
0 2 5.79330e-01 -4.18186e-03 2.64509e-03 -1.65478e-01 1 0 4.29794
0 2 5.79324e-01 -4.60005e-03 2.90960e-03 -1.65473e-01 1 0 4.29795
0 2 5.79315e-01 -5.06005e-03 3.20056e-03 -1.65466e-01 1 0 4.29795
0 2 5.79306e-01 -5.56605e-03 3.52062e-03 -1.65458e-01 1 0 4.29795
0 2 5.79294e-01 -6.12265e-03 3.87268e-03 -1.65449e-01 1 0 4.29796
0 2 5.79279e-01 -6.73491e-03 4.25995e-03 -1.65438e-01 1 0 4.29796
0 2 5.79262e-01 -7.40839e-03 4.68594e-03 -1.65424e-01 1 0 4.29797
0 2 5.79241e-01 -8.14921e-03 5.15454e-03 -1.65407e-01 1 0 4.29798
0 2 5.79215e-01 -8.96411e-03 5.66999e-03 -1.65387e-01 1 0 4.29799
0 2 5.79184e-01 -9.86049e-03 6.23699e-03 -1.65363e-01 1 0 4.29800
0 2 5.79147e-01 -1.08465e-02 6.86069e-03 -1.65334e-01 1 0 4.29802
0 2 5.79102e-01 -1.19311e-02 7.54676e-03 -1.65298e-01 1 0 4.29803
0 2 5.79047e-01 -1.31241e-02 8.30144e-03 -1.65255e-01 1 0 4.29806
0 2 5.78981e-01 -1.44365e-02 9.13159e-03 -1.65203e-01 1 0 4.29808
0 2 5.78901e-01 -1.58800e-02 1.00447e-02 -1.65140e-01 1 0 4.29811
0 2 5.78804e-01 -1.74678e-02 1.10492e-02 -1.65064e-01 1 0 4.29815
0 2 5.78686e-01 -1.92144e-02 1.21541e-02 -1.64971e-01 1 0 4.29820
0 2 5.78544e-01 -2.11355e-02 1.33696e-02 -1.64860e-01 1 0 4.29826
0 2 5.78372e-01 -2.32487e-02 1.47065e-02 -1.64724e-01 1 0 4.29832
0 2 5.78164e-01 -2.55730e-02 1.61772e-02 -1.64561e-01 1 0 4.29841
0 2 5.77912e-01 -2.81296e-02 1.77949e-02 -1.64363e-01 1 0 4.29851
0 2 5.77607e-01 -3.09416e-02 1.95744e-02 -1.64124e-01 1 0 4.29862
0 2 5.77238e-01 -3.40345e-02 2.15318e-02 -1.63834e-01 1 0 4.29877
0 2 5.76791e-01 -3.74363e-02 2.36850e-02 -1.63483e-01 1 0 4.29894
0 2 5.76250e-01 -4.11777e-02 2.60535e-02 -1.63059e-01 1 0 4.29915
0 2 5.75595e-01 -4.52925e-02 2.86588e-02 -1.62546e-01 1 0 4.29940
0 2 5.74801e-01 -4.98177e-02 3.15247e-02 -1.61925e-01 1 0 4.29970
0 2 5.73840e-01 -5.47942e-02 3.46772e-02 -1.61174e-01 1 0 4.30006
0 2 5.72675e-01 -6.02666e-02 3.81449e-02 -1.60264e-01 1 0 4.30048
0 2 5.71262e-01 -6.62838e-02 4.19594e-02 -1.59163e-01 1 0 4.30099
0 2 5.69549e-01 -7.28997e-02 4.61554e-02 -1.57832e-01 1 0 4.30159
0 2 5.67470e-01 -8.01729e-02 5.07709e-02 -1.56220e-01 1 0 4.30229
0 2 5.64947e-01 -8.81677e-02 5.58480e-02 -1.54269e-01 1 0 4.30311
0 2 5.61882e-01 -9.69545e-02 6.14328e-02 -1.51908e-01 1 0 4.30405
0 2 5.58155e-01 -1.06610e-01 6.75761e-02 -1.49049e-01 1 0 4.30513
0 2 5.53619e-01 -1.17217e-01 7.43337e-02 -1.45589e-01 1 0 4.30632
0 2 5.48091e-01 -1.28866e-01 8.17671e-02 -1.41399e-01 1 0 4.30762
0 2 5.41343e-01 -1.41656e-01 8.99438e-02 -1.36325e-01 1 0 4.30894
0 2 5.33092e-01 -1.55690e-01 9.89381e-02 -1.30176e-01 1 0 4.31019
0 2 5.22978e-01 -1.71082e-01 1.08832e-01 -1.22724e-01 1 0 4.31114
0 2 5.10547e-01 -1.87950e-01 1.19715e-01 -1.13683e-01 1 0 4.31143
0 2 4.95213e-01 -2.06419e-01 1.31687e-01 -1.02704e-01 1 0 4.31044
0 2 4.76220e-01 -2.26615e-01 1.44855e-01 -8.93478e-02 1 0 4.30710
0 2 4.52575e-01 -2.48667e-01 1.59341e-01 -7.30563e-02 1 0 4.29967
0 2 4.22957e-01 -2.72694e-01 1.75275e-01 -5.30993e-02 1 0 4.28522
0 2 3.85599e-01 -2.98807e-01 1.92802e-01 -2.84834e-02 1 0 4.25896
1 2 7.77899e-01 -3.31215e-09 2.00000e-09 -3.07702e-02 3 0 24.64264
1 2 7.77899e-01 -5.13411e-09 3.10000e-09 -3.07700e-02 3 0 24.64276
1 2 7.77899e-01 -7.13806e-09 4.31000e-09 -3.07701e-02 3 0 24.64271
1 2 7.77899e-01 -9.34247e-09 5.64100e-09 -3.07701e-02 3 0 24.64271
1 2 7.77899e-01 -1.17672e-08 7.10510e-09 -3.07701e-02 3 0 24.64269
1 2 7.77899e-01 -1.44343e-08 8.71561e-09 -3.07701e-02 3 0 24.64269
1 2 7.77899e-01 -1.73683e-08 1.04872e-08 -3.07701e-02 3 0 24.64269
1 2 7.77899e-01 -2.05958e-08 1.24359e-08 -3.07701e-02 3 0 24.64269
1 2 7.77899e-01 -2.41458e-08 1.45795e-08 -3.07701e-02 3 0 24.64269
1 2 7.77899e-01 -2.80511e-08 1.69374e-08 -3.07701e-02 3 0 24.64269
1 2 7.77899e-01 -3.23468e-08 1.95312e-08 -3.07701e-02 3 0 24.64269
1 2 7.77899e-01 -3.70719e-08 2.23843e-08 -3.07701e-02 3 0 24.64269
1 2 7.77899e-01 -4.22695e-08 2.55227e-08 -3.07701e-02 3 0 24.64269
1 2 7.77899e-01 -4.79868e-08 2.89750e-08 -3.07701e-02 3 0 24.64269
1 2 7.77899e-01 -5.42763e-08 3.27725e-08 -3.07701e-02 3 0 24.64270
1 2 7.77899e-01 -6.11945e-08 3.69497e-08 -3.07701e-02 3 0 24.64269
1 2 7.77899e-01 -6.88046e-08 4.15447e-08 -3.07701e-02 3 0 24.64269
1 2 7.77899e-01 -7.71754e-08 4.65992e-08 -3.07701e-02 3 0 24.64269
1 2 7.77899e-01 -8.63835e-08 5.21591e-08 -3.07701e-02 3 0 24.64269
1 2 7.77899e-01 -9.65120e-08 5.82750e-08 -3.07701e-02 3 0 24.64269
1 2 7.77899e-01 -1.07654e-07 6.50025e-08 -3.07701e-02 3 0 24.64269
1 2 7.77899e-01 -1.19910e-07 7.24027e-08 -3.07701e-02 3 0 24.64269
1 2 7.77899e-01 -1.33392e-07 8.05430e-08 -3.07701e-02 3 0 24.64269
1 2 7.77899e-01 -1.48221e-07 8.94973e-08 -3.07701e-02 3 0 24.64269
1 2 7.77899e-01 -1.64534e-07 9.93471e-08 -3.07701e-02 3 0 24.64269
1 2 7.77899e-01 -1.82478e-07 1.10182e-07 -3.07701e-02 3 0 24.64269
1 2 7.77899e-01 -2.02216e-07 1.22100e-07 -3.07701e-02 3 0 24.64269
1 2 7.77899e-01 -2.23929e-07 1.35210e-07 -3.07701e-02 3 0 24.64269
1 2 7.77899e-01 -2.47812e-07 1.49631e-07 -3.07701e-02 3 0 24.64269
1 2 7.77899e-01 -2.74084e-07 1.65494e-07 -3.07701e-02 3 0 24.64269
1 2 7.77899e-01 -3.02982e-07 1.82943e-07 -3.07701e-02 3 0 24.64269
1 2 7.77899e-01 -3.34771e-07 2.02138e-07 -3.07701e-02 3 0 24.64269
1 2 7.77899e-01 -3.69739e-07 2.23252e-07 -3.07701e-02 3 0 24.64269
1 2 7.77899e-01 -4.08203e-07 2.46477e-07 -3.07701e-02 3 0 24.64269
1 2 7.77899e-01 -4.50514e-07 2.72024e-07 -3.07701e-02 3 0 24.64269
1 2 7.77899e-01 -4.97056e-07 3.00127e-07 -3.07701e-02 3 0 24.64269
1 2 7.77899e-01 -5.48252e-07 3.31039e-07 -3.07701e-02 3 0 24.64269
1 2 7.77899e-01 -6.04568e-07 3.65043e-07 -3.07701e-02 3 0 24.64269
1 2 7.77899e-01 -6.66515e-07 4.02448e-07 -3.07701e-02 3 0 24.64269
1 2 7.77899e-01 -7.34657e-07 4.43593e-07 -3.07701e-02 3 0 24.64269
1 2 7.77899e-01 -8.09614e-07 4.88852e-07 -3.07701e-02 3 0 24.64269
1 2 7.77899e-01 -8.92066e-07 5.38637e-07 -3.07701e-02 3 0 24.64269
1 2 7.77899e-01 -9.82763e-07 5.93401e-07 -3.07701e-02 3 0 24.64269
1 2 7.77899e-01 -1.08253e-06 6.53641e-07 -3.07701e-02 3 0 24.64269
1 2 7.77899e-01 -1.19227e-06 7.19905e-07 -3.07701e-02 3 0 24.64269
1 2 7.77899e-01 -1.31299e-06 7.92795e-07 -3.07701e-02 3 0 24.64269
1 2 7.77899e-01 -1.44578e-06 8.72975e-07 -3.07701e-02 3 0 24.64269
1 2 7.77899e-01 -1.59185e-06 9.61172e-07 -3.07701e-02 3 0 24.64269
1 2 7.77899e-01 -1.75252e-06 1.05819e-06 -3.07701e-02 3 0 24.64269
1 2 7.77899e-01 -1.92927e-06 1.16491e-06 -3.07701e-02 3 0 24.64269
1 2 7.77899e-01 -2.12368e-06 1.28230e-06 -3.07701e-02 3 0 24.64269
1 2 7.77899e-01 -2.33754e-06 1.41143e-06 -3.07701e-02 3 0 24.64269
1 2 7.77899e-01 -2.57279e-06 1.55347e-06 -3.07701e-02 3 0 24.64269
1 2 7.77899e-01 -2.83156e-06 1.70972e-06 -3.07701e-02 3 0 24.64269
1 2 7.77899e-01 -3.11620e-06 1.88159e-06 -3.07701e-02 3 0 24.64269
1 2 7.77899e-01 -3.42932e-06 2.07065e-06 -3.07701e-02 3 0 24.64269
1 2 7.77899e-01 -3.77374e-06 2.27862e-06 -3.07701e-02 3 0 24.64269
1 2 7.77899e-01 -4.15260e-06 2.50738e-06 -3.07701e-02 3 0 24.64269
1 2 7.77899e-01 -4.56935e-06 2.75901e-06 -3.07701e-02 3 0 24.64269
1 2 7.77899e-01 -5.02778e-06 3.03582e-06 -3.07701e-02 3 0 24.64269
1 2 7.77899e-01 -5.53205e-06 3.34030e-06 -3.07701e-02 3 0 24.64269
1 2 7.77899e-01 -6.08674e-06 3.67523e-06 -3.07701e-02 3 0 24.64269
1 2 7.77899e-01 -6.69691e-06 4.04365e-06 -3.07701e-02 3 0 24.64269
1 2 7.77899e-01 -7.36809e-06 4.44892e-06 -3.07701e-02 3 0 24.64269
1 2 7.77899e-01 -8.10639e-06 4.89471e-06 -3.07701e-02 3 0 24.64269
1 2 7.77899e-01 -8.91852e-06 5.38508e-06 -3.07701e-02 3 0 24.64269
1 2 7.77899e-01 -9.81186e-06 5.92449e-06 -3.07701e-02 3 0 24.64269
1 2 7.77899e-01 -1.07945e-05 6.51783e-06 -3.07701e-02 3 0 24.64269
1 2 7.77899e-01 -1.18755e-05 7.17052e-06 -3.07701e-02 3 0 24.64269
1 2 7.77899e-01 -1.30645e-05 7.88847e-06 -3.07701e-02 3 0 24.64269
1 2 7.77899e-01 -1.43725e-05 8.67822e-06 -3.07701e-02 3 0 24.64269
1 2 7.77899e-01 -1.58112e-05 9.54694e-06 -3.07701e-02 3 0 24.64269
1 2 7.77899e-01 -1.73938e-05 1.05025e-05 -3.07701e-02 3 0 24.64269
1 2 7.77899e-01 -1.91347e-05 1.15537e-05 -3.07701e-02 3 0 24.64269
1 2 7.77899e-01 -2.10496e-05 1.27100e-05 -3.07701e-02 3 0 24.64269
1 2 7.77899e-01 -2.31561e-05 1.39818e-05 -3.07701e-02 3 0 24.64269
1 2 7.77899e-01 -2.54732e-05 1.53809e-05 -3.07701e-02 3 0 24.64269
1 2 7.77899e-01 -2.80220e-05 1.69199e-05 -3.07701e-02 3 0 24.64269
1 2 7.77899e-01 -3.08257e-05 1.86128e-05 -3.07701e-02 3 0 24.64269
1 2 7.77899e-01 -3.39097e-05 2.04750e-05 -3.07701e-02 3 0 24.64269
1 2 7.77899e-01 -3.73022e-05 2.25234e-05 -3.07701e-02 3 0 24.64269
1 2 7.77899e-01 -4.10339e-05 2.47766e-05 -3.07701e-02 3 0 24.64269
1 2 7.77899e-01 -4.51388e-05 2.72552e-05 -3.07701e-02 3 0 24.64269
1 2 7.77899e-01 -4.96542e-05 2.99816e-05 -3.07701e-02 3 0 24.64269
1 2 7.77899e-01 -5.46211e-05 3.29807e-05 -3.07701e-02 3 0 24.64269
1 2 7.77899e-01 -6.00847e-05 3.62797e-05 -3.07701e-02 3 0 24.64269
1 2 7.77899e-01 -6.60946e-05 3.99085e-05 -3.07701e-02 3 0 24.64269
1 2 7.77899e-01 -7.27056e-05 4.39003e-05 -3.07701e-02 3 0 24.64269
1 2 7.77899e-01 -7.99776e-05 4.82912e-05 -3.07701e-02 3 0 24.64269
1 2 7.77899e-01 -8.79769e-05 5.31212e-05 -3.07701e-02 3 0 24.64269
1 2 7.77899e-01 -9.67761e-05 5.84342e-05 -3.07701e-02 3 0 24.64269
1 2 7.77899e-01 -1.06455e-04 6.42786e-05 -3.07701e-02 3 0 24.64269
1 2 7.77899e-01 -1.17102e-04 7.07073e-05 -3.07701e-02 3 0 24.64269
1 2 7.77899e-01 -1.28814e-04 7.77790e-05 -3.07701e-02 3 0 24.64269
1 2 7.77899e-01 -1.41697e-04 8.55578e-05 -3.07701e-02 3 0 24.64269
1 2 7.77899e-01 -1.55868e-04 9.41144e-05 -3.07701e-02 3 0 24.64269
1 2 7.77899e-01 -1.71456e-04 1.03527e-04 -3.07701e-02 3 0 24.64269
1 2 7.77899e-01 -1.88603e-04 1.13880e-04 -3.07701e-02 3 0 24.64269
1 2 7.77899e-01 -2.07465e-04 1.25269e-04 -3.07701e-02 3 0 24.64269
1 2 7.77899e-01 -2.28213e-04 1.37797e-04 -3.07701e-02 3 0 24.64269
1 2 7.77899e-01 -2.51036e-04 1.51578e-04 -3.07701e-02 3 0 24.64269
1 2 7.77899e-01 -2.76141e-04 1.66736e-04 -3.07701e-02 3 0 24.64269
1 2 7.77899e-01 -3.03757e-04 1.83411e-04 -3.07700e-02 3 0 24.64269
1 2 7.77898e-01 -3.34134e-04 2.01753e-04 -3.07700e-02 3 0 24.64269
1 2 7.77898e-01 -3.67549e-04 2.21929e-04 -3.07700e-02 3 0 24.64269
1 2 7.77898e-01 -4.04305e-04 2.44123e-04 -3.07700e-02 3 0 24.64269
1 2 7.77898e-01 -4.44737e-04 2.68536e-04 -3.07700e-02 3 0 24.64269
1 2 7.77898e-01 -4.89212e-04 2.95391e-04 -3.07700e-02 3 0 24.64269
1 2 7.77898e-01 -5.38135e-04 3.24931e-04 -3.07700e-02 3 0 24.64269
1 2 7.77898e-01 -5.91950e-04 3.57425e-04 -3.07699e-02 3 0 24.64269
1 2 7.77898e-01 -6.51146e-04 3.93168e-04 -3.07699e-02 3 0 24.64269
1 2 7.77898e-01 -7.16262e-04 4.32486e-04 -3.07698e-02 3 0 24.64269
1 2 7.77897e-01 -7.87890e-04 4.75735e-04 -3.07698e-02 3 0 24.64269
1 2 7.77897e-01 -8.66681e-04 5.23310e-04 -3.07697e-02 3 0 24.64268
1 2 7.77897e-01 -9.53350e-04 5.75641e-04 -3.07696e-02 3 0 24.64268
1 2 7.77896e-01 -1.04869e-03 6.33206e-04 -3.07696e-02 3 0 24.64268
1 2 7.77896e-01 -1.15356e-03 6.96528e-04 -3.07694e-02 3 0 24.64268
1 2 7.77895e-01 -1.26891e-03 7.66182e-04 -3.07693e-02 3 0 24.64267
1 2 7.77894e-01 -1.39581e-03 8.42801e-04 -3.07691e-02 3 0 24.64267
1 2 7.77893e-01 -1.53539e-03 9.27082e-04 -3.07689e-02 3 0 24.64267
1 2 7.77892e-01 -1.68893e-03 1.01979e-03 -3.07687e-02 3 0 24.64266
1 2 7.77891e-01 -1.85782e-03 1.12177e-03 -3.07684e-02 3 0 24.64265
1 2 7.77889e-01 -2.04360e-03 1.23395e-03 -3.07680e-02 3 0 24.64265
1 2 7.77887e-01 -2.24797e-03 1.35734e-03 -3.07676e-02 3 0 24.64264
1 2 7.77884e-01 -2.47276e-03 1.49308e-03 -3.07671e-02 3 0 24.64262
1 2 7.77881e-01 -2.72004e-03 1.64239e-03 -3.07664e-02 3 0 24.64261
1 2 7.77878e-01 -2.99204e-03 1.80663e-03 -3.07657e-02 3 0 24.64259
1 2 7.77873e-01 -3.29125e-03 1.98729e-03 -3.07647e-02 3 0 24.64257
1 2 7.77868e-01 -3.62037e-03 2.18602e-03 -3.07636e-02 3 0 24.64255
1 2 7.77861e-01 -3.98240e-03 2.40463e-03 -3.07622e-02 3 0 24.64252
1 2 7.77854e-01 -4.38064e-03 2.64509e-03 -3.07606e-02 3 0 24.64248
1 2 7.77844e-01 -4.81870e-03 2.90960e-03 -3.07586e-02 3 0 24.64244
1 2 7.77833e-01 -5.30056e-03 3.20056e-03 -3.07562e-02 3 0 24.64238
1 2 7.77819e-01 -5.83060e-03 3.52062e-03 -3.07533e-02 3 0 24.64232
1 2 7.77802e-01 -6.41364e-03 3.87268e-03 -3.07497e-02 3 0 24.64224
1 2 7.77782e-01 -7.05498e-03 4.25995e-03 -3.07455e-02 3 0 24.64214
1 2 7.77757e-01 -7.76045e-03 4.68594e-03 -3.07403e-02 3 0 24.64203
1 2 7.77727e-01 -8.53645e-03 5.15454e-03 -3.07340e-02 3 0 24.64189
1 2 7.77692e-01 -9.39003e-03 5.66999e-03 -3.07265e-02 3 0 24.64172
1 2 7.77648e-01 -1.03290e-02 6.23699e-03 -3.07173e-02 3 0 24.64152
1 2 7.77595e-01 -1.13617e-02 6.86069e-03 -3.07062e-02 3 0 24.64127
1 2 7.77532e-01 -1.24978e-02 7.54676e-03 -3.06928e-02 3 0 24.64097
1 2 7.77454e-01 -1.37474e-02 8.30144e-03 -3.06766e-02 3 0 24.64061
1 2 7.77361e-01 -1.51219e-02 9.13159e-03 -3.06569e-02 3 0 24.64016
1 2 7.77248e-01 -1.66337e-02 1.00447e-02 -3.06332e-02 3 0 24.63963
1 2 7.77111e-01 -1.82966e-02 1.10492e-02 -3.06044e-02 3 0 24.63898
1 2 7.76946e-01 -2.01257e-02 1.21541e-02 -3.05696e-02 3 0 24.63820
1 2 7.76746e-01 -2.21375e-02 1.33696e-02 -3.05275e-02 3 0 24.63725
1 2 7.76504e-01 -2.43502e-02 1.47065e-02 -3.04765e-02 3 0 24.63609
1 2 7.76210e-01 -2.67838e-02 1.61772e-02 -3.04149e-02 3 0 24.63468
1 2 7.75855e-01 -2.94603e-02 1.77949e-02 -3.03403e-02 3 0 24.63297
1 2 7.75426e-01 -3.24039e-02 1.95744e-02 -3.02500e-02 3 0 24.63089
1 2 7.74906e-01 -3.56410e-02 2.15318e-02 -3.01408e-02 3 0 24.62835
1 2 7.74276e-01 -3.92007e-02 2.36850e-02 -3.00087e-02 3 0 24.62525
1 2 7.73513e-01 -4.31149e-02 2.60535e-02 -2.98487e-02 3 0 24.62145
1 2 7.72589e-01 -4.74186e-02 2.86588e-02 -2.96552e-02 3 0 24.61679
1 2 7.71471e-01 -5.21501e-02 3.15247e-02 -2.94210e-02 3 0 24.61107
1 2 7.70115e-01 -5.73513e-02 3.46772e-02 -2.91377e-02 3 0 24.60401
1 2 7.68472e-01 -6.30681e-02 3.81449e-02 -2.87947e-02 3 0 24.59526
1 2 7.66480e-01 -6.93504e-02 4.19594e-02 -2.83797e-02 3 0 24.58438
1 2 7.64064e-01 -7.62528e-02 4.61554e-02 -2.78773e-02 3 0 24.57078
1 2 7.61133e-01 -8.38346e-02 5.07709e-02 -2.72693e-02 3 0 24.55368
1 2 7.57573e-01 -9.21602e-02 5.58480e-02 -2.65332e-02 3 0 24.53203
1 2 7.53247e-01 -1.01299e-01 6.14328e-02 -2.56418e-02 3 0 24.50439
1 2 7.47987e-01 -1.11326e-01 6.75761e-02 -2.45620e-02 3 0 24.46880
1 2 7.41581e-01 -1.22321e-01 7.43337e-02 -2.32533e-02 3 0 24.42251
1 2 7.33771e-01 -1.34371e-01 8.17671e-02 -2.16661e-02 3 0 24.36163
1 2 7.24234e-01 -1.47564e-01 8.99438e-02 -1.97387e-02 3 0 24.28059
1 2 7.12564e-01 -1.61996e-01 9.89381e-02 -1.73942e-02 3 0 24.17130
1 2 6.98250e-01 -1.77765e-01 1.08832e-01 -1.45344e-02 3 0 24.02194
1 2 6.80643e-01 -1.94969e-01 1.19715e-01 -1.10306e-02 3 0 23.81502
1 2 6.58912e-01 -2.13709e-01 1.31687e-01 -6.70838e-03 3 0 23.52478
1 2 6.31983e-01 -2.34086e-01 1.44855e-01 -1.31824e-03 3 0 23.11375
2 2 8.04046e-01 -3.40981e-09 2.00000e-09 -1.00883e-02 5 0 65.51295
2 2 8.04046e-01 -5.28529e-09 3.10000e-09 -1.00883e-02 5 0 65.51291
2 2 8.04046e-01 -7.34825e-09 4.31000e-09 -1.00883e-02 5 0 65.51291
2 2 8.04046e-01 -9.61745e-09 5.64100e-09 -1.00883e-02 5 0 65.51293
2 2 8.04046e-01 -1.21138e-08 7.10510e-09 -1.00883e-02 5 0 65.51284
2 2 8.04046e-01 -1.48596e-08 8.71561e-09 -1.00883e-02 5 0 65.51286
2 2 8.04046e-01 -1.78798e-08 1.04872e-08 -1.00883e-02 5 0 65.51295
2 2 8.04046e-01 -2.12023e-08 1.24359e-08 -1.00883e-02 5 0 65.51292
2 2 8.04046e-01 -2.48568e-08 1.45795e-08 -1.00883e-02 5 0 65.51294
2 2 8.04046e-01 -2.88771e-08 1.69374e-08 -1.00883e-02 5 0 65.51293
2 2 8.04046e-01 -3.32993e-08 1.95312e-08 -1.00883e-02 5 0 65.51290
2 2 8.04046e-01 -3.81636e-08 2.23843e-08 -1.00883e-02 5 0 65.51293
2 2 8.04046e-01 -4.35144e-08 2.55227e-08 -1.00883e-02 5 0 65.51292
2 2 8.04046e-01 -4.94002e-08 2.89750e-08 -1.00883e-02 5 0 65.51295
2 2 8.04046e-01 -5.58748e-08 3.27725e-08 -1.00883e-02 5 0 65.51292
2 2 8.04046e-01 -6.29966e-08 3.69497e-08 -1.00883e-02 5 0 65.51293
2 2 8.04046e-01 -7.08306e-08 4.15447e-08 -1.00883e-02 5 0 65.51293
2 2 8.04046e-01 -7.94482e-08 4.65992e-08 -1.00883e-02 5 0 65.51293
2 2 8.04046e-01 -8.89275e-08 5.21591e-08 -1.00883e-02 5 0 65.51292
2 2 8.04046e-01 -9.93546e-08 5.82750e-08 -1.00883e-02 5 0 65.51293
2 2 8.04046e-01 -1.10824e-07 6.50025e-08 -1.00883e-02 5 0 65.51293
2 2 8.04046e-01 -1.23441e-07 7.24027e-08 -1.00883e-02 5 0 65.51293
2 2 8.04046e-01 -1.37320e-07 8.05430e-08 -1.00883e-02 5 0 65.51293
2 2 8.04046e-01 -1.52587e-07 8.94973e-08 -1.00883e-02 5 0 65.51293
2 2 8.04046e-01 -1.69379e-07 9.93471e-08 -1.00883e-02 5 0 65.51293
2 2 8.04046e-01 -1.87852e-07 1.10182e-07 -1.00883e-02 5 0 65.51293
2 2 8.04046e-01 -2.08171e-07 1.22100e-07 -1.00883e-02 5 0 65.51293
2 2 8.04046e-01 -2.30523e-07 1.35210e-07 -1.00883e-02 5 0 65.51293
2 2 8.04046e-01 -2.55110e-07 1.49631e-07 -1.00883e-02 5 0 65.51293
2 2 8.04046e-01 -2.82155e-07 1.65494e-07 -1.00883e-02 5 0 65.51293
2 2 8.04046e-01 -3.11905e-07 1.82943e-07 -1.00883e-02 5 0 65.51293
2 2 8.04046e-01 -3.44630e-07 2.02138e-07 -1.00883e-02 5 0 65.51293
2 2 8.04046e-01 -3.80628e-07 2.23252e-07 -1.00883e-02 5 0 65.51293
2 2 8.04046e-01 -4.20225e-07 2.46477e-07 -1.00883e-02 5 0 65.51293
2 2 8.04046e-01 -4.63782e-07 2.72024e-07 -1.00883e-02 5 0 65.51293
2 2 8.04046e-01 -5.11694e-07 3.00127e-07 -1.00883e-02 5 0 65.51293
2 2 8.04046e-01 -5.64398e-07 3.31039e-07 -1.00883e-02 5 0 65.51293
2 2 8.04046e-01 -6.22372e-07 3.65043e-07 -1.00883e-02 5 0 65.51293
2 2 8.04046e-01 -6.86144e-07 4.02448e-07 -1.00883e-02 5 0 65.51293
2 2 8.04046e-01 -7.56293e-07 4.43593e-07 -1.00883e-02 5 0 65.51293
2 2 8.04046e-01 -8.33457e-07 4.88852e-07 -1.00883e-02 5 0 65.51293
2 2 8.04046e-01 -9.18337e-07 5.38637e-07 -1.00883e-02 5 0 65.51293
2 2 8.04046e-01 -1.01170e-06 5.93401e-07 -1.00883e-02 5 0 65.51293
2 2 8.04046e-01 -1.11441e-06 6.53641e-07 -1.00883e-02 5 0 65.51293
2 2 8.04046e-01 -1.22739e-06 7.19905e-07 -1.00883e-02 5 0 65.51293
2 2 8.04046e-01 -1.35166e-06 7.92795e-07 -1.00883e-02 5 0 65.51293
2 2 8.04046e-01 -1.48836e-06 8.72975e-07 -1.00883e-02 5 0 65.51293
2 2 8.04046e-01 -1.63873e-06 9.61172e-07 -1.00883e-02 5 0 65.51293
2 2 8.04046e-01 -1.80414e-06 1.05819e-06 -1.00883e-02 5 0 65.51293
2 2 8.04046e-01 -1.98608e-06 1.16491e-06 -1.00883e-02 5 0 65.51293
2 2 8.04046e-01 -2.18623e-06 1.28230e-06 -1.00883e-02 5 0 65.51293
2 2 8.04046e-01 -2.40638e-06 1.41143e-06 -1.00883e-02 5 0 65.51293
2 2 8.04046e-01 -2.64856e-06 1.55347e-06 -1.00883e-02 5 0 65.51293
2 2 8.04046e-01 -2.91495e-06 1.70972e-06 -1.00883e-02 5 0 65.51293
2 2 8.04046e-01 -3.20798e-06 1.88159e-06 -1.00883e-02 5 0 65.51293
2 2 8.04046e-01 -3.53031e-06 2.07065e-06 -1.00883e-02 5 0 65.51293
2 2 8.04046e-01 -3.88487e-06 2.27862e-06 -1.00883e-02 5 0 65.51293
2 2 8.04046e-01 -4.27490e-06 2.50738e-06 -1.00883e-02 5 0 65.51293
2 2 8.04046e-01 -4.70392e-06 2.75901e-06 -1.00883e-02 5 0 65.51293
2 2 8.04046e-01 -5.17585e-06 3.03582e-06 -1.00883e-02 5 0 65.51293
2 2 8.04046e-01 -5.69496e-06 3.34030e-06 -1.00883e-02 5 0 65.51293
2 2 8.04046e-01 -6.26600e-06 3.67523e-06 -1.00883e-02 5 0 65.51293
2 2 8.04046e-01 -6.89413e-06 4.04365e-06 -1.00883e-02 5 0 65.51293
2 2 8.04046e-01 -7.58508e-06 4.44892e-06 -1.00883e-02 5 0 65.51293
2 2 8.04046e-01 -8.34512e-06 4.89471e-06 -1.00883e-02 5 0 65.51293
2 2 8.04046e-01 -9.18117e-06 5.38508e-06 -1.00883e-02 5 0 65.51293
2 2 8.04046e-01 -1.01008e-05 5.92449e-06 -1.00883e-02 5 0 65.51293
2 2 8.04046e-01 -1.11124e-05 6.51783e-06 -1.00883e-02 5 0 65.51293
2 2 8.04046e-01 -1.22252e-05 7.17052e-06 -1.00883e-02 5 0 65.51293
2 2 8.04046e-01 -1.34493e-05 7.88847e-06 -1.00883e-02 5 0 65.51293
2 2 8.04046e-01 -1.47957e-05 8.67822e-06 -1.00883e-02 5 0 65.51293
2 2 8.04046e-01 -1.62768e-05 9.54694e-06 -1.00883e-02 5 0 65.51293
2 2 8.04046e-01 -1.79061e-05 1.05025e-05 -1.00883e-02 5 0 65.51293
2 2 8.04046e-01 -1.96982e-05 1.15537e-05 -1.00883e-02 5 0 65.51293
2 2 8.04046e-01 -2.16695e-05 1.27100e-05 -1.00883e-02 5 0 65.51293
2 2 8.04046e-01 -2.38380e-05 1.39818e-05 -1.00883e-02 5 0 65.51293
2 2 8.04046e-01 -2.62234e-05 1.53809e-05 -1.00883e-02 5 0 65.51293
2 2 8.04046e-01 -2.88472e-05 1.69199e-05 -1.00883e-02 5 0 65.51293
2 2 8.04046e-01 -3.17335e-05 1.86128e-05 -1.00883e-02 5 0 65.51293
2 2 8.04046e-01 -3.49084e-05 2.04750e-05 -1.00883e-02 5 0 65.51293
2 2 8.04046e-01 -3.84008e-05 2.25234e-05 -1.00883e-02 5 0 65.51293
2 2 8.04046e-01 -4.22424e-05 2.47766e-05 -1.00883e-02 5 0 65.51293
2 2 8.04046e-01 -4.64681e-05 2.72552e-05 -1.00883e-02 5 0 65.51293
2 2 8.04046e-01 -5.11165e-05 2.99816e-05 -1.00883e-02 5 0 65.51293
2 2 8.04046e-01 -5.62297e-05 3.29807e-05 -1.00883e-02 5 0 65.51293
2 2 8.04046e-01 -6.18542e-05 3.62797e-05 -1.00883e-02 5 0 65.51293
2 2 8.04046e-01 -6.80411e-05 3.99085e-05 -1.00883e-02 5 0 65.51293
2 2 8.04046e-01 -7.48468e-05 4.39003e-05 -1.00883e-02 5 0 65.51293
2 2 8.04046e-01 -8.23330e-05 4.82912e-05 -1.00883e-02 5 0 65.51293
2 2 8.04046e-01 -9.05678e-05 5.31212e-05 -1.00883e-02 5 0 65.51293
2 2 8.04046e-01 -9.96261e-05 5.84342e-05 -1.00883e-02 5 0 65.51293
2 2 8.04046e-01 -1.09590e-04 6.42786e-05 -1.00883e-02 5 0 65.51293
2 2 8.04046e-01 -1.20551e-04 7.07073e-05 -1.00883e-02 5 0 65.51293
2 2 8.04046e-01 -1.32607e-04 7.77790e-05 -1.00883e-02 5 0 65.51293
2 2 8.04046e-01 -1.45870e-04 8.55578e-05 -1.00883e-02 5 0 65.51293
2 2 8.04046e-01 -1.60458e-04 9.41144e-05 -1.00883e-02 5 0 65.51293
2 2 8.04046e-01 -1.76506e-04 1.03527e-04 -1.00883e-02 5 0 65.51293
2 2 8.04046e-01 -1.94158e-04 1.13880e-04 -1.00883e-02 5 0 65.51293
2 2 8.04046e-01 -2.13575e-04 1.25269e-04 -1.00883e-02 5 0 65.51293
2 2 8.04046e-01 -2.34934e-04 1.37797e-04 -1.00883e-02 5 0 65.51293
2 2 8.04046e-01 -2.58429e-04 1.51578e-04 -1.00882e-02 5 0 65.51292
2 2 8.04046e-01 -2.84273e-04 1.66736e-04 -1.00882e-02 5 0 65.51292
2 2 8.04046e-01 -3.12702e-04 1.83411e-04 -1.00882e-02 5 0 65.51292
2 2 8.04046e-01 -3.43974e-04 2.01753e-04 -1.00882e-02 5 0 65.51292
2 2 8.04046e-01 -3.78373e-04 2.21929e-04 -1.00882e-02 5 0 65.51292
2 2 8.04046e-01 -4.16212e-04 2.44123e-04 -1.00882e-02 5 0 65.51292
2 2 8.04046e-01 -4.57834e-04 2.68536e-04 -1.00882e-02 5 0 65.51292
2 2 8.04045e-01 -5.03619e-04 2.95391e-04 -1.00882e-02 5 0 65.51291
2 2 8.04045e-01 -5.53983e-04 3.24931e-04 -1.00882e-02 5 0 65.51291
2 2 8.04045e-01 -6.09383e-04 3.57425e-04 -1.00882e-02 5 0 65.51291
2 2 8.04045e-01 -6.70322e-04 3.93168e-04 -1.00881e-02 5 0 65.51290
2 2 8.04045e-01 -7.37356e-04 4.32486e-04 -1.00881e-02 5 0 65.51290
2 2 8.04045e-01 -8.11093e-04 4.75735e-04 -1.00881e-02 5 0 65.51289
2 2 8.04044e-01 -8.92204e-04 5.23310e-04 -1.00881e-02 5 0 65.51289
2 2 8.04044e-01 -9.81426e-04 5.75641e-04 -1.00880e-02 5 0 65.51288
2 2 8.04043e-01 -1.07957e-03 6.33206e-04 -1.00880e-02 5 0 65.51287
2 2 8.04043e-01 -1.18753e-03 6.96528e-04 -1.00879e-02 5 0 65.51285
2 2 8.04042e-01 -1.30628e-03 7.66182e-04 -1.00878e-02 5 0 65.51284
2 2 8.04041e-01 -1.43691e-03 8.42801e-04 -1.00877e-02 5 0 65.51282
2 2 8.04040e-01 -1.58060e-03 9.27082e-04 -1.00876e-02 5 0 65.51280
2 2 8.04039e-01 -1.73866e-03 1.01979e-03 -1.00875e-02 5 0 65.51277
2 2 8.04037e-01 -1.91253e-03 1.12177e-03 -1.00873e-02 5 0 65.51274
2 2 8.04035e-01 -2.10379e-03 1.23395e-03 -1.00871e-02 5 0 65.51270
2 2 8.04033e-01 -2.31416e-03 1.35734e-03 -1.00868e-02 5 0 65.51265
2 2 8.04030e-01 -2.54558e-03 1.49308e-03 -1.00865e-02 5 0 65.51259
2 2 8.04027e-01 -2.80014e-03 1.64239e-03 -1.00862e-02 5 0 65.51252
2 2 8.04023e-01 -3.08015e-03 1.80663e-03 -1.00857e-02 5 0 65.51243
2 2 8.04018e-01 -3.38816e-03 1.98729e-03 -1.00852e-02 5 0 65.51233
2 2 8.04012e-01 -3.72697e-03 2.18602e-03 -1.00846e-02 5 0 65.51220
2 2 8.04005e-01 -4.09966e-03 2.40463e-03 -1.00838e-02 5 0 65.51205
2 2 8.03997e-01 -4.50961e-03 2.64509e-03 -1.00829e-02 5 0 65.51186
2 2 8.03986e-01 -4.96056e-03 2.90960e-03 -1.00817e-02 5 0 65.51164
2 2 8.03974e-01 -5.45660e-03 3.20056e-03 -1.00803e-02 5 0 65.51137
2 2 8.03959e-01 -6.00223e-03 3.52062e-03 -1.00787e-02 5 0 65.51104
2 2 8.03940e-01 -6.60242e-03 3.87268e-03 -1.00767e-02 5 0 65.51065
2 2 8.03918e-01 -7.26261e-03 4.25995e-03 -1.00742e-02 5 0 65.51017
2 2 8.03891e-01 -7.98880e-03 4.68594e-03 -1.00713e-02 5 0 65.50959
2 2 8.03858e-01 -8.78760e-03 5.15454e-03 -1.00677e-02 5 0 65.50888
2 2 8.03819e-01 -9.66624e-03 5.66999e-03 -1.00634e-02 5 0 65.50803
2 2 8.03771e-01 -1.06327e-02 6.23699e-03 -1.00582e-02 5 0 65.50700
2 2 8.03714e-01 -1.16958e-02 6.86069e-03 -1.00519e-02 5 0 65.50575
2 2 8.03644e-01 -1.28651e-02 7.54676e-03 -1.00442e-02 5 0 65.50424
2 2 8.03559e-01 -1.41512e-02 8.30144e-03 -1.00350e-02 5 0 65.50241
2 2 8.03457e-01 -1.55658e-02 9.13159e-03 -1.00238e-02 5 0 65.50018
2 2 8.03333e-01 -1.71217e-02 1.00447e-02 -1.00103e-02 5 0 65.49749
2 2 8.03183e-01 -1.88330e-02 1.10492e-02 -9.99389e-03 5 0 65.49421
2 2 8.03002e-01 -2.07152e-02 1.21541e-02 -9.97407e-03 5 0 65.49024
2 2 8.02783e-01 -2.27851e-02 1.33696e-02 -9.95009e-03 5 0 65.48542
2 2 8.02517e-01 -2.50616e-02 1.47065e-02 -9.92107e-03 5 0 65.47955
2 2 8.02196e-01 -2.75650e-02 1.61772e-02 -9.88596e-03 5 0 65.47240
2 2 8.01807e-01 -3.03178e-02 1.77949e-02 -9.84347e-03 5 0 65.46369
2 2 8.01336e-01 -3.33447e-02 1.95744e-02 -9.79207e-03 5 0 65.45306
2 2 8.00766e-01 -3.66726e-02 2.15318e-02 -9.72986e-03 5 0 65.44007
2 2 8.00076e-01 -4.03312e-02 2.36850e-02 -9.65460e-03 5 0 65.42414
2 2 7.99240e-01 -4.43529e-02 2.60535e-02 -9.56352e-03 5 0 65.40458
2 2 7.98228e-01 -4.87728e-02 2.86588e-02 -9.45331e-03 5 0 65.38048
2 2 7.97002e-01 -5.36297e-02 3.15247e-02 -9.31995e-03 5 0 65.35068
2 2 7.95517e-01 -5.89656e-02 3.46772e-02 -9.15855e-03 5 0 65.31368
2 2 7.93717e-01 -6.48261e-02 3.81449e-02 -8.96323e-03 5 0 65.26752
2 2 7.91536e-01 -7.12609e-02 4.19594e-02 -8.72681e-03 5 0 65.20960
2 2 7.88890e-01 -7.83234e-02 4.61554e-02 -8.44060e-03 5 0 65.13644
2 2 7.85680e-01 -8.60713e-02 5.07709e-02 -8.09404e-03 5 0 65.04334
2 2 7.81783e-01 -9.45664e-02 5.58480e-02 -7.67423e-03 5 0 64.92382
2 2 7.77050e-01 -1.03875e-01 6.14328e-02 -7.16540e-03 5 0 64.76892
2 2 7.71294e-01 -1.14066e-01 6.75761e-02 -6.54809e-03 5 0 64.56597
2 2 7.64289e-01 -1.25212e-01 7.43337e-02 -5.79814e-03 5 0 64.29695
2 2 7.55752e-01 -1.37392e-01 8.17671e-02 -4.88505e-03 5 0 63.93586
2 2 7.45335e-01 -1.50682e-01 8.99438e-02 -3.76949e-03 5 0 63.44496
2 2 7.32599e-01 -1.65164e-01 9.89381e-02 -2.39916e-03 5 0 62.76931
3 2 8.11005e-01 -3.49092e-09 2.00000e-09 -4.46909e-03 7 0 131.04299
3 2 8.11005e-01 -5.41082e-09 3.10000e-09 -4.46908e-03 7 0 131.04329
3 2 8.11005e-01 -7.52280e-09 4.31000e-09 -4.46907e-03 7 0 131.04335
3 2 8.11005e-01 -9.84605e-09 5.64100e-09 -4.46908e-03 7 0 131.04325
3 2 8.11005e-01 -1.24016e-08 7.10510e-09 -4.46908e-03 7 0 131.04324
3 2 8.11005e-01 -1.52126e-08 8.71561e-09 -4.46908e-03 7 0 131.04324
3 2 8.11005e-01 -1.83047e-08 1.04872e-08 -4.46908e-03 7 0 131.04325
3 2 8.11005e-01 -2.17061e-08 1.24359e-08 -4.46908e-03 7 0 131.04325
3 2 8.11005e-01 -2.54476e-08 1.45795e-08 -4.46908e-03 7 0 131.04326
3 2 8.11005e-01 -2.95633e-08 1.69374e-08 -4.46908e-03 7 0 131.04324
3 2 8.11005e-01 -3.40905e-08 1.95312e-08 -4.46908e-03 7 0 131.04327
3 2 8.11005e-01 -3.90705e-08 2.23843e-08 -4.46908e-03 7 0 131.04324
3 2 8.11005e-01 -4.45484e-08 2.55227e-08 -4.46908e-03 7 0 131.04324
3 2 8.11005e-01 -5.05741e-08 2.89750e-08 -4.46908e-03 7 0 131.04326
3 2 8.11005e-01 -5.72024e-08 3.27725e-08 -4.46908e-03 7 0 131.04326
3 2 8.11005e-01 -6.44935e-08 3.69497e-08 -4.46908e-03 7 0 131.04327
3 2 8.11005e-01 -7.25138e-08 4.15447e-08 -4.46908e-03 7 0 131.04327
3 2 8.11005e-01 -8.13361e-08 4.65992e-08 -4.46908e-03 7 0 131.04325
3 2 8.11005e-01 -9.10406e-08 5.21591e-08 -4.46908e-03 7 0 131.04327
3 2 8.11005e-01 -1.01716e-07 5.82750e-08 -4.46908e-03 7 0 131.04326
3 2 8.11005e-01 -1.13458e-07 6.50025e-08 -4.46908e-03 7 0 131.04327
3 2 8.11005e-01 -1.26375e-07 7.24027e-08 -4.46908e-03 7 0 131.04326
3 2 8.11005e-01 -1.40583e-07 8.05430e-08 -4.46908e-03 7 0 131.04326
3 2 8.11005e-01 -1.56212e-07 8.94973e-08 -4.46908e-03 7 0 131.04327
3 2 8.11005e-01 -1.73404e-07 9.93471e-08 -4.46908e-03 7 0 131.04326
3 2 8.11005e-01 -1.92316e-07 1.10182e-07 -4.46908e-03 7 0 131.04327
3 2 8.11005e-01 -2.13118e-07 1.22100e-07 -4.46908e-03 7 0 131.04326
3 2 8.11005e-01 -2.36001e-07 1.35210e-07 -4.46908e-03 7 0 131.04327
3 2 8.11005e-01 -2.61172e-07 1.49631e-07 -4.46908e-03 7 0 131.04326
3 2 8.11005e-01 -2.88860e-07 1.65494e-07 -4.46908e-03 7 0 131.04326
3 2 8.11005e-01 -3.19317e-07 1.82943e-07 -4.46908e-03 7 0 131.04327
3 2 8.11005e-01 -3.52819e-07 2.02138e-07 -4.46908e-03 7 0 131.04326
3 2 8.11005e-01 -3.89672e-07 2.23252e-07 -4.46908e-03 7 0 131.04326
3 2 8.11005e-01 -4.30210e-07 2.46477e-07 -4.46908e-03 7 0 131.04326
3 2 8.11005e-01 -4.74802e-07 2.72024e-07 -4.46908e-03 7 0 131.04327
3 2 8.11005e-01 -5.23853e-07 3.00127e-07 -4.46908e-03 7 0 131.04326
3 2 8.11005e-01 -5.77810e-07 3.31039e-07 -4.46908e-03 7 0 131.04326
3 2 8.11005e-01 -6.37162e-07 3.65043e-07 -4.46908e-03 7 0 131.04326
3 2 8.11005e-01 -7.02449e-07 4.02448e-07 -4.46908e-03 7 0 131.04326
3 2 8.11005e-01 -7.74264e-07 4.43593e-07 -4.46908e-03 7 0 131.04326
3 2 8.11005e-01 -8.53262e-07 4.88852e-07 -4.46908e-03 7 0 131.04326
3 2 8.11005e-01 -9.40159e-07 5.38637e-07 -4.46908e-03 7 0 131.04326
3 2 8.11005e-01 -1.03575e-06 5.93401e-07 -4.46908e-03 7 0 131.04326
3 2 8.11005e-01 -1.14089e-06 6.53641e-07 -4.46908e-03 7 0 131.04326
3 2 8.11005e-01 -1.25655e-06 7.19905e-07 -4.46908e-03 7 0 131.04326
3 2 8.11005e-01 -1.38378e-06 7.92795e-07 -4.46908e-03 7 0 131.04326
3 2 8.11005e-01 -1.52373e-06 8.72975e-07 -4.46908e-03 7 0 131.04326
3 2 8.11005e-01 -1.67767e-06 9.61172e-07 -4.46908e-03 7 0 131.04326
3 2 8.11005e-01 -1.84701e-06 1.05819e-06 -4.46908e-03 7 0 131.04326
3 2 8.11005e-01 -2.03328e-06 1.16491e-06 -4.46908e-03 7 0 131.04326
3 2 8.11005e-01 -2.23818e-06 1.28230e-06 -4.46908e-03 7 0 131.04326
3 2 8.11005e-01 -2.46357e-06 1.41143e-06 -4.46908e-03 7 0 131.04326
3 2 8.11005e-01 -2.71149e-06 1.55347e-06 -4.46908e-03 7 0 131.04326
3 2 8.11005e-01 -2.98421e-06 1.70972e-06 -4.46908e-03 7 0 131.04326
3 2 8.11005e-01 -3.28421e-06 1.88159e-06 -4.46908e-03 7 0 131.04326
3 2 8.11005e-01 -3.61420e-06 2.07065e-06 -4.46908e-03 7 0 131.04326
3 2 8.11005e-01 -3.97719e-06 2.27862e-06 -4.46908e-03 7 0 131.04326
3 2 8.11005e-01 -4.37648e-06 2.50738e-06 -4.46908e-03 7 0 131.04326
3 2 8.11005e-01 -4.81570e-06 2.75901e-06 -4.46908e-03 7 0 131.04326
3 2 8.11005e-01 -5.29884e-06 3.03582e-06 -4.46908e-03 7 0 131.04326
3 2 8.11005e-01 -5.83029e-06 3.34030e-06 -4.46908e-03 7 0 131.04326
3 2 8.11005e-01 -6.41489e-06 3.67523e-06 -4.46908e-03 7 0 131.04326
3 2 8.11005e-01 -7.05795e-06 4.04365e-06 -4.46908e-03 7 0 131.04326
3 2 8.11005e-01 -7.76532e-06 4.44892e-06 -4.46908e-03 7 0 131.04326
3 2 8.11005e-01 -8.54342e-06 4.89471e-06 -4.46908e-03 7 0 131.04326
3 2 8.11005e-01 -9.39933e-06 5.38508e-06 -4.46908e-03 7 0 131.04326
3 2 8.11005e-01 -1.03408e-05 5.92449e-06 -4.46908e-03 7 0 131.04326
3 2 8.11005e-01 -1.13765e-05 6.51783e-06 -4.46908e-03 7 0 131.04326
3 2 8.11005e-01 -1.25157e-05 7.17052e-06 -4.46908e-03 7 0 131.04326
3 2 8.11005e-01 -1.37689e-05 7.88847e-06 -4.46908e-03 7 0 131.04326
3 2 8.11005e-01 -1.51473e-05 8.67822e-06 -4.46908e-03 7 0 131.04326
3 2 8.11005e-01 -1.66636e-05 9.54694e-06 -4.46908e-03 7 0 131.04326
3 2 8.11005e-01 -1.83315e-05 1.05025e-05 -4.46908e-03 7 0 131.04326
3 2 8.11005e-01 -2.01663e-05 1.15537e-05 -4.46908e-03 7 0 131.04326
3 2 8.11005e-01 -2.21845e-05 1.27100e-05 -4.46908e-03 7 0 131.04326
3 2 8.11005e-01 -2.44045e-05 1.39818e-05 -4.46908e-03 7 0 131.04326
3 2 8.11005e-01 -2.68465e-05 1.53809e-05 -4.46908e-03 7 0 131.04326
3 2 8.11005e-01 -2.95327e-05 1.69199e-05 -4.46908e-03 7 0 131.04326
3 2 8.11005e-01 -3.24876e-05 1.86128e-05 -4.46908e-03 7 0 131.04326
3 2 8.11005e-01 -3.57379e-05 2.04750e-05 -4.46908e-03 7 0 131.04326
3 2 8.11005e-01 -3.93133e-05 2.25234e-05 -4.46908e-03 7 0 131.04326
3 2 8.11005e-01 -4.32462e-05 2.47766e-05 -4.46908e-03 7 0 131.04326
3 2 8.11005e-01 -4.75723e-05 2.72552e-05 -4.46908e-03 7 0 131.04326
3 2 8.11005e-01 -5.23311e-05 2.99816e-05 -4.46908e-03 7 0 131.04326
3 2 8.11005e-01 -5.75658e-05 3.29807e-05 -4.46908e-03 7 0 131.04326
3 2 8.11005e-01 -6.33240e-05 3.62797e-05 -4.46908e-03 7 0 131.04326
3 2 8.11005e-01 -6.96579e-05 3.99085e-05 -4.46908e-03 7 0 131.04326
3 2 8.11005e-01 -7.66253e-05 4.39003e-05 -4.46908e-03 7 0 131.04326
3 2 8.11005e-01 -8.42894e-05 4.82912e-05 -4.46908e-03 7 0 131.04326
3 2 8.11005e-01 -9.27199e-05 5.31212e-05 -4.46908e-03 7 0 131.04326
3 2 8.11005e-01 -1.01993e-04 5.84342e-05 -4.46908e-03 7 0 131.04326
3 2 8.11005e-01 -1.12194e-04 6.42786e-05 -4.46907e-03 7 0 131.04326
3 2 8.11005e-01 -1.23415e-04 7.07073e-05 -4.46907e-03 7 0 131.04326
3 2 8.11005e-01 -1.35759e-04 7.77790e-05 -4.46907e-03 7 0 131.04326
3 2 8.11005e-01 -1.49336e-04 8.55578e-05 -4.46907e-03 7 0 131.04326
3 2 8.11005e-01 -1.64271e-04 9.41144e-05 -4.46907e-03 7 0 131.04326
3 2 8.11005e-01 -1.80700e-04 1.03527e-04 -4.46907e-03 7 0 131.04326
3 2 8.11005e-01 -1.98771e-04 1.13880e-04 -4.46907e-03 7 0 131.04326
3 2 8.11005e-01 -2.18650e-04 1.25269e-04 -4.46907e-03 7 0 131.04326
3 2 8.11004e-01 -2.40517e-04 1.37797e-04 -4.46907e-03 7 0 131.04326
3 2 8.11004e-01 -2.64570e-04 1.51578e-04 -4.46906e-03 7 0 131.04325
3 2 8.11004e-01 -2.91028e-04 1.66736e-04 -4.46906e-03 7 0 131.04325
3 2 8.11004e-01 -3.20133e-04 1.83411e-04 -4.46906e-03 7 0 131.04325
3 2 8.11004e-01 -3.52148e-04 2.01753e-04 -4.46906e-03 7 0 131.04325
3 2 8.11004e-01 -3.87364e-04 2.21929e-04 -4.46905e-03 7 0 131.04324
3 2 8.11004e-01 -4.26102e-04 2.44123e-04 -4.46905e-03 7 0 131.04324
3 2 8.11004e-01 -4.68714e-04 2.68536e-04 -4.46904e-03 7 0 131.04323
3 2 8.11004e-01 -5.15587e-04 2.95391e-04 -4.46903e-03 7 0 131.04323
3 2 8.11004e-01 -5.67147e-04 3.24931e-04 -4.46902e-03 7 0 131.04322
3 2 8.11004e-01 -6.23863e-04 3.57425e-04 -4.46901e-03 7 0 131.04321
3 2 8.11003e-01 -6.86251e-04 3.93168e-04 -4.46900e-03 7 0 131.04320
3 2 8.11003e-01 -7.54877e-04 4.32486e-04 -4.46898e-03 7 0 131.04318
3 2 8.11003e-01 -8.30367e-04 4.75735e-04 -4.46896e-03 7 0 131.04317
3 2 8.11003e-01 -9.13405e-04 5.23310e-04 -4.46893e-03 7 0 131.04314
3 2 8.11002e-01 -1.00475e-03 5.75641e-04 -4.46891e-03 7 0 131.04312
3 2 8.11002e-01 -1.10522e-03 6.33206e-04 -4.46887e-03 7 0 131.04309
3 2 8.11001e-01 -1.21575e-03 6.96528e-04 -4.46883e-03 7 0 131.04305
3 2 8.11000e-01 -1.33732e-03 7.66182e-04 -4.46877e-03 7 0 131.04301
3 2 8.10999e-01 -1.47105e-03 8.42801e-04 -4.46871e-03 7 0 131.04295
3 2 8.10998e-01 -1.61816e-03 9.27082e-04 -4.46863e-03 7 0 131.04289
3 2 8.10997e-01 -1.77998e-03 1.01979e-03 -4.46854e-03 7 0 131.04281
3 2 8.10995e-01 -1.95797e-03 1.12177e-03 -4.46843e-03 7 0 131.04272
3 2 8.10993e-01 -2.15377e-03 1.23395e-03 -4.46829e-03 7 0 131.04260
3 2 8.10991e-01 -2.36915e-03 1.35734e-03 -4.46812e-03 7 0 131.04246
3 2 8.10988e-01 -2.60606e-03 1.49308e-03 -4.46792e-03 7 0 131.04229
3 2 8.10985e-01 -2.86666e-03 1.64239e-03 -4.46768e-03 7 0 131.04209
3 2 8.10980e-01 -3.15332e-03 1.80663e-03 -4.46739e-03 7 0 131.04184
3 2 8.10975e-01 -3.46865e-03 1.98729e-03 -4.46703e-03 7 0 131.04154
3 2 8.10969e-01 -3.81550e-03 2.18602e-03 -4.46660e-03 7 0 131.04118
3 2 8.10962e-01 -4.19704e-03 2.40463e-03 -4.46608e-03 7 0 131.04074
3 2 8.10953e-01 -4.61673e-03 2.64509e-03 -4.46545e-03 7 0 131.04021
3 2 8.10942e-01 -5.07837e-03 2.90960e-03 -4.46469e-03 7 0 131.03957
3 2 8.10929e-01 -5.58617e-03 3.20056e-03 -4.46377e-03 7 0 131.03879
3 2 8.10913e-01 -6.14474e-03 3.52062e-03 -4.46266e-03 7 0 131.03785
3 2 8.10894e-01 -6.75915e-03 3.87268e-03 -4.46131e-03 7 0 131.03671
3 2 8.10870e-01 -7.43498e-03 4.25995e-03 -4.45968e-03 7 0 131.03534
3 2 8.10842e-01 -8.17837e-03 4.68594e-03 -4.45771e-03 7 0 131.03367
3 2 8.10808e-01 -8.99605e-03 5.15454e-03 -4.45532e-03 7 0 131.03165
3 2 8.10767e-01 -9.89546e-03 5.66999e-03 -4.45243e-03 7 0 131.02920
3 2 8.10717e-01 -1.08847e-02 6.23699e-03 -4.44893e-03 7 0 131.02623
3 2 8.10656e-01 -1.19728e-02 6.86069e-03 -4.44470e-03 7 0 131.02264
3 2 8.10583e-01 -1.31696e-02 7.54676e-03 -4.43958e-03 7 0 131.01828
3 2 8.10494e-01 -1.44860e-02 8.30144e-03 -4.43339e-03 7 0 131.01299
3 2 8.10387e-01 -1.59337e-02 9.13159e-03 -4.42589e-03 7 0 131.00658
3 2 8.10257e-01 -1.75260e-02 1.00447e-02 -4.41683e-03 7 0 130.99880
3 2 8.10100e-01 -1.92770e-02 1.10492e-02 -4.40586e-03 7 0 130.98934
3 2 8.09910e-01 -2.12027e-02 1.21541e-02 -4.39258e-03 7 0 130.97784
3 2 8.09680e-01 -2.33203e-02 1.33696e-02 -4.37652e-03 7 0 130.96385
3 2 8.09402e-01 -2.56488e-02 1.47065e-02 -4.35708e-03 7 0 130.94679
3 2 8.09065e-01 -2.82089e-02 1.61772e-02 -4.33356e-03 7 0 130.92598
3 2 8.08658e-01 -3.10235e-02 1.77949e-02 -4.30511e-03 7 0 130.90054
3 2 8.08164e-01 -3.41175e-02 1.95744e-02 -4.27068e-03 7 0 130.86938
3 2 8.07567e-01 -3.75181e-02 2.15318e-02 -4.22902e-03 7 0 130.83112
3 2 8.06844e-01 -4.12551e-02 2.36850e-02 -4.17861e-03 7 0 130.78399
3 2 8.05969e-01 -4.53609e-02 2.60535e-02 -4.11762e-03 7 0 130.72576
3 2 8.04909e-01 -4.98709e-02 2.86588e-02 -4.04381e-03 7 0 130.65351
3 2 8.03626e-01 -5.48233e-02 3.15247e-02 -3.95450e-03 7 0 130.56343
3 2 8.02071e-01 -6.02595e-02 3.46772e-02 -3.84641e-03 7 0 130.45050
3 2 8.00187e-01 -6.62244e-02 3.81449e-02 -3.71559e-03 7 0 130.30800
3 2 7.97904e-01 -7.27659e-02 4.19594e-02 -3.55721e-03 7 0 130.12687
3 2 7.95137e-01 -7.99354e-02 4.61554e-02 -3.36540e-03 7 0 129.89467
3 2 7.91781e-01 -8.77874e-02 5.07709e-02 -3.13299e-03 7 0 129.59415
3 2 7.87709e-01 -9.63795e-02 5.58480e-02 -2.85115e-03 7 0 129.20110
3 2 7.82765e-01 -1.05772e-01 6.14328e-02 -2.50890e-03 7 0 128.68106
3 2 7.76759e-01 -1.16027e-01 6.75761e-02 -2.09246e-03 7 0 127.98447
3 2 7.69455e-01 -1.27210e-01 7.43337e-02 -1.58407e-03 7 0 127.03954
