1, 1, 2, -0.0645699, 6.15585
1, 2, 2, -0.0166588, 21.22348
1, 3, 2, -0.00650656, 47.64218
1, 4, 2, -0.00317959, 87.32749
1, 5, 2, -0.00178391, 141.95947
1, 6, 2, -0.00109892, 213.04994
1, 7, 2, -0.000724176, 301.98387
1, 8, 2, -0.000502162, 410.04642
1, 9, 2, -0.000362365, 538.4418
1, 10, 2, -0.000269993, 688.30674
1, 11, 2, -0.000206526, 860.72074
1, 12, 2, -0.000161488, 1056.71389
1, 13, 2, -0.000128647, 1277.27309
1, 14, 2, -0.000104138, 1523.34708
1, 15, 2, -8.54793e-05, 1795.85049
1, 16, 2, -7.10236e-05, 2095.66733
1, 17, 2, -5.96514e-05, 2423.65384
1, 18, 2, -5.05825e-05, 2780.64097
1, 19, 2, -4.3262e-05, 3167.43647
1, 20, 2, -3.72883e-05, 3584.82674
2, 1, 2, -0.165499, 4.29793
2, 2, 2, -0.0645699, 12.31169
2, 3, 2, -0.0307687, 24.64266
2, 4, 2, -0.0166588, 42.44697
2, 5, 2, -0.0100875, 65.51278
2, 6, 2, -0.00650656, 95.28436
2, 7, 2, -0.00446856, 131.04283
2, 8, 2, -0.00317959, 174.65498
2, 9, 2, -0.0023557, 224.79818
2, 10, 2, -0.00178391, 283.91893
2, 11, 2, -0.00139015, 349.94954
2, 12, 2, -0.00109892, 426.09988
2, 13, 2, -0.000887785, 509.37537
2, 14, 2, -0.000724176, 603.96773
2, 15, 2, -0.000601061, 705.72739
2, 19, 2, -0.00031236, 1218.93228
2, 22, 2, -0.000206526, 1721.44147
3, 1, 1, -0.00793632, 120.65821
3, 1, 2, -0.238878, 3.50278
3, 2, 2, -0.126512, 9.04912
3, 3, 2, -0.0645699, 18.46754
3, 4, 2, -0.0412894, 28.25277
3, 5, 2, -0.0259615, 43.05294
3, 6, 2, -0.0166588, 63.67045
3, 7, 2, -0.0124527, 81.96594
3, 8, 2, -0.00901127, 108.2486
3, 9, 2, -0.00650656, 142.92654
3, 10, 2, -0.00516728, 173.81369
3, 11, 2, -0.00407278, 212.59847
3, 14, 2, -0.00218558, 359.12799
3, 28, 2, -0.000331794, 1738.51901
4, 1, 1, -0.0228727, 64.24809
4, 1, 2, -0.272531, 3.33512
4, 2, 2, -0.165499, 8.59587
4, 3, 2, -0.108471, 14.38215
4, 4, 2, -0.0645699, 24.62339
4, 5, 2, -0.0469118, 33.44409
4, 6, 2, -0.0307687, 49.28532
4, 7, 2, -0.0248872, 59.44553
4, 8, 2, -0.0166588, 84.89393
4, 9, 2, -0.0132607, 103.5092
4, 10, 2, -0.0100875, 131.02555
4, 11, 2, -0.00832239, 154.49476
4, 12, 2, -0.00650656, 190.56872
4, 14, 2, -0.00446856, 262.08566
4, 16, 2, -0.00317959, 349.30996
4, 23, 2, -0.00125634, 761.82965
5, 1, 1, -0.0452449, 43.24648
5, 1, 2, -0.291636, 3.2512
5, 2, 2, -0.212821, 7.30087
5, 3, 2, -0.143221, 12.97702
5, 4, 2, -0.099212, 19.82109
5, 5, 2, -0.0645699, 30.77923
5, 6, 2, -0.0540506, 36.55404
5, 7, 2, -0.0376376, 51.28346
5, 8, 2, -0.0281428, 66.75763
5, 9, 2, -0.0220508, 82.95307
5, 10, 2, -0.0166588, 106.11742
5, 11, 2, -0.013996, 123.4765
5, 12, 2, -0.0116241, 144.97092
5, 13, 2, -0.00948349, 172.6947
5, 14, 2, -0.00798114, 200.14974
5, 15, 2, -0.00650656, 238.2109
5, 18, 2, -0.0042697, 340.4681
5, 20, 2, -0.00317959, 436.63745
5, 28, 2, -0.00134531, 899.28408
6, 1, 1, -0.0778383, 30.64831
6, 1, 2, -0.303205, 3.20384
6, 2, 2, -0.238878, 7.00555
6, 3, 2, -0.165499, 12.8938
6, 4, 2, -0.126512, 18.09824
6, 5, 2, -0.0942078, 25.14092
6, 6, 2, -0.0645699, 36.93508
6, 7, 2, -0.0514752, 45.95834
6, 8, 2, -0.0412894, 56.50554
6, 9, 2, -0.0307687, 73.92799
6, 10, 2, -0.0259615, 86.10589
6, 11, 2, -0.021234, 102.91834
6, 12, 2, -0.0166588, 127.3409
6, 13, 2, -0.014488, 143.79719
6, 14, 2, -0.0124527, 163.93189
6, 15, 2, -0.0100875, 196.53833
6, 16, 2, -0.00901127, 216.49719
6, 18, 2, -0.00650656, 285.85308
6, 21, 2, -0.00446856, 393.12848
6, 27, 2, -0.0023557, 674.39453
6, 34, 2, -0.00130516, 1106.8606
7, 1, 1, -0.107467, 25.39361
7, 1, 2, -0.310643, 3.17465
7, 2, 1, -0.0152503, 159.80521
7, 2, 1, -0.012559, 189.86048
7, 2, 2, -0.258183, 6.80664
7, 3, 2, -0.202455, 11.13015
7, 4, 2, -0.150858, 17.00948
7, 5, 2, -0.115809, 23.38576
7, 6, 2, -0.0885534, 31.31007
7, 7, 2, -0.0645699, 43.09093
7, 8, 2, -0.053787, 51.42193
7, 9, 2, -0.0443086, 61.73855
7, 10, 2, -0.0362806, 74.25272
7, 11, 2, -0.0291037, 90.68431
7, 12, 2, -0.0245465, 105.60038
7, 13, 2, -0.020674, 122.93469
7, 14, 2, -0.0166588, 148.56439
7, 17, 2, -0.0113295, 207.49394
7, 18, 2, -0.00970744, 236.98283
7, 19, 2, -0.00857374, 263.57611
7, 23, 2, -0.00536744, 392.70962
7, 25, 2, -0.00434014, 470.11499
7, 32, 2, -0.00229875, 803.18458
7, 65, 2, -0.000336399, 4010.31716
9, 1, 1, -0.157083, 20.7424
9, 1, 2, -0.319218, 3.14214
9, 2, 1, -0.0352959, 97.8954
9, 2, 2, -0.283347, 6.57339
9, 3, 2, -0.238878, 10.50833
9, 4, 2, -0.197064, 14.9524
9, 5, 2, -0.155105, 21.09492
9, 6, 2, -0.126512, 27.14736
9, 7, 2, -0.103173, 34.19373
9, 8, 2, -0.0844897, 42.27182
9, 9, 2, -0.0645699, 55.40262
9, 10, 2, -0.0566563, 62.90261
9, 11, 2, -0.0495085, 71.52657
9, 12, 2, -0.0412894, 84.75832
9, 14, 2, -0.0296213, 114.75956
9, 15, 2, -0.0259615, 129.15883
9, 16, 2, -0.0226004, 146.0985
9, 17, 2, -0.0199658, 162.98397
9, 18, 2, -0.0166588, 191.01135
9, 19, 2, -0.0153314, 205.34644
9, 20, 2, -0.0136721, 226.81438
9, 21, 2, -0.0124527, 245.89783
9, 22, 2, -0.0111814, 269.80916
9, 23, 2, -0.00982694, 301.51162
9, 26, 2, -0.00742546, 383.14276
9, 28, 2, -0.00612267, 451.53929
9, 32, 2, -0.0043804, 599.73579
9, 41, 2, -0.00231626, 1026.10814
9, 51, 2, -0.00130516, 1660.2909
11, 1, 1, -0.195935, 18.4414
11, 1, 2, -0.323746, 3.12545
11, 2, 1, -0.0646164, 67.54698
11, 2, 1, -0.0496148, 87.24606
11, 2, 2, -0.298094, 6.44891
11, 3, 1, -0.0179614, 218.52749
11, 3, 2, -0.263436, 10.13341
11, 4, 2, -0.226803, 14.27832
11, 5, 2, -0.193843, 18.75938
11, 6, 2, -0.157742, 25.21666
11, 7, 2, -0.13387, 31.01795
11, 8, 2, -0.113073, 37.75626
11, 9, 2, -0.096224, 45.0627
11, 10, 2, -0.0818003, 53.4169
11, 12, 2, -0.058465, 74.58758
11, 14, 2, -0.0452093, 95.21182
11, 15, 2, -0.0395514, 107.7925
11, 16, 2, -0.0352059, 119.92854
11, 17, 2, -0.0299331, 138.94514
11, 18, 2, -0.0269323, 152.76668
11, 19, 2, -0.0242138, 167.96883
11, 20, 2, -0.0216014, 185.8481
11, 21, 2, -0.0195424, 202.99127
11, 23, 2, -0.0156414, 246.64546
11, 24, 2, -0.0142631, 267.23187
11, 26, 2, -0.0120434, 309.34071
11, 28, 2, -0.00989845, 366.22936
11, 30, 2, -0.00848227, 418.00656
11, 32, 2, -0.00731094, 474.52527
11, 34, 2, -0.00621329, 545.03547
11, 39, 2, -0.0044046, 729.60568
11, 50, 2, -0.0023262, 1249.63172
11, 62, 2, -0.00132338, 2005.83368
13, 1, 1, -0.224892, 17.15015
13, 1, 2, -0.326409, 3.11578
13, 2, 1, -0.0879731, 58.54809
13, 2, 2, -0.307307, 6.37524
13, 3, 1, -0.0316183, 156.2624
13, 3, 2, -0.280064, 9.9034
13, 4, 1, -0.0108718, 399.25718
13, 4, 2, -0.249258, 13.79268
13, 5, 2, -0.218651, 18.08209
13, 6, 2, -0.191748, 22.54999
13, 7, 2, -0.159499, 29.36613
13, 8, 2, -0.139201, 34.95301
13, 9, 2, -0.120617, 41.45456
13, 10, 2, -0.104764, 48.57033
13, 11, 2, -0.096034, 53.35741
13, 12, 2, -0.0800293, 64.5602
13, 13, 2, -0.0645699, 80.02601
13, 14, 2, -0.0597083, 86.37276
13, 15, 2, -0.0527581, 97.27281
13, 16, 2, -0.048593, 105.1522
13, 17, 2, -0.0428666, 118.24444
13, 18, 2, -0.0384239, 130.82865
13, 19, 2, -0.0349557, 142.65577
13, 20, 2, -0.0301352, 163.21523
13, 21, 2, -0.0276261, 176.47716
13, 22, 2, -0.0251775, 191.73365
13, 23, 2, -0.0227997, 209.39706
13, 24, 2, -0.0209296, 225.8475
13, 25, 2, -0.0192647, 242.93163
13, 26, 2, -0.0166588, 275.90529
13, 29, 2, -0.0135473, 330.23495
13, 34, 2, -0.00936245, 453.97616
13, 36, 2, -0.00818907, 509.0841
13, 40, 2, -0.00627501, 638.74522
13, 59, 2, -0.00232961, 1475.02572
13, 121, 2, -0.000334258, 7487.39748
15, 1, 1, -0.246362, 16.35174
15, 1, 2, -0.328104, 3.10968
15, 2, 1, -0.120691, 47.78014
15, 2, 2, -0.313388, 6.32822
15, 3, 2, -0.291636, 9.75359
15, 4, 1, -0.0193954, 278.61636
15, 4, 2, -0.265876, 13.46467
15, 5, 2, -0.238878, 17.51388
15, 6, 2, -0.212821, 21.9026
15, 7, 2, -0.190305, 26.32535
15, 8, 2, -0.160729, 33.53773
15, 9, 2, -0.143221, 38.93106
15, 10, 2, -0.126512, 45.2456
15, 11, 2, -0.111823, 52.13312
15, 12, 2, -0.099212, 59.46326
15, 13, 2, -0.0874781, 67.95476
15, 14, 2, -0.0787946, 75.68315
15, 15, 2, -0.0645699, 92.3377
15, 16, 2, -0.0606067, 98.22756
15, 17, 2, -0.0546562, 108.5145
15, 19, 2, -0.045645, 128.67476
15, 20, 2, -0.0412894, 141.26386
15, 21, 2, -0.0376376, 153.85038
15, 22, 2, -0.0347867, 165.32708
15, 23, 2, -0.0302732, 187.55084
15, 24, 2, -0.0281428, 200.27288
15, 25, 2, -0.0259615, 215.26472
15, 26, 2, -0.0240893, 230.09882
15, 27, 2, -0.0220508, 248.8592
15, 28, 2, -0.0204566, 265.89589
15, 31, 2, -0.0160059, 329.65354
15, 32, 2, -0.014991, 348.99092
15, 35, 2, -0.0124527, 409.82972
15, 38, 2, -0.00997595, 496.07327
15, 41, 2, -0.00843948, 572.47852
15, 46, 2, -0.00631916, 732.6348
15, 54, 2, -0.0042697, 1021.4043
15, 68, 2, -0.00234199, 1694.34916
19, 1, 1, -0.274647, 15.45431
19, 1, 2, -0.330052, 3.10272
19, 2, 1, -0.167838, 40.04313
19, 2, 2, -0.320608, 6.27396
19, 3, 1, -0.0856701, 87.96505
19, 3, 2, -0.306035, 9.57786
19, 4, 1, -0.0407151, 181.26601
19, 4, 2, -0.287758, 13.07055
19, 5, 2, -0.267285, 16.79758
19, 6, 1, -0.00993524, 630.31005
19, 6, 2, -0.245971, 20.79104
19, 7, 2, -0.224926, 25.0618
19, 8, 2, -0.205113, 29.56101
19, 9, 2, -0.188496, 33.83736
19, 10, 2, -0.162292, 41.93169
19, 11, 2, -0.148836, 46.97441
19, 12, 2, -0.135069, 53.00117
19, 13, 2, -0.122446, 59.54171
19, 14, 2, -0.111106, 66.51226
19, 15, 2, -0.101054, 73.83545
19, 16, 2, -0.0943174, 79.51183
19, 17, 2, -0.0836991, 90.11154
19, 18, 2, -0.0772183, 97.85322
19, 19, 2, -0.0645699, 116.96109
19, 20, 2, -0.0617964, 122.09119
19, 21, 2, -0.0571805, 131.62282
19, 22, 2, -0.0523664, 143.17995
19, 23, 2, -0.0512275, 146.19709
19, 24, 2, -0.0459026, 162.13179
19, 25, 2, -0.0423572, 174.74833
19, 26, 2, -0.0392888, 187.33369
19, 27, 2, -0.0366231, 199.81844
19, 28, 2, -0.0345793, 210.54509
19, 29, 2, -0.0304436, 236.36496
19, 31, 2, -0.0270892, 262.50189
19, 32, 2, -0.0254207, 277.8362
19, 33, 2, -0.0240414, 291.97359
19, 34, 2, -0.0223129, 311.9449
19, 35, 2, -0.0210251, 328.76337
19, 37, 2, -0.0188239, 362.33073
19, 39, 2, -0.016206, 413.06658
19, 46, 2, -0.0114039, 560.03586
19, 52, 2, -0.00841474, 726.96156
19, 55, 2, -0.00739174, 811.9994
19, 58, 2, -0.00637691, 920.85719
19, 68, 2, -0.0043207, 1280.87453
19, 86, 2, -0.00234568, 2143.38173
23, 1, 1, -0.291479, 14.98687
23, 1, 2, -0.331085, 3.09905
23, 2, 1, -0.204009, 36.10439
23, 2, 2, -0.324539, 6.24511
23, 3, 1, -0.125007, 70.3354
23, 3, 2, -0.314196, 9.4831
23, 4, 1, -0.0712418, 128.41478
23, 4, 2, -0.300794, 12.85402
23, 5, 2, -0.285181, 16.39362
23, 6, 2, -0.268201, 20.13125
23, 7, 1, -0.0112541, 685.70496
23, 7, 2, -0.250616, 24.08853
23, 8, 2, -0.233068, 28.27598
23, 9, 2, -0.216099, 32.68152
23, 10, 2, -0.200306, 37.21702
23, 11, 2, -0.187448, 41.30927
23, 12, 2, -0.163206, 50.37508
23, 13, 2, -0.152527, 55.09953
23, 14, 2, -0.140939, 60.89978
23, 15, 2, -0.129979, 67.19117
23, 16, 2, -0.119871, 73.86908
23, 17, 2, -0.110642, 80.89247
23, 18, 2, -0.102289, 88.20741
23, 19, 2, -0.0950648, 95.44913
23, 20, 2, -0.0871029, 104.66526
23, 21, 2, -0.0812908, 112.40813
23, 22, 2, -0.0762817, 119.92544
23, 24, 2, -0.0625279, 146.10879
23, 25, 2, -0.0588177, 155.05225
23, 26, 2, -0.0549186, 165.62814
23, 27, 2, -0.0506623, 178.85302
23, 29, 2, -0.0460729, 195.58528
23, 30, 2, -0.0430802, 208.23705
23, 31, 2, -0.0404419, 220.79982
23, 32, 2, -0.0380777, 233.39953
23, 33, 2, -0.0360069, 245.66729
23, 34, 2, -0.0344607, 255.64887
23, 35, 2, -0.0305402, 285.30985
23, 36, 2, -0.0293089, 296.08544
23, 38, 2, -0.0264205, 324.9469
23, 39, 2, -0.0250785, 340.41431
23, 40, 2, -0.0240299, 353.58911
23, 41, 2, -0.0224827, 375.09269
23, 42, 2, -0.0214087, 391.67716
23, 43, 2, -0.0203913, 408.8575
23, 47, 2, -0.0163276, 496.77862
23, 50, 2, -0.0143801, 554.80914
23, 53, 2, -0.0131719, 598.58678
23, 60, 2, -0.00941495, 799.34903
23, 63, 2, -0.00839863, 881.44924
23, 67, 2, -0.00728925, 994.70258
23, 71, 2, -0.00623085, 1136.88882
23, 82, 2, -0.0043561, 1539.88075
23, 104, 2, -0.00234857, 2591.94086
27, 1, 1, -0.302134, 14.71252
27, 1, 2, -0.331697, 3.09689
27, 2, 1, -0.23087, 33.83204
27, 2, 2, -0.326902, 6.22799
27, 3, 2, -0.319218, 9.42642
27, 4, 1, -0.0888236, 120.38293
27, 4, 2, -0.309058, 12.72314
27, 5, 2, -0.296924, 16.14623
27, 6, 1, -0.0352959, 293.6862
27, 6, 2, -0.283347, 19.72017
27, 7, 1, -0.0212428, 462.94436
27, 7, 2, -0.268845, 23.46536
27, 8, 2, -0.253887, 27.39731
27, 9, 2, -0.238878, 31.52499
27, 10, 2, -0.224164, 35.84611
27, 11, 2, -0.21007, 40.33156
27, 12, 2, -0.197064, 44.85721
27, 13, 2, -0.186787, 48.75216
27, 14, 2, -0.163784, 58.85294
27, 15, 2, -0.155105, 63.28476
27, 16, 2, -0.145184, 68.8891
27, 17, 2, -0.135561, 74.98606
27, 18, 2, -0.126512, 81.44208
27, 19, 2, -0.118096, 88.21335
27, 20, 2, -0.110317, 95.27327
27, 21, 2, -0.103173, 102.58119
27, 22, 2, -0.096752, 109.96248
27, 24, 2, -0.0844897, 126.81547
27, 25, 2, -0.0796803, 134.68629
27, 26, 2, -0.0756785, 141.91378
27, 27, 2, -0.0645699, 166.20786
27, 28, 2, -0.0630088, 170.2407
27, 29, 2, -0.0599594, 178.66133
27, 30, 2, -0.0566563, 188.70784
27, 31, 2, -0.0532965, 200.08312
27, 33, 2, -0.0495085, 214.57971
27, 34, 2, -0.0461939, 229.03648
27, 35, 2, -0.0436027, 241.72511
27, 36, 2, -0.0412894, 254.27495
27, 37, 2, -0.0391827, 266.87483
27, 38, 2, -0.037272, 279.42078
27, 41, 2, -0.0305998, 334.34012
27, 43, 2, -0.0283927, 357.64225
27, 44, 2, -0.0271533, 372.23995
27, 45, 2, -0.0259615, 387.4765
27, 47, 2, -0.0240383, 414.95135
27, 52, 2, -0.01921, 505.81089
27, 55, 2, -0.0164069, 580.71669
27, 57, 2, -0.0153314, 616.03931
27, 59, 2, -0.0142134, 657.92073
27, 63, 2, -0.0124527, 737.6935
27, 68, 2, -0.0100497, 887.30334
27, 74, 2, -0.0083873, 1035.93931
27, 83, 2, -0.00628739, 1324.40369
27, 123, 2, -0.00231626, 3078.32442
31, 1, 1, -0.309245, 14.53778
31, 1, 2, -0.332089, 3.0955
31, 2, 1, -0.250817, 32.39958
31, 2, 2, -0.32843, 6.21702
31, 3, 1, -0.184195, 57.16524
31, 3, 2, -0.322512, 9.3899
31, 4, 1, -0.127143, 92.93241
31, 4, 2, -0.314582, 12.63827
31, 5, 1, -0.0828273, 148.61282
31, 5, 2, -0.304951, 15.98449
31, 6, 1, -0.0472965, 257.21419
31, 6, 2, -0.293965, 19.44879
31, 7, 1, -0.0337133, 351.57714
31, 7, 2, -0.281976, 23.04889
31, 8, 1, -0.0215336, 525.19349
31, 8, 2, -0.269322, 26.79973
31, 9, 1, -0.0123797, 851.31688
31, 9, 2, -0.256313, 30.71299
31, 10, 2, -0.24322, 34.79612
31, 11, 2, -0.230278, 39.05011
31, 12, 2, -0.217701, 43.46328
31, 13, 1, -0.00315172, 2722.4775
31, 13, 2, -0.205721, 47.99156
31, 14, 2, -0.194757, 52.47666
31, 15, 2, -0.186342, 56.17407
31, 16, 2, -0.164171, 67.35541
31, 17, 2, -0.156986, 71.51798
31, 18, 2, -0.14838, 76.94317
31, 19, 2, -0.139844, 82.8777
31, 20, 2, -0.131691, 89.15719
31, 21, 2, -0.124003, 95.72879
31, 22, 2, -0.116799, 102.56779
31, 23, 2, -0.110077, 109.65442
31, 24, 2, -0.103836, 116.95661
31, 25, 2, -0.0981182, 124.36728
31, 26, 2, -0.0939571, 130.26188
31, 27, 2, -0.0869179, 141.38333
31, 29, 2, -0.0785438, 156.92006
31, 30, 2, -0.0752672, 163.83355
31, 31, 2, -0.0645699, 190.83125
31, 32, 2, -0.0633408, 194.45982
31, 33, 2, -0.0607926, 202.40042
31, 34, 2, -0.0579407, 212.0371
31, 35, 2, -0.0550453, 222.74594
31, 36, 2, -0.0520297, 235.0468
31, 38, 2, -0.0491038, 248.28673
31, 39, 2, -0.0462844, 262.48615
31, 40, 2, -0.0439984, 275.21055
31, 41, 2, -0.0419382, 287.75765
31, 42, 2, -0.0400425, 300.33953
31, 43, 2, -0.0382947, 312.94346
31, 44, 2, -0.036702, 325.37806
31, 45, 2, -0.0353168, 337.01432
31, 47, 2, -0.030639, 383.42836
31, 49, 2, -0.0287954, 405.4648
31, 52, 2, -0.025628, 450.04231
31, 58, 2, -0.0203598, 551.81906
31, 63, 2, -0.0164613, 664.82766
31, 81, 2, -0.00938189, 1080.63564
31, 85, 2, -0.0083789, 1190.43078
31, 90, 2, -0.0073436, 1332.23436
31, 95, 2, -0.00632825, 1512.26444
31, 111, 2, -0.00431632, 2091.63949
39, 1, 1, -0.317791, 14.33604
39, 1, 2, -0.332544, 3.0939
39, 2, 1, -0.277232, 30.75924
39, 2, 2, -0.330216, 6.20427
39, 3, 1, -0.224892, 51.45045
39, 3, 2, -0.326409, 9.34733
39, 4, 1, -0.172948, 78.8164
39, 4, 2, -0.321228, 12.53876
39, 5, 1, -0.128418, 115.54562
39, 5, 2, -0.314808, 15.79355
39, 6, 1, -0.0879731, 175.64427
39, 6, 2, -0.307307, 19.12573
39, 7, 1, -0.066517, 232.95224
39, 7, 2, -0.298898, 22.54828
39, 8, 1, -0.0431641, 352.45836
39, 8, 2, -0.289758, 26.07296
39, 9, 1, -0.0316183, 468.7872
39, 9, 2, -0.280064, 29.7102
39, 10, 2, -0.269982, 33.46894
39, 11, 2, -0.259667, 37.35648
39, 12, 1, -0.0108718, 1197.77154
39, 12, 2, -0.249258, 41.37804
39, 13, 2, -0.238878, 45.53609
39, 14, 2, -0.228641, 49.82876
39, 15, 2, -0.218651, 54.24626
39, 16, 2, -0.209022, 58.76166
39, 17, 2, -0.199925, 63.30312
39, 18, 2, -0.191748, 67.64998
39, 19, 2, -0.185796, 70.97608
39, 20, 2, -0.164639, 84.40979
39, 21, 2, -0.159499, 88.09839
39, 22, 2, -0.152826, 93.19266
39, 23, 2, -0.145944, 98.85419
39, 24, 2, -0.139201, 104.85903
39, 25, 2, -0.132711, 111.13127
39, 26, 2, -0.126512, 117.63856
39, 27, 2, -0.120617, 124.36367
39, 28, 2, -0.115029, 131.29432
39, 29, 2, -0.109745, 138.41735
39, 30, 2, -0.104764, 145.711
39, 31, 2, -0.100101, 153.1209
39, 33, 2, -0.096034, 160.07224
39, 34, 2, -0.086808, 178.1038
39, 35, 2, -0.0833371, 185.79492
39, 36, 2, -0.0800293, 193.68061
39, 37, 2, -0.0770751, 201.23473
39, 38, 2, -0.0747579, 207.51857
39, 40, 2, -0.0637554, 243.08641
39, 41, 2, -0.0619071, 250.1719
39, 42, 2, -0.0597083, 259.11828
39, 43, 2, -0.0574224, 269.07734
39, 44, 2, -0.0551199, 279.86527
39, 45, 2, -0.0527581, 291.81842
39, 46, 2, -0.0499491, 307.36964
39, 48, 2, -0.048593, 315.45661
39, 49, 2, -0.0464106, 329.38249
39, 50, 2, -0.0445585, 342.17168
39, 52, 2, -0.0412894, 367.28603
39, 54, 2, -0.0384239, 392.48594
39, 55, 2, -0.0371338, 404.98437
39, 58, 2, -0.034259, 435.57599
39, 60, 2, -0.0301352, 489.64569
39, 62, 2, -0.0284888, 515.02866
39, 66, 2, -0.0251775, 575.20096
39, 70, 2, -0.0221786, 643.73799
39, 73, 2, -0.0203413, 694.78059
39, 75, 2, -0.0192647, 728.7949
39, 80, 2, -0.0162244, 847.03192
39, 85, 2, -0.0142975, 945.47752
39, 92, 2, -0.0121014, 1092.21574
39, 102, 2, -0.00936245, 1361.92847
39, 119, 2, -0.00638223, 1888.84119
39, 139, 2, -0.00435894, 2609.66297
39, 177, 2, -0.00232961, 4425.07717
47, 1, 1, -0.322505, 14.22839
47, 1, 2, -0.332787, 3.09304
47, 2, 1, -0.293078, 29.88942
47, 2, 2, -0.331179, 6.19744
47, 3, 1, -0.252232, 48.45722
47, 3, 2, -0.328532, 9.32443
47, 4, 1, -0.207825, 71.50664
47, 4, 2, -0.324899, 12.48499
47, 5, 1, -0.165744, 100.78046
47, 5, 2, -0.320347, 15.68974
47, 6, 1, -0.129265, 138.16677
47, 6, 2, -0.314956, 18.94888
47, 7, 1, -0.0888105, 209.58792
47, 7, 2, -0.308819, 22.27202
47, 8, 1, -0.0745569, 250.74873
47, 8, 2, -0.302033, 25.66819
47, 9, 2, -0.2947, 29.14573
47, 10, 2, -0.286921, 32.71223
47, 11, 1, -0.0303036, 587.01578
47, 11, 2, -0.278796, 36.37451
47, 12, 1, -0.0221505, 776.64774
47, 12, 2, -0.270417, 40.1385
47, 13, 2, -0.261874, 44.00918
47, 14, 2, -0.253247, 47.99037
47, 15, 2, -0.244609, 52.08445
47, 16, 1, -0.00731438, 2026.33211
47, 16, 2, -0.236028, 56.29176
47, 17, 2, -0.227565, 60.60958
47, 18, 2, -0.219279, 65.02985
47, 19, 2, -0.211236, 69.5343
47, 20, 2, -0.203522, 74.08221
47, 21, 2, -0.196293, 78.57554
47, 22, 2, -0.189922, 82.74212
47, 23, 2, -0.185477, 85.74422
47, 25, 2, -0.161057, 104.7973
47, 26, 2, -0.15573, 109.58351
47, 27, 2, -0.15004, 115.00708
47, 28, 2, -0.144347, 120.79336
47, 29, 2, -0.138779, 126.84199
47, 30, 2, -0.133388, 133.10937
47, 31, 2, -0.128196, 139.57348
47, 32, 2, -0.123213, 146.2215
47, 33, 2, -0.118441, 153.04443
47, 34, 2, -0.11388, 160.03414
47, 35, 2, -0.109527, 167.18076
47, 36, 2, -0.105383, 174.46842
47, 37, 2, -0.101455, 181.86366
47, 38, 2, -0.0977757, 189.26679
47, 39, 2, -0.0945879, 196.09578
47, 40, 2, -0.0988448, 184.58353
47, 41, 2, -0.0867353, 214.82533
47, 42, 2, -0.0838499, 222.49369
47, 43, 2, -0.0810546, 230.38956
47, 44, 2, -0.0784644, 238.15591
47, 45, 2, -0.0761919, 245.35649
47, 48, 2, -0.0639932, 291.88448
47, 49, 2, -0.0625989, 298.23935
47, 50, 2, -0.0608517, 306.57545
47, 51, 2, -0.0589824, 315.98992
47, 52, 2, -0.0570802, 326.14434
47, 53, 2, -0.0551691, 336.98533
47, 54, 2, -0.0532228, 348.75289
47, 55, 2, -0.0510893, 362.58623
47, 58, 2, -0.0482794, 382.49207
47, 59, 2, -0.0464945, 396.27636
47, 60, 2, -0.0449366, 409.12049
47, 61, 2, -0.0434995, 421.7103
47, 62, 2, -0.042149, 434.2533
47, 64, 2, -0.0396584, 459.42132
47, 65, 2, -0.0385096, 472.02782
47, 66, 2, -0.0374265, 484.55805
47, 67, 2, -0.0364177, 496.83809
47, 69, 2, -0.0347425, 518.62135
47, 74, 2, -0.0290024, 610.79186
47, 78, 2, -0.0261848, 669.35784
47, 81, 2, -0.0243068, 715.24256
47, 88, 2, -0.020329, 837.7421
47, 96, 2, -0.0163394, 1014.51953
47, 110, 2, -0.012348, 1293.53939
47, 123, 2, -0.00934964, 1643.22374
47, 155, 2, -0.00531745, 2657.76715
55, 1, 1, -0.325367, 14.16425
55, 1, 2, -0.332933, 3.09253
55, 2, 1, -0.30318, 29.37283
55, 2, 2, -0.331755, 6.19336
55, 3, 1, -0.270931, 46.69109
55, 3, 2, -0.329812, 9.31073
55, 4, 1, -0.233696, 67.23467
55, 4, 2, -0.32713, 12.45272
55, 5, 1, -0.195935, 92.20699
55, 5, 2, -0.323746, 15.62724
55, 6, 1, -0.160748, 122.92952
55, 6, 2, -0.319705, 18.84197
55, 7, 1, -0.129868, 160.79239
55, 7, 2, -0.315061, 22.10424
55, 8, 1, -0.103863, 206.52617
55, 8, 2, -0.30987, 25.42108
55, 9, 1, -0.0806733, 270.89076
55, 9, 2, -0.304193, 28.79912
55, 10, 1, -0.0646164, 337.73492
55, 10, 2, -0.298094, 32.24456
55, 11, 1, -0.0452449, 475.71125
55, 11, 2, -0.291636, 35.76317
55, 12, 1, -0.037138, 571.05805
55, 12, 2, -0.284882, 39.36023
55, 13, 2, -0.277892, 43.04052
55, 14, 2, -0.270725, 46.80826
55, 15, 2, -0.263436, 50.66705
55, 16, 1, -0.0123521, 1513.32056
55, 16, 2, -0.256075, 54.61979
55, 17, 2, -0.24869, 58.66852
55, 18, 2, -0.241323, 62.81419
55, 19, 2, -0.234015, 67.05618
55, 20, 2, -0.226803, 71.3916
55, 21, 2, -0.219725, 75.81381
55, 22, 2, -0.212821, 80.30953
55, 23, 2, -0.206142, 84.85262
55, 24, 2, -0.199766, 89.38911
55, 25, 2, -0.193843, 93.7969
55, 26, 2, -0.188729, 97.76549
55, 27, 2, -0.185262, 100.49477
55, 29, 2, -0.162089, 121.58627
55, 30, 2, -0.157742, 126.08329
55, 31, 2, -0.152951, 131.2862
55, 32, 2, -0.148065, 136.88206
55, 33, 2, -0.143221, 142.7472
55, 34, 2, -0.13848, 148.82587
55, 35, 2, -0.13387, 155.08974
55, 37, 2, -0.125091, 168.1152
55, 38, 2, -0.120931, 174.85972
55, 39, 2, -0.116925, 181.75046
55, 40, 2, -0.113073, 188.7813
55, 41, 2, -0.109373, 195.94443
55, 42, 2, -0.105825, 203.22771
55, 43, 2, -0.102433, 210.60829
55, 44, 2, -0.099212, 218.03197
55, 45, 2, -0.096224, 225.31351
55, 46, 2, -0.093993, 231.01726
55, 47, 2, -0.0887442, 245.45436
55, 48, 2, -0.0866836, 251.54742
55, 49, 2, -0.0842158, 259.19657
55, 50, 2, -0.0818003, 267.08452
55, 51, 2, -0.0795168, 274.93634
55, 52, 2, -0.0774242, 282.49589
55, 53, 2, -0.0756185, 289.31441
55, 54, 2, -0.0742809, 294.50768
55, 57, 2, -0.063057, 346.52756
55, 58, 2, -0.0616381, 354.30564
55, 59, 2, -0.0600777, 363.24457
55, 60, 2, -0.058465, 372.93788
55, 61, 2, -0.0568375, 383.22655
55, 62, 2, -0.055204, 394.1058
55, 64, 2, -0.0517915, 418.8412
55, 66, 2, -0.0540506, 402.09448
55, 67, 2, -0.0500164, 432.90884
55, 68, 2, -0.0480658, 449.47039
55, 69, 2, -0.0465543, 463.16874
55, 71, 2, -0.0439592, 488.68218
55, 72, 2, -0.0427778, 501.22956
55, 74, 2, -0.0405785, 526.35658
55, 75, 2, -0.0395514, 538.96249
55, 80, 2, -0.0352059, 599.64271
55, 84, 2, -0.0304218, 684.65578
55, 86, 2, -0.0293607, 706.90704
55, 88, 2, -0.0281428, 734.33388
55, 91, 2, -0.0263447, 779.04424
55, 93, 2, -0.0252192, 809.98653
55, 97, 2, -0.0229154, 881.94941
55, 103, 2, -0.0203204, 980.70359
55, 112, 2, -0.0164148, 1182.44406
55, 116, 2, -0.0153625, 1252.68909
55, 120, 2, -0.0142631, 1336.15934
55, 144, 2, -0.00934058, 1924.52014
55, 160, 2, -0.00731094, 2372.62634
55, 169, 2, -0.00629322, 2695.7369
55, 197, 2, -0.0043133, 3713.16796
63, 1, 1, -0.327229, 14.12297
63, 1, 2, -0.333026, 3.0922
63, 2, 1, -0.309963, 29.04101
63, 2, 2, -0.332128, 6.19074
63, 3, 1, -0.284079, 45.56093
63, 3, 2, -0.330641, 9.30188
63, 4, 1, -0.252928, 64.51715
63, 4, 2, -0.328582, 12.43186
63, 5, 2, -0.325973, 15.58676
63, 6, 2, -0.322841, 18.77254
63, 7, 1, -0.157083, 145.19679
63, 7, 2, -0.319218, 21.99497
63, 8, 2, -0.315139, 25.25962
63, 9, 1, -0.107467, 228.54252
63, 9, 2, -0.310643, 28.57182
63, 10, 1, -0.0850216, 293.97925
63, 10, 2, -0.30577, 31.93664
63, 11, 2, -0.300561, 35.35889
63, 12, 2, -0.29506, 38.84308
63, 13, 2, -0.289308, 42.3934
63, 14, 2, -0.283347, 46.01374
63, 15, 2, -0.277216, 49.7076
63, 16, 2, -0.270955, 53.47814
63, 17, 2, -0.264599, 57.32809
63, 18, 2, -0.258183, 61.25972
63, 19, 2, -0.251738, 65.27475
63, 20, 2, -0.245294, 69.37422
63, 21, 2, -0.238878, 73.5583
63, 22, 2, -0.232517, 77.82595
63, 23, 2, -0.226236, 82.17436
63, 24, 2, -0.220059, 86.59799
63, 25, 2, -0.214012, 91.08674
63, 26, 2, -0.208129, 95.62245
63, 27, 2, -0.202455, 100.17134
63, 28, 2, -0.197064, 104.66682
63, 29, 2, -0.192105, 108.96571
63, 30, 2, -0.187907, 112.73267
63, 31, 2, -0.185094, 115.2395
63, 32, 2, -0.165161, 135.76691
63, 33, 2, -0.162805, 138.44486
63, 34, 2, -0.159198, 142.67157
63, 35, 2, -0.155105, 147.66445
63, 36, 2, -0.150858, 153.08529
63, 37, 2, -0.146596, 158.78966
63, 38, 2, -0.142385, 164.70973
63, 39, 2, -0.138257, 170.81031
63, 40, 2, -0.134231, 177.07154
63, 41, 2, -0.130314, 183.48128
63, 42, 2, -0.126512, 190.03152
63, 43, 2, -0.122827, 196.71646
63, 44, 2, -0.119259, 203.53138
63, 45, 2, -0.115809, 210.47185
63, 46, 2, -0.112475, 217.53294
63, 47, 2, -0.109258, 224.70826
63, 48, 2, -0.106156, 231.9882
63, 49, 2, -0.103173, 239.35611
63, 50, 2, -0.100315, 246.77785
63, 51, 2, -0.0976086, 254.16475
63, 52, 2, -0.0951597, 261.16958
63, 54, 2, -0.0885534, 281.7906
63, 55, 2, -0.086645, 288.26984
63, 57, 2, -0.0823655, 303.77637
63, 58, 2, -0.0803318, 311.66447
63, 59, 2, -0.0784255, 319.39149
63, 60, 2, -0.076695, 326.70238
63, 61, 2, -0.0752252, 333.13879
63, 62, 2, -0.0741546, 337.89392
63, 64, 2, -0.0642394, 389.78014
63, 66, 2, -0.0622028, 402.25084
63, 67, 2, -0.0608808, 410.75101
63, 68, 2, -0.0594923, 420.04754
63, 69, 2, -0.0580781, 429.93042
63, 70, 2, -0.0566563, 440.3183
63, 71, 2, -0.05523, 451.22653
63, 73, 2, -0.0522844, 475.46334
63, 74, 2, -0.0505792, 490.66429
63, 77, 2, -0.0495085, 500.68599
63, 78, 2, -0.0479104, 516.41928
63, 79, 2, -0.0465992, 530.06015
63, 80, 2, -0.0454154, 542.98964
63, 81, 2, -0.0443086, 555.64696
63, 82, 2, -0.043258, 568.2073
63, 83, 2, -0.0422535, 580.74932
63, 85, 2, -0.0403627, 605.89507
63, 90, 2, -0.0362806, 668.27451
63, 96, 2, -0.0304981, 782.47333
63, 101, 2, -0.0280358, 844.02406
63, 104, 2, -0.0264648, 888.74236
63, 110, 2, -0.0242933, 959.08151
63, 111, 2, -0.0229462, 1009.03089
63, 115, 2, -0.0214255, 1072.11499
63, 118, 2, -0.020314, 1123.66507
63, 121, 2, -0.0193122, 1174.74656
63, 129, 2, -0.0162737, 1364.67102
63, 137, 2, -0.0143699, 1520.63466
63, 145, 2, -0.0133339, 1622.26484
63, 148, 2, -0.0122275, 1748.63345
63, 165, 2, -0.00933382, 2205.81714
63, 183, 2, -0.00733499, 2710.14737
63, 193, 2, -0.00633255, 3071.53776
63, 225, 2, -0.00434014, 4231.03489
79, 1, 1, -0.329423, 14.07484
79, 1, 2, -0.333136, 3.09182
79, 2, 1, -0.318168, 28.65467
79, 2, 2, -0.332563, 6.18767
79, 3, 1, -0.300655, 44.24902
79, 3, 2, -0.331614, 9.29155
79, 4, 1, -0.278464, 61.37763
79, 4, 2, -0.330293, 12.40745
79, 5, 1, -0.253341, 80.57797
79, 5, 2, -0.328612, 15.53929
79, 6, 1, -0.226935, 102.4143
79, 6, 2, -0.32658, 18.69096
79, 7, 1, -0.200622, 127.48689
79, 7, 2, -0.324211, 21.86625
79, 8, 2, -0.321521, 25.06887
79, 9, 1, -0.152074, 189.94802
79, 9, 2, -0.318527, 28.30242
79, 10, 2, -0.315248, 31.57042
79, 11, 1, -0.112323, 273.0059
79, 11, 2, -0.311702, 34.87623
79, 12, 2, -0.30791, 38.22311
79, 13, 1, -0.0798136, 393.37875
79, 13, 2, -0.303894, 41.61418
79, 14, 2, -0.299675, 45.0524
79, 15, 1, -0.0481781, 644.1946
79, 15, 2, -0.295274, 48.54059
79, 16, 1, -0.0442595, 697.48699
79, 16, 2, -0.290712, 52.08141
79, 17, 2, -0.286011, 55.67735
79, 18, 2, -0.281191, 59.33072
79, 19, 2, -0.276273, 63.04367
79, 20, 2, -0.271275, 66.81813
79, 21, 2, -0.266215, 70.65582
79, 22, 2, -0.261112, 74.55825
79, 23, 2, -0.255982, 78.52663
79, 24, 1, -0.0113149, 2344.34379
79, 24, 2, -0.25084, 82.56189
79, 25, 2, -0.245701, 86.66457
79, 26, 2, -0.240579, 90.83477
79, 27, 2, -0.235488, 95.07199
79, 28, 2, -0.23044, 99.37493
79, 29, 2, -0.225448, 103.74118
79, 30, 2, -0.220524, 108.16676
79, 31, 2, -0.215681, 112.64524
79, 32, 2, -0.210936, 117.16639
79, 33, 2, -0.206308, 121.71368
79, 34, 2, -0.201824, 126.25948
79, 35, 2, -0.197527, 130.75563
79, 36, 2, -0.19349, 135.11319
79, 37, 2, -0.189851, 139.15802
79, 38, 2, -0.186879, 142.53995
79, 39, 2, -0.184619, 144.85193
79, 42, 2, -0.161119, 176.05801
79, 43, 2, -0.158036, 180.65526
79, 44, 2, -0.154732, 185.75089
79, 46, 2, -0.147941, 196.82139
79, 47, 2, -0.144561, 202.6576
79, 48, 2, -0.141226, 208.6497
79, 49, 2, -0.137948, 214.78018
79, 50, 2, -0.134734, 221.03769
79, 51, 2, -0.13159, 227.41454
79, 52, 2, -0.128519, 233.90522
79, 53, 2, -0.125521, 240.50558
79, 54, 2, -0.122597, 247.21229
79, 55, 2, -0.119749, 254.02242
79, 56, 2, -0.116975, 260.93319
79, 57, 2, -0.114275, 267.94159
79, 59, 2, -0.109098, 282.23622
79, 60, 2, -0.10662, 289.51141
79, 61, 2, -0.104216, 296.85968
79, 62, 2, -0.101891, 304.26386
79, 63, 2, -0.099649, 311.69053
79, 65, 2, -0.0955317, 326.13844
79, 66, 2, -0.0940429, 331.63807
79, 67, 2, -0.0974727, 318.97794
79, 69, 2, -0.0865911, 361.71526
79, 71, 2, -0.0831636, 377.16292
79, 72, 2, -0.0815028, 385.06746
79, 74, 2, -0.0784024, 400.62696
79, 75, 2, -0.0770068, 407.99547
79, 80, 2, -0.0643568, 487.8978
79, 82, 2, -0.0629409, 498.6361
79, 84, 2, -0.0608981, 514.92678
79, 87, 2, -0.0575386, 543.99274
79, 88, 2, -0.056404, 554.51913
79, 89, 2, -0.0552663, 565.46841
79, 90, 2, -0.0541187, 576.93549
79, 92, 2, -0.0516965, 602.65808
79, 94, 2, -0.0588083, 530.34073
79, 96, 2, -0.0504415, 616.85176
79, 99, 2, -0.0466618, 663.84116
79, 103, 2, -0.0431156, 714.70375
79, 108, 2, -0.0393616, 777.58609
79, 111, 2, -0.0373868, 815.26403
79, 113, 2, -0.0362, 839.70018
79, 121, 2, -0.0303163, 986.50052
79, 126, 2, -0.0283136, 1049.05909
79, 131, 2, -0.0262275, 1123.45533
79, 136, 2, -0.0243545, 1200.12554
79, 139, 2, -0.0229824, 1263.52989
79, 148, 2, -0.020305, 1409.58802
79, 161, 2, -0.0163958, 1700.14131
79, 167, 2, -0.0152882, 1806.91553
79, 185, 2, -0.0123289, 2177.14609
79, 207, 2, -0.00932443, 2768.41203
79, 242, 2, -0.00633339, 3851.17579
95, 2, 1, -0.322726, 28.44681
95, 3, 1, -0.310195, 43.54478
95, 3, 2, -0.33214, 9.28597
95, 4, 1, -0.293844, 59.69853
95, 5, 2, -0.330052, 15.51361
95, 6, 2, -0.328631, 18.64673
95, 7, 1, -0.231688, 118.19307
95, 7, 2, -0.326969, 21.79631
95, 8, 1, -0.20968, 142.34538
95, 8, 2, -0.325071, 24.96497
95, 9, 1, -0.188236, 169.53264
95, 9, 2, -0.322948, 28.1553
95, 10, 1, -0.167838, 200.21565
95, 10, 2, -0.320608, 31.36982
95, 11, 2, -0.318062, 34.61099
95, 12, 1, -0.13137, 273.94807
95, 12, 2, -0.31532, 37.88123
95, 13, 2, -0.312393, 41.18287
95, 14, 1, -0.0888179, 423.59821
95, 14, 2, -0.309294, 44.51816
95, 15, 2, -0.306035, 47.88928
95, 16, 1, -0.0762051, 495.79159
95, 16, 2, -0.302627, 51.29833
95, 17, 2, -0.299083, 54.74732
95, 18, 1, -0.0482636, 773.37317
95, 18, 2, -0.295415, 58.23818
95, 19, 1, -0.0452449, 821.68307
95, 19, 2, -0.291636, 61.77274
95, 20, 2, -0.287758, 65.35274
95, 21, 2, -0.283792, 68.97981
95, 22, 2, -0.279751, 72.6555
95, 23, 1, -0.0273178, 1301.98592
95, 23, 2, -0.275646, 76.38121
95, 24, 1, -0.0226131, 1541.38671
95, 24, 2, -0.271486, 80.15828
95, 25, 2, -0.267285, 83.98788
95, 26, 2, -0.26305, 87.87107
95, 27, 2, -0.258792, 91.80875
95, 28, 2, -0.254521, 95.80168
95, 29, 2, -0.250244, 99.85038
95, 30, 2, -0.245971, 103.9552
95, 31, 2, -0.241709, 108.11618
95, 32, 2, -0.237467, 112.33305
95, 33, 2, -0.23325, 116.6051
95, 34, 2, -0.229068, 120.93109
95, 35, 2, -0.224926, 125.309
95, 36, 2, -0.220832, 129.73585
95, 37, 2, -0.216795, 134.20718
95, 38, 2, -0.212821, 138.71646
95, 40, 2, -0.205113, 147.80506
95, 41, 2, -0.201408, 152.347
95, 42, 2, -0.197836, 156.84335
95, 43, 2, -0.194438, 161.2333
95, 44, 2, -0.191283, 165.41106
95, 46, 2, -0.186283, 172.22834
95, 48, 2, -0.165349, 204.40844
95, 49, 2, -0.164223, 206.32313
95, 50, 2, -0.162292, 209.65843
95, 51, 2, -0.159893, 213.89172
95, 52, 2, -0.15725, 218.68273
95, 53, 2, -0.154484, 223.83994
95, 54, 2, -0.151666, 229.25683
95, 55, 2, -0.148836, 234.87205
95, 56, 2, -0.146016, 240.64865
95, 57, 2, -0.143221, 246.56335
95, 58, 2, -0.140461, 252.60087
95, 59, 2, -0.137743, 258.75081
95, 60, 2, -0.135069, 265.00584
95, 61, 2, -0.132444, 271.36062
95, 62, 2, -0.129868, 277.81115
95, 63, 2, -0.127342, 284.35429
95, 64, 2, -0.124868, 290.98748
95, 65, 2, -0.122446, 297.70855
95, 66, 2, -0.120075, 304.5155
95, 67, 2, -0.117756, 311.4064
95, 68, 2, -0.115488, 318.37925
95, 69, 2, -0.113272, 325.43178
95, 70, 2, -0.111106, 332.56132
95, 71, 2, -0.108992, 339.7644
95, 72, 2, -0.106929, 347.03638
95, 73, 2, -0.104917, 354.37056
95, 74, 2, -0.102958, 361.7566
95, 75, 2, -0.101054, 369.17727
95, 76, 2, -0.099212, 376.60067
95, 77, 2, -0.0974441, 383.95892
95, 78, 2, -0.0957874, 391.07376
95, 80, 2, -0.0943174, 397.55913
95, 83, 2, -0.0865553, 435.16112
95, 84, 2, -0.0851261, 442.74911
95, 85, 2, -0.0836991, 450.55772
95, 86, 2, -0.0822997, 458.45209
95, 88, 2, -0.0796329, 474.18415
95, 89, 2, -0.078387, 481.86237
95, 90, 2, -0.0772183, 489.26612
95, 92, 2, -0.0752115, 502.44347
95, 96, 2, -0.0644215, 586.135
95, 98, 2, -0.063386, 595.51007
95, 100, 2, -0.0617964, 610.45594
95, 102, 2, -0.0599937, 628.27491
95, 104, 2, -0.058123, 647.82525
95, 106, 2, -0.0562366, 668.73359
95, 108, 2, -0.0543375, 691.11324
95, 110, 2, -0.0523664, 715.89974
95, 111, 2, -0.0512867, 730.21134
95, 112, 2, -0.050023, 747.67509
95, 119, 2, -0.0467036, 797.62072
95, 125, 2, -0.0423572, 873.74167
95, 128, 2, -0.0404682, 911.45152
95, 130, 2, -0.0392888, 936.66845
95, 138, 2, -0.0352779, 1033.82225
95, 145, 2, -0.0304436, 1181.82479
95, 151, 2, -0.0284979, 1254.19696
95, 164, 2, -0.0242361, 1449.45271
95, 174, 2, -0.0212761, 1626.69259
95, 194, 2, -0.016345, 2050.00647
95, 201, 2, -0.0152596, 2176.41987
95, 222, 2, -0.0123999, 2605.14746
95, 249, 2, -0.00931821, 3331.00748
95, 276, 2, -0.00733219, 4088.05863
95, 313, 2, -0.00533035, 5361.05745
111, 1, 1, -0.331332, 14.03337
111, 1, 2, -0.33323, 3.09149
111, 2, 1, -0.325507, 28.32227
111, 2, 2, -0.33294, 6.18502
111, 3, 1, -0.316135, 43.12333
111, 3, 2, -0.332457, 9.28262
111, 4, 1, -0.303683, 58.69557
111, 4, 2, -0.331783, 12.38633
111, 5, 2, -0.330921, 15.49816
111, 6, 1, -0.271891, 93.21135
111, 6, 2, -0.329874, 18.62012
111, 7, 1, -0.253809, 112.70074
111, 7, 2, -0.328645, 21.75417
111, 8, 2, -0.327239, 24.90229
111, 9, 1, -0.21619, 157.58278
111, 9, 2, -0.325659, 28.0664
111, 10, 2, -0.323913, 31.24839
111, 11, 2, -0.322004, 34.45015
111, 12, 2, -0.31994, 37.67349
111, 13, 2, -0.317726, 40.92022
111, 14, 2, -0.315371, 44.19207
111, 15, 2, -0.31288, 47.49076
111, 16, 2, -0.310261, 50.81794
111, 17, 1, -0.088203, 498.5501
111, 17, 2, -0.307522, 54.17523
111, 18, 2, -0.30467, 57.56418
111, 19, 2, -0.301714, 60.9863
111, 20, 2, -0.298659, 64.44305
111, 21, 2, -0.295516, 67.93582
111, 22, 2, -0.29229, 71.46595
111, 23, 2, -0.288991, 75.03472
111, 24, 2, -0.285625, 78.64335
111, 25, 2, -0.282199, 82.293
111, 26, 2, -0.278721, 85.98474
111, 27, 2, -0.275198, 89.7196
111, 29, 2, -0.268044, 97.32238
111, 30, 2, -0.264426, 101.19195
111, 31, 2, -0.260789, 105.10793
111, 32, 2, -0.257139, 109.0709
111, 34, 2, -0.24982, 117.13965
111, 35, 2, -0.246163, 121.24599
111, 36, 2, -0.242514, 125.4004
111, 37, 2, -0.238878, 129.60273
111, 38, 2, -0.23526, 133.85254
111, 39, 2, -0.231663, 138.14909
111, 40, 2, -0.228094, 142.49126
111, 41, 2, -0.224555, 146.87738
111, 42, 2, -0.221052, 151.30512
111, 43, 2, -0.21759, 155.77122
111, 44, 2, -0.214174, 160.27114
111, 45, 2, -0.210809, 164.79853
111, 46, 2, -0.207505, 169.34442
111, 47, 2, -0.204268, 173.89593
111, 48, 2, -0.201113, 178.43412
111, 49, 2, -0.198057, 182.93049
111, 50, 2, -0.195125, 187.34076
111, 51, 2, -0.192357, 191.59404
111, 52, 2, -0.18982, 195.5738
111, 53, 2, -0.187618, 199.08757
111, 56, 2, -0.165389, 238.75582
111, 58, 2, -0.163057, 243.41626
111, 59, 2, -0.161145, 247.31888
111, 60, 2, -0.158985, 251.82248
111, 61, 2, -0.156684, 256.73214
111, 62, 2, -0.154308, 261.93043
111, 63, 2, -0.151896, 267.34596
111, 64, 2, -0.149473, 272.93409
111, 65, 2, -0.147055, 278.66591
111, 66, 2, -0.144652, 284.52211
111, 67, 2, -0.142272, 290.48937
111, 68, 2, -0.139919, 296.55825
111, 69, 2, -0.137597, 302.72187
111, 70, 2, -0.135308, 308.97512
111, 71, 2, -0.133054, 315.31408
111, 72, 2, -0.130836, 321.73568
111, 73, 2, -0.128655, 328.23748
111, 74, 2, -0.126512, 334.81743
111, 75, 2, -0.124406, 341.47381
111, 76, 2, -0.122338, 348.20505
111, 77, 2, -0.120308, 355.00973
111, 78, 2, -0.118315, 361.88642
111, 79, 2, -0.116361, 368.83368
111, 80, 2, -0.114444, 375.84993
111, 81, 2, -0.112564, 382.93338
111, 82, 2, -0.110722, 390.08187
111, 83, 2, -0.108917, 397.29271
111, 84, 2, -0.107149, 404.56238
111, 85, 2, -0.10542, 411.88608
111, 86, 2, -0.103728, 419.25692
111, 87, 2, -0.102076, 426.66442
111, 88, 2, -0.100466, 434.09162
111, 89, 2, -0.0989035, 441.5085
111, 90, 2, -0.0973976, 448.85559
111, 91, 2, -0.0959731, 455.99427
111, 93, 2, -0.093952, 466.44948
111, 97, 2, -0.0865298, 508.6072
111, 98, 2, -0.0853071, 516.18026
111, 99, 2, -0.0840828, 523.96066
111, 102, 2, -0.0805462, 547.62825
111, 103, 2, -0.0794377, 555.43535
111, 104, 2, -0.0783761, 563.09776
111, 105, 2, -0.0773711, 570.52524
111, 109, 2, -0.0742716, 594.44172
111, 113, 2, -0.0641486, 687.70801
111, 115, 2, -0.0630803, 699.10325
111, 117, 2, -0.0616789, 714.59279
111, 119, 2, -0.0601352, 732.41397
111, 121, 2, -0.0585382, 751.74824
111, 124, 2, -0.0561174, 782.95596
111, 126, 2, -0.0544928, 805.31162
111, 135, 2, -0.05029, 869.18863
111, 136, 2, -0.049167, 887.94659
111, 139, 2, -0.0467334, 931.39942
111, 141, 2, -0.0453846, 957.30308
111, 144, 2, -0.0435371, 995.15318
111, 146, 2, -0.0423868, 1020.2379
111, 148, 2, -0.0412894, 1045.35255
111, 150, 2, -0.0402403, 1070.52981
111, 152, 2, -0.0392371, 1095.75076
111, 156, 2, -0.03737, 1145.96976
111, 161, 2, -0.0353616, 1205.33535
111, 165, 2, -0.0342753, 1239.30299
111, 170, 2, -0.0303192, 1385.9774
111, 174, 2, -0.0292316, 1432.33453
111, 180, 2, -0.0274183, 1517.07037
111, 184, 2, -0.0262456, 1577.55346
111, 191, 2, -0.024375, 1684.98973
111, 197, 2, -0.0226722, 1796.82947
111, 203, 2, -0.0213424, 1895.45273
111, 208, 2, -0.0202948, 1981.43387
111, 227, 2, -0.0163075, 2400.08062
111, 249, 2, -0.0133628, 2853.36302
111, 260, 2, -0.0123209, 3060.74149
111, 291, 2, -0.00931378, 3893.60319
111, 340, 2, -0.00633435, 5410.45263
111, 397, 2, -0.00432683, 7474.04885
127, 2, 1, -0.327323, 28.24179
127, 3, 1, -0.320068, 42.8512
127, 3, 2, -0.332662, 9.28046
127, 4, 1, -0.31031, 58.04869
127, 5, 2, -0.331486, 15.48817
127, 8, 1, -0.253955, 128.76241
127, 8, 2, -0.328656, 24.86162
127, 9, 1, -0.237597, 149.97434
127, 9, 2, -0.327437, 28.00865
127, 10, 2, -0.326086, 31.16944
127, 11, 2, -0.324606, 34.34544
127, 12, 1, -0.188733, 225.72842
127, 12, 2, -0.323001, 37.53808
127, 13, 2, -0.321274, 40.74877
127, 14, 2, -0.31943, 43.97891
127, 15, 2, -0.317474, 47.22984
127, 16, 2, -0.315409, 50.50291
127, 17, 2, -0.313241, 53.79941
127, 18, 2, -0.310974, 57.12061
127, 19, 1, -0.0887813, 566.5285
127, 19, 2, -0.308614, 60.46775
127, 20, 2, -0.306166, 63.84204
127, 21, 2, -0.303634, 67.24464
127, 22, 2, -0.301024, 70.67669
127, 23, 2, -0.298342, 74.13928
127, 24, 1, -0.0483673, 1031.78899
127, 24, 2, -0.295591, 77.63348
127, 25, 1, -0.0463321, 1074.31658
127, 25, 2, -0.292778, 81.16032
127, 26, 1, -0.0433392, 1143.43662
127, 26, 2, -0.289907, 84.72076
127, 27, 2, -0.286984, 88.31575
127, 28, 2, -0.284013, 91.94619
127, 29, 2, -0.281, 95.61293
127, 30, 2, -0.277948, 99.31679
127, 31, 2, -0.274863, 103.05852
127, 32, 1, -0.0226965, 2053.88805
127, 32, 2, -0.27175, 106.83884
127, 33, 2, -0.268612, 110.6584
127, 34, 2, -0.265454, 114.51782
127, 35, 2, -0.26228, 118.41764
127, 36, 2, -0.259095, 122.35834
127, 37, 1, -0.0123309, 3499.55914
127, 37, 2, -0.255901, 126.34033
127, 38, 2, -0.252702, 130.36394
127, 39, 2, -0.249504, 134.42941
127, 40, 2, -0.246307, 138.53688
127, 41, 2, -0.243117, 142.68638
127, 42, 2, -0.239936, 146.87779
127, 44, 2, -0.233614, 155.38507
127, 45, 2, -0.23048, 159.69976
127, 46, 2, -0.227367, 164.0539
127, 47, 2, -0.224278, 168.44611
127, 48, 2, -0.221217, 172.87451
127, 49, 2, -0.218187, 177.33662
127, 50, 2, -0.215191, 181.8291
127, 51, 2, -0.212233, 186.34749
127, 52, 2, -0.209318, 190.88579
127, 53, 2, -0.206452, 195.43579
127, 54, 2, -0.20364, 199.98617
127, 55, 2, -0.200893, 204.52097
127, 56, 2, -0.198222, 209.01729
127, 57, 2, -0.195645, 213.44141
127, 58, 2, -0.193186, 217.74259
127, 59, 2, -0.190885, 221.84271
127, 61, 2, -0.187018, 228.88953
127, 64, 2, -0.165415, 273.11222
127, 66, 2, -0.163582, 277.29188
127, 67, 2, -0.162027, 280.89726
127, 68, 2, -0.160232, 285.1312
127, 69, 2, -0.158289, 289.80439
127, 70, 2, -0.156258, 294.79413
127, 71, 2, -0.154175, 300.02179
127, 72, 2, -0.152067, 305.43624
127, 73, 2, -0.14995, 311.0035
127, 74, 2, -0.147834, 316.70035
127, 75, 2, -0.145728, 322.51056
127, 76, 2, -0.143637, 328.42248
127, 77, 2, -0.141565, 334.42756
127, 78, 2, -0.139515, 340.51943
127, 79, 2, -0.137488, 346.69321
127, 80, 2, -0.135487, 352.94511
127, 81, 2, -0.133513, 359.27215
127, 82, 2, -0.131566, 365.67192
127, 83, 2, -0.129647, 372.14243
127, 84, 2, -0.127756, 378.68202
127, 86, 2, -0.124061, 391.96287
127, 87, 2, -0.122257, 398.70171
127, 88, 2, -0.120482, 405.50468
127, 89, 2, -0.118736, 412.37071
127, 90, 2, -0.117018, 419.29868
127, 91, 2, -0.115329, 426.28745
127, 92, 2, -0.113669, 433.33571
127, 93, 2, -0.112038, 440.44198
127, 94, 2, -0.110435, 447.60449
127, 96, 2, -0.107315, 462.08902
127, 98, 2, -0.10431, 476.7631
127, 100, 2, -0.101425, 491.57686
127, 101, 2, -0.100031, 499.00524
127, 102, 2, -0.0986743, 506.41445
127, 103, 2, -0.0973629, 513.75213
127, 104, 2, -0.0961138, 520.907
127, 105, 2, -0.0949722, 527.59275
127, 110, 2, -0.0875447, 574.89349
127, 111, 2, -0.0865107, 582.05344
127, 112, 2, -0.0854424, 589.61458
127, 113, 2, -0.084371, 597.37037
127, 114, 2, -0.08331, 605.22669
127, 115, 2, -0.082267, 613.12781
127, 116, 2, -0.081247, 621.03151
127, 118, 2, -0.0792927, 636.68316
127, 120, 2, -0.0774864, 651.77766
127, 123, 2, -0.0752048, 671.74802
127, 129, 2, -0.0642444, 785.68743
127, 133, 2, -0.0622327, 810.50715
127, 136, 2, -0.0602408, 836.56184
127, 139, 2, -0.0581452, 865.72046
127, 143, 2, -0.0553201, 908.1956
127, 146, 2, -0.0531599, 943.43716
127, 162, 2, -0.0450071, 1103.8786
127, 169, 2, -0.0414462, 1191.84395
127, 174, 2, -0.0391985, 1254.83302
127, 194, 2, -0.0304152, 1581.24228
127, 199, 2, -0.0292527, 1637.7363
127, 203, 2, -0.0281959, 1692.77829
127, 210, 2, -0.0263767, 1796.93408
127, 219, 2, -0.024282, 1934.43479
127, 238, 2, -0.0202917, 2267.35678
127, 259, 2, -0.0163789, 2735.5905
127, 268, 2, -0.0153449, 2895.45837
127, 285, 2, -0.0133501, 3267.35838
127, 333, 2, -0.00931047, 4456.19903
127, 369, 2, -0.00733081, 5465.96945
157, 1, 1, -0.332318, 14.01208
157, 1, 2, -0.333279, 3.09132
157, 2, 1, -0.329374, 28.15183
157, 2, 2, -0.333133, 6.18366
157, 3, 1, -0.324553, 42.54716
157, 3, 2, -0.332892, 9.27803
157, 4, 2, -0.332554, 12.37547
157, 5, 2, -0.33212, 15.47697
157, 6, 1, -0.300269, 88.55647
157, 6, 2, -0.331592, 18.58356
157, 7, 2, -0.33097, 21.69623
157, 8, 2, -0.330255, 24.81599
157, 9, 1, -0.265438, 141.56815
157, 9, 2, -0.329449, 27.94382
157, 10, 1, -0.252512, 161.43113
157, 10, 2, -0.328552, 31.08071
157, 11, 2, -0.327567, 34.22765
157, 12, 1, -0.22592, 205.31041
157, 12, 2, -0.326495, 37.38558
157, 13, 2, -0.325338, 40.55548
157, 14, 1, -0.199469, 255.75136
157, 14, 2, -0.324098, 43.73828
157, 15, 2, -0.322777, 46.93491
157, 16, 2, -0.321376, 50.14631
157, 17, 2, -0.319899, 53.37336
157, 18, 2, -0.318347, 56.61697
157, 19, 2, -0.316723, 59.87801
157, 20, 2, -0.31503, 63.15735
157, 21, 2, -0.313269, 66.45583
157, 22, 2, -0.311444, 69.77428
157, 23, 2, -0.309557, 73.11351
157, 24, 1, -0.0882848, 704.47349
157, 24, 2, -0.307611, 76.47431
157, 25, 1, -0.0846096, 736.30592
157, 25, 2, -0.305609, 79.85747
157, 26, 2, -0.303552, 83.26375
157, 27, 2, -0.301445, 86.69387
157, 29, 2, -0.297088, 93.62854
157, 30, 2, -0.294844, 97.13445
157, 31, 2, -0.29256, 100.66698
157, 32, 2, -0.290239, 104.22676
157, 33, 2, -0.287883, 107.8144
157, 34, 2, -0.285495, 111.4305
157, 35, 2, -0.283077, 115.07562
157, 36, 2, -0.280632, 118.75032
157, 37, 2, -0.278163, 122.45512
157, 38, 2, -0.275672, 126.19052
157, 39, 1, -0.0229518, 2514.03434
157, 39, 2, -0.273161, 129.95699
157, 40, 2, -0.270633, 133.75497
157, 41, 2, -0.26809, 137.58488
157, 43, 2, -0.262969, 145.342
157, 44, 2, -0.260394, 149.26989
157, 45, 2, -0.257814, 153.23105
157, 46, 2, -0.255229, 157.22572
157, 48, 2, -0.250054, 165.31638
157, 49, 2, -0.247467, 169.4126
157, 50, 2, -0.244884, 173.54284
157, 51, 2, -0.242306, 177.70704
157, 52, 2, -0.239734, 181.90511
157, 53, 2, -0.23717, 186.13686
157, 54, 2, -0.234617, 190.40197
157, 55, 2, -0.232074, 194.70002
157, 56, 2, -0.229545, 199.03044
157, 57, 2, -0.227031, 203.39249
157, 58, 2, -0.224533, 207.78519
157, 59, 2, -0.222052, 212.20734
157, 60, 2, -0.219591, 216.65738
157, 61, 2, -0.217152, 221.13336
157, 62, 2, -0.214736, 225.63281
157, 63, 2, -0.212345, 230.15261
157, 64, 2, -0.209983, 234.68877
157, 65, 2, -0.207651, 239.23618
157, 66, 2, -0.205353, 243.78822
157, 67, 2, -0.203093, 248.33619
157, 68, 2, -0.200876, 252.86861
157, 70, 2, -0.196601, 261.81921
157, 71, 2, -0.194563, 266.18699
157, 72, 2, -0.192613, 270.43208
157, 74, 2, -0.189076, 278.29361
157, 75, 2, -0.187568, 281.70695
157, 76, 2, -0.186306, 284.57673
157, 79, 2, -0.165445, 337.54531
157, 81, 2, -0.164203, 341.03365
157, 82, 2, -0.163101, 344.16541
157, 83, 2, -0.161788, 347.94399
157, 84, 2, -0.160328, 352.2036
157, 85, 2, -0.15877, 356.82328
157, 86, 2, -0.157146, 361.71803
157, 87, 2, -0.155479, 366.82862
157, 88, 2, -0.153787, 372.11354
157, 89, 2, -0.152081, 377.54327
157, 90, 2, -0.150368, 383.0965
157, 91, 2, -0.148655, 388.75758
157, 92, 2, -0.146947, 394.5148
157, 93, 2, -0.145247, 400.3593
157, 94, 2, -0.143558, 406.28424
157, 95, 2, -0.14188, 412.28426
157, 96, 2, -0.140217, 418.35515
157, 97, 2, -0.138569, 424.49351
157, 98, 2, -0.136938, 430.69659
157, 99, 2, -0.135323, 436.96214
157, 100, 2, -0.133725, 443.28827
157, 101, 2, -0.132146, 449.67342
157, 102, 2, -0.130584, 456.11623
157, 103, 2, -0.129042, 462.61555
157, 104, 2, -0.127517, 469.17036
157, 105, 2, -0.126012, 475.77975
157, 106, 2, -0.124526, 482.44289
157, 107, 2, -0.123058, 489.15902
157, 108, 2, -0.121609, 495.92742
157, 109, 2, -0.12018, 502.74738
157, 110, 2, -0.118769, 509.6182
157, 111, 2, -0.117377, 516.53915
157, 113, 2, -0.114649, 530.52837
157, 114, 2, -0.113314, 537.59492
157, 115, 2, -0.111997, 544.70813
157, 116, 2, -0.110699, 551.8668
157, 117, 2, -0.109419, 559.06955
157, 118, 2, -0.108158, 566.3147
157, 121, 2, -0.104488, 588.28089
157, 122, 2, -0.103303, 595.66822
157, 123, 2, -0.102139, 603.0792
157, 127, 2, -0.0977086, 632.69866
157, 128, 2, -0.0966771, 639.942
157, 131, 2, -0.0941172, 658.52597
157, 141, 2, -0.0832497, 748.75259
157, 146, 2, -0.0791967, 788.05345
157, 150, 2, -0.0763904, 817.44437
157, 152, 2, -0.0752334, 830.11147
157, 159, 2, -0.0643541, 969.65894
157, 164, 2, -0.062442, 998.68967
157, 166, 2, -0.0614057, 1015.10797
157, 168, 2, -0.060311, 1033.00769
157, 170, 2, -0.0591873, 1052.00571
157, 173, 2, -0.0574809, 1082.14639
157, 175, 2, -0.0563389, 1103.24266
157, 177, 2, -0.0551936, 1125.19684
157, 180, 2, -0.0534504, 1160.25133
157, 182, 2, -0.0522345, 1185.96114
157, 191, 2, -0.0502406, 1230.53805
157, 194, 2, -0.0481291, 1281.44536
157, 196, 2, -0.0470397, 1309.33125
157, 200, 2, -0.0451272, 1361.24172
157, 204, 2, -0.0434023, 1411.62826
157, 209, 2, -0.0414161, 1474.37151
157, 212, 2, -0.0402991, 1512.12915
157, 221, 2, -0.0372606, 1625.2396
157, 228, 2, -0.0352932, 1707.85252
157, 240, 2, -0.0303894, 1956.2652
157, 246, 2, -0.0292543, 2024.50027
157, 255, 2, -0.0273326, 2151.78929
157, 260, 2, -0.0262967, 2227.44178
157, 270, 2, -0.0244004, 2381.0729
157, 287, 2, -0.0213618, 2678.80571
157, 294, 2, -0.020323, 2799.14928
157, 321, 2, -0.0163134, 3393.63124
157, 342, 2, -0.0143144, 3802.25039
157, 367, 2, -0.012389, 4308.60242
157, 381, 2, -0.0113473, 4647.52085
157, 456, 2, -0.00733669, 6752.53015
157, 481, 2, -0.0063317, 7655.33812
157, 561, 2, -0.00433544, 10553.66676
997, 1, 1, -0.3333087193, 13.990448
997, 1, 2, -0.3333321317, 3.091141
997, 2, 1, -0.3332348772, 27.980895
997, 2, 2, -0.333328527, 6.182281
997, 3, 1, -0.333111807, 41.971343
997, 3, 2, -0.333322519, 9.273422
997, 4, 1, -0.3329395087, 55.96179
997, 4, 2, -0.3333141079, 12.364562
997, 5, 1, -0.3327179823, 69.952238
997, 5, 2, -0.3333032935, 15.455703
997, 6, 1, -0.3324472279, 83.942685
997, 6, 2, -0.333290076, 18.546843
997, 7, 1, -0.3321272454, 97.933133
997, 7, 2, -0.3332744553, 21.637984
997, 8, 1, -0.3317580347, 111.92358
997, 8, 2, -0.3332564314, 24.729124
997, 9, 1, -0.3313395961, 125.914028
997, 9, 2, -0.3332360043, 27.820265
997, 10, 1, -0.3308719293, 139.904475
997, 10, 2, -0.3332131741, 30.911406
997, 11, 1, -0.3303550344, 153.894923
997, 11, 2, -0.3331879406, 34.002546
997, 12, 1, -0.3297889115, 167.88537
997, 12, 2, -0.333160304, 37.093687
997, 13, 1, -0.3291735605, 181.875818
997, 13, 2, -0.3331302642, 40.184827
997, 14, 1, -0.3285089814, 195.866265
997, 14, 2, -0.3330978212, 43.275968
997, 15, 1, -0.3277951742, 209.856713
997, 15, 2, -0.333062975, 46.367108
997, 16, 1, -0.327032139, 223.84716
997, 16, 2, -0.3330257257, 49.458249
997, 17, 1, -0.3262198757, 237.837608
997, 17, 2, -0.3329860731, 52.549389
997, 18, 1, -0.3253583842, 251.828055
997, 18, 2, -0.3329440174, 55.64053
997, 19, 1, -0.3244476647, 265.818503
997, 19, 2, -0.3328995584, 58.731671
997, 20, 1, -0.3234877172, 279.80895
997, 20, 2, -0.3328526963, 61.822811
997, 21, 1, -0.3224785415, 293.799398
997, 21, 2, -0.332803431, 64.913952
997, 22, 1, -0.3214201378, 307.789845
997, 22, 2, -0.3327517626, 68.005092
997, 23, 1, -0.320312506, 321.780293
997, 23, 2, -0.3326976909, 71.096233
997, 24, 1, -0.3191556461, 335.77074
997, 24, 2, -0.3326412161, 74.187373
997, 25, 1, -0.3179495581, 349.761188
997, 25, 2, -0.332582338, 77.278514
997, 26, 1, -0.316694242, 363.751635
997, 26, 2, -0.3325210568, 80.369654
997, 27, 1, -0.3153896979, 377.742083
997, 27, 2, -0.3324573724, 83.460795
997, 28, 1, -0.3140359256, 391.73253
997, 28, 2, -0.3323912848, 86.551936
997, 29, 1, -0.3126329253, 405.722978
997, 29, 2, -0.3323227941, 89.643076
997, 30, 1, -0.311180697, 419.713425
997, 30, 2, -0.3322519001, 92.734217
997, 31, 1, -0.3096792405, 433.703873
997, 31, 2, -0.332178603, 95.825357
997, 32, 1, -0.3081285559, 447.69432
997, 32, 2, -0.3321029026, 98.916498
997, 33, 1, -0.3065286433, 461.684768
997, 33, 2, -0.3320247991, 102.007638
997, 34, 1, -0.3048795026, 475.675215
997, 34, 2, -0.3319442924, 105.098779
997, 35, 1, -0.3031811338, 489.665663
997, 35, 2, -0.3318613825, 108.189919
997, 36, 1, -0.301433537, 503.65611
997, 36, 2, -0.3317760695, 111.28106
997, 37, 1, -0.299636712, 517.646558
997, 37, 2, -0.3316883532, 114.372201
997, 38, 1, -0.297790659, 531.637005
997, 38, 2, -0.3315982338, 117.463341
997, 39, 1, -0.2958953779, 545.627453
997, 39, 2, -0.3315057112, 120.554482
997, 40, 1, -0.2939508687, 559.617901
997, 40, 2, -0.3314107854, 123.645622
997, 41, 1, -0.2919571314, 573.608348
997, 41, 2, -0.3313134564, 126.736763
997, 42, 1, -0.289914166, 587.598796
997, 42, 2, -0.3312137242, 129.827903
997, 43, 1, -0.2878219726, 601.589243
997, 43, 2, -0.3311115888, 132.919044
997, 44, 1, -0.2856805511, 615.579691
997, 44, 2, -0.3310070503, 136.010184
997, 45, 1, -0.2834899015, 629.570138
997, 45, 2, -0.3309001086, 139.101325
997, 46, 1, -0.2812500238, 643.560586
997, 46, 2, -0.3307907636, 142.192466
997, 47, 1, -0.2789609181, 657.551033
997, 47, 2, -0.3306790155, 145.283606
997, 48, 1, -0.2766225842, 671.541481
997, 48, 2, -0.3305648643, 148.374747
997, 49, 1, -0.2742350223, 685.531928
997, 49, 2, -0.3304483098, 151.465887
997, 50, 1, -0.2717982323, 699.522376
997, 50, 2, -0.3303293521, 154.557028
997, 51, 1, -0.2693122142, 713.512823
997, 51, 2, -0.3302079913, 157.648168
