63 6 2.45448e-01 -1.59326e-03 1.00000e-03 -3.03205e-01 1 1 0 3.20384 1 1 1
63 6 2.45444e-01 -3.34584e-03 2.10000e-03 -3.03184e-01 1 1 0 3.20386 1 1 1
63 6 2.45436e-01 -5.27367e-03 3.31000e-03 -3.03145e-01 1 1 0 3.20392 1 1 1
63 6 2.45422e-01 -7.39425e-03 4.64100e-03 -3.03082e-01 1 1 0 3.20400 1 1 1
63 6 2.45402e-01 -9.72686e-03 6.10510e-03 -3.02988e-01 1 1 0 3.20412 1 1 1
63 6 2.45374e-01 -1.22927e-02 7.71561e-03 -3.02856e-01 1 1 0 3.20429 1 1 1
63 6 2.45336e-01 -1.51149e-02 9.48717e-03 -3.02674e-01 1 1 0 3.20453 1 1 1
63 6 2.45284e-01 -1.82193e-02 1.14359e-02 -3.02431e-01 1 1 0 3.20485 1 1 1
63 6 2.45216e-01 -2.16339e-02 1.35795e-02 -3.02112e-01 1 1 0 3.20527 1 1 1
63 6 2.45127e-01 -2.53897e-02 1.59374e-02 -3.01697e-01 1 1 0 3.20581 1 1 1
63 6 2.45013e-01 -2.95207e-02 1.85312e-02 -3.01165e-01 1 1 0 3.20651 1 1 1
63 6 2.44868e-01 -3.40641e-02 2.13843e-02 -3.00486e-01 1 1 0 3.20740 1 1 1
63 6 2.44685e-01 -3.90611e-02 2.45227e-02 -2.99628e-01 1 1 0 3.20853 1 1 1
63 6 2.44453e-01 -4.45566e-02 2.79750e-02 -2.98549e-01 1 1 0 3.20995 1 1 1
63 6 2.44162e-01 -5.06001e-02 3.17725e-02 -2.97198e-01 1 1 0 3.21174 1 1 1
63 6 2.43799e-01 -5.72457e-02 3.59497e-02 -2.95514e-01 1 1 0 3.21397 1 1 1
63 6 2.43346e-01 -6.45529e-02 4.05447e-02 -2.93422e-01 1 1 0 3.21675 1 1 1
63 6 2.42782e-01 -7.25868e-02 4.55992e-02 -2.90831e-01 1 1 0 3.22021 1 1 1
63 6 2.42082e-01 -8.14183e-02 5.11591e-02 -2.87631e-01 1 1 0 3.22450 1 1 1
63 6 2.41212e-01 -9.11253e-02 5.72750e-02 -2.83688e-01 1 1 0 3.22984 1 1 1
63 6 2.40133e-01 -1.01792e-01 6.40025e-02 -2.78839e-01 1 1 0 3.23645 1 1 1
63 6 2.38793e-01 -1.13512e-01 7.14028e-02 -2.72888e-01 1 1 0 3.24465 1 1 1
63 6 2.37126e-01 -1.26383e-01 7.95430e-02 -2.65597e-01 1 1 0 3.25484 1 1 1
63 6 2.35049e-01 -1.40514e-01 8.84973e-02 -2.56678e-01 1 1 0 3.26751 1 1 1
63 6 2.32449e-01 -1.56021e-01 9.83471e-02 -2.45785e-01 1 1 0 3.28330 1 1 1
63 6 2.29176e-01 -1.73026e-01 1.09182e-01 -2.32500e-01 1 1 0 3.30307 1 1 1
63 6 2.25023e-01 -1.91659e-01 1.21100e-01 -2.16323e-01 1 1 0 3.32795 1 1 1
63 6 2.19687e-01 -2.12054e-01 1.34210e-01 -1.96657e-01 1 1 0 3.35946 1 1 1
63 6 2.12708e-01 -2.34342e-01 1.48631e-01 -1.72797e-01 1 1 0 3.39979 1 1 1
63 6 2.03331e-01 -2.58650e-01 1.64494e-01 -1.43920e-01 1 1 0 3.45205 1 1 1
63 6 1.90248e-01 -2.85080e-01 1.81943e-01 -1.09084e-01 1 1 0 3.52090 1 1 1
63 6 1.71171e-01 -3.13681e-01 2.01138e-01 -6.72037e-02 1 1 0 3.61253 1 1 1
64 6 4.34623e-01 -1.58593e-03 1.00000e-03 -2.38878e-01 2 2 0 7.00555 2 2 2
64 6 4.34618e-01 -3.33045e-03 2.10000e-03 -2.38859e-01 2 2 0 7.00562 2 2 2
64 6 4.34609e-01 -5.24943e-03 3.31000e-03 -2.38822e-01 2 2 0 7.00575 2 2 2
64 6 4.34593e-01 -7.36033e-03 4.64100e-03 -2.38763e-01 2 2 0 7.00597 2 2 2
64 6 4.34570e-01 -9.68234e-03 6.10510e-03 -2.38674e-01 2 2 0 7.00628 2 2 2
64 6 4.34538e-01 -1.22366e-02 7.71561e-03 -2.38549e-01 2 2 0 7.00673 2 2 2
64 6 4.34493e-01 -1.50463e-02 9.48717e-03 -2.38378e-01 2 2 0 7.00734 2 2 2
64 6 4.34433e-01 -1.81371e-02 1.14359e-02 -2.38149e-01 2 2 0 7.00816 2 2 2
64 6 4.34355e-01 -2.15371e-02 1.35795e-02 -2.37847e-01 2 2 0 7.00924 2 2 2
64 6 4.34253e-01 -2.52772e-02 1.59374e-02 -2.37456e-01 2 2 0 7.01064 2 2 2
64 6 4.34122e-01 -2.93916e-02 1.85312e-02 -2.36954e-01 2 2 0 7.01245 2 2 2
64 6 4.33954e-01 -3.39178e-02 2.13843e-02 -2.36313e-01 2 2 0 7.01475 2 2 2
64 6 4.33743e-01 -3.88972e-02 2.45227e-02 -2.35504e-01 2 2 0 7.01767 2 2 2
64 6 4.33476e-01 -4.43751e-02 2.79750e-02 -2.34485e-01 2 2 0 7.02135 2 2 2
64 6 4.33142e-01 -5.04018e-02 3.17725e-02 -2.33210e-01 2 2 0 7.02597 2 2 2
64 6 4.32724e-01 -5.70326e-02 3.59497e-02 -2.31620e-01 2 2 0 7.03176 2 2 2
64 6 4.32204e-01 -6.43282e-02 4.05447e-02 -2.29645e-01 2 2 0 7.03899 2 2 2
64 6 4.31558e-01 -7.23560e-02 4.55992e-02 -2.27198e-01 2 2 0 7.04801 2 2 2
64 6 4.30756e-01 -8.11901e-02 5.11591e-02 -2.24176e-01 2 2 0 7.05925 2 2 2
64 6 4.29762e-01 -9.09126e-02 5.72750e-02 -2.20451e-01 2 2 0 7.07324 2 2 2
64 6 4.28531e-01 -1.01614e-01 6.40025e-02 -2.15869e-01 2 2 0 7.09067 2 2 2
64 6 4.27005e-01 -1.13395e-01 7.14028e-02 -2.10246e-01 2 2 0 7.11243 2 2 2
64 6 4.25109e-01 -1.26367e-01 7.95430e-02 -2.03355e-01 2 2 0 7.13962 2 2 2
64 6 4.22744e-01 -1.40654e-01 8.84973e-02 -1.94926e-01 2 2 0 7.17371 2 2 2
64 6 4.19774e-01 -1.56392e-01 9.83471e-02 -1.84638e-01 2 2 0 7.21659 2 2 2
64 6 4.15999e-01 -1.73729e-01 1.09182e-01 -1.72112e-01 2 2 0 7.27073 2 2 2
64 6 4.11104e-01 -1.92823e-01 1.21100e-01 -1.56914e-01 2 2 0 7.33921 2 2 2
64 6 4.04562e-01 -2.13823e-01 1.34210e-01 -1.38576e-01 2 2 0 7.42553 2 2 2
64 6 3.95436e-01 -2.36832e-01 1.48631e-01 -1.16648e-01 2 2 0 7.53243 2 2 2
64 6 3.82113e-01 -2.61846e-01 1.64494e-01 -9.07553e-02 2 2 0 7.65874 2 2 2
65 6 5.79358e-01 -1.58100e-03 1.00000e-03 -1.65499e-01 3 3 0 12.89380 3 3 3
65 6 5.79342e-01 -3.32009e-03 2.10000e-03 -1.65487e-01 3 3 0 12.89382 3 3 3
65 6 5.79312e-01 -5.23308e-03 3.31000e-03 -1.65464e-01 3 3 0 12.89385 3 3 3
65 6 5.79264e-01 -7.33734e-03 4.64100e-03 -1.65425e-01 3 3 0 12.89391 3 3 3
65 6 5.79192e-01 -9.65198e-03 6.10510e-03 -1.65369e-01 3 3 0 12.89400 3 3 3
65 6 5.79090e-01 -1.21980e-02 7.71561e-03 -1.65289e-01 3 3 0 12.89412 3 3 3
65 6 5.78950e-01 -1.49986e-02 9.48717e-03 -1.65179e-01 3 3 0 12.89429 3 3 3
65 6 5.78764e-01 -1.80790e-02 1.14359e-02 -1.65032e-01 3 3 0 12.89451 3 3 3
65 6 5.78518e-01 -2.14673e-02 1.35795e-02 -1.64839e-01 3 3 0 12.89480 3 3 3
65 6 5.78199e-01 -2.51941e-02 1.59374e-02 -1.64589e-01 3 3 0 12.89518 3 3 3
65 6 5.77790e-01 -2.92931e-02 1.85312e-02 -1.64267e-01 3 3 0 12.89566 3 3 3
65 6 5.77267e-01 -3.38014e-02 2.13843e-02 -1.63857e-01 3 3 0 12.89627 3 3 3
65 6 5.76606e-01 -3.87596e-02 2.45227e-02 -1.63338e-01 3 3 0 12.89704 3 3 3
65 6 5.75773e-01 -4.42125e-02 2.79750e-02 -1.62686e-01 3 3 0 12.89799 3 3 3
65 6 5.74729e-01 -5.02089e-02 3.17725e-02 -1.61869e-01 3 3 0 12.89917 3 3 3
65 6 5.73425e-01 -5.68026e-02 3.59497e-02 -1.60850e-01 3 3 0 12.90062 3 3 3
65 6 5.71802e-01 -6.40525e-02 4.05447e-02 -1.59584e-01 3 3 0 12.90239 3 3 3
65 6 5.69786e-01 -7.20229e-02 4.55992e-02 -1.58015e-01 3 3 0 12.90451 3 3 3
65 6 5.67286e-01 -8.07844e-02 5.11591e-02 -1.56077e-01 3 3 0 12.90705 3 3 3
65 6 5.64193e-01 -9.04137e-02 5.72750e-02 -1.53687e-01 3 3 0 12.91004 3 3 3
65 6 5.60369e-01 -1.00995e-01 6.40025e-02 -1.50745e-01 3 3 0 12.91350 3 3 3
65 6 5.55643e-01 -1.12618e-01 7.14028e-02 -1.47131e-01 3 3 0 12.91742 3 3 3
65 6 5.49805e-01 -1.25383e-01 7.95430e-02 -1.42695e-01 3 3 0 12.92171 3 3 3
65 6 5.42588e-01 -1.39395e-01 8.84973e-02 -1.37258e-01 3 3 0 12.92616 3 3 3
65 6 5.33661e-01 -1.54769e-01 9.83471e-02 -1.30599e-01 3 3 0 12.93035 3 3 3
65 6 5.22600e-01 -1.71625e-01 1.09182e-01 -1.22447e-01 3 3 0 12.93349 3 3 3
66 6 6.43141e-01 -1.59734e-03 1.00000e-03 -1.26512e-01 4 4 0 18.09824 4 4 4
66 6 6.43123e-01 -3.35442e-03 2.10000e-03 -1.26502e-01 4 4 0 18.09832 4 4 4
66 6 6.43088e-01 -5.28722e-03 3.31000e-03 -1.26483e-01 4 4 0 18.09847 4 4 4
66 6 6.43032e-01 -7.41332e-03 4.64100e-03 -1.26453e-01 4 4 0 18.09870 4 4 4
66 6 6.42949e-01 -9.75207e-03 6.10510e-03 -1.26408e-01 4 4 0 18.09906 4 4 4
66 6 6.42831e-01 -1.23248e-02 7.71561e-03 -1.26344e-01 4 4 0 18.09956 4 4 4
66 6 6.42669e-01 -1.51548e-02 9.48717e-03 -1.26257e-01 4 4 0 18.10026 4 4 4
66 6 6.42453e-01 -1.82680e-02 1.14359e-02 -1.26140e-01 4 4 0 18.10118 4 4 4
66 6 6.42169e-01 -2.16926e-02 1.35795e-02 -1.25986e-01 4 4 0 18.10239 4 4 4
66 6 6.41799e-01 -2.54600e-02 1.59374e-02 -1.25786e-01 4 4 0 18.10397 4 4 4
66 6 6.41324e-01 -2.96046e-02 1.85312e-02 -1.25530e-01 4 4 0 18.10600 4 4 4
66 6 6.40718e-01 -3.41642e-02 2.13843e-02 -1.25203e-01 4 4 0 18.10858 4 4 4
66 6 6.39951e-01 -3.91805e-02 2.45227e-02 -1.24790e-01 4 4 0 18.11186 4 4 4
66 6 6.38985e-01 -4.46995e-02 2.79750e-02 -1.24270e-01 4 4 0 18.11598 4 4 4
66 6 6.37773e-01 -5.07720e-02 3.17725e-02 -1.23620e-01 4 4 0 18.12114 4 4 4
66 6 6.36258e-01 -5.74539e-02 3.59497e-02 -1.22809e-01 4 4 0 18.12760 4 4 4
66 6 6.34371e-01 -6.48070e-02 4.05447e-02 -1.21801e-01 4 4 0 18.13563 4 4 4
66 6 6.32024e-01 -7.28996e-02 4.55992e-02 -1.20552e-01 4 4 0 18.14561 4 4 4
66 6 6.29112e-01 -8.18075e-02 5.11591e-02 -1.19010e-01 4 4 0 18.15799 4 4 4
66 6 6.25501e-01 -9.16145e-02 5.72750e-02 -1.17109e-01 4 4 0 18.17333 4 4 4
66 6 6.21028e-01 -1.02414e-01 6.40025e-02 -1.14770e-01 4 4 0 18.19232 4 4 4
66 6 6.15486e-01 -1.14311e-01 7.14028e-02 -1.11896e-01 4 4 0 18.21584 4 4 4
66 6 6.08617e-01 -1.27423e-01 7.95430e-02 -1.08372e-01 4 4 0 18.24501 4 4 4
66 6 6.00090e-01 -1.41882e-01 8.84973e-02 -1.04055e-01 4 4 0 18.28130 4 4 4
66 6 5.89484e-01 -1.57841e-01 9.83471e-02 -9.87702e-02 4 4 0 18.32664 4 4 4
66 6 5.76248e-01 -1.75478e-01 1.09182e-01 -9.23029e-02 4 4 0 18.38369 4 4 4
66 6 5.59660e-01 -1.95000e-01 1.21100e-01 -8.43853e-02 4 4 0 18.45614 4 4 4
66 6 5.38752e-01 -2.16654e-01 1.34210e-01 -7.46754e-02 4 4 0 18.54906 4 4 4
66 6 5.12225e-01 -2.40724e-01 1.48631e-01 -6.27164e-02 4 4 0 18.66849 4 4 4
67 6 6.91544e-01 -2.77124e-03 1.00000e-03 -9.42078e-02 5 5 0 25.14092 1 5 5
67 6 6.91519e-01 -5.81945e-03 2.10000e-03 -9.41948e-02 5 5 0 25.14110 1 5 5
67 6 6.91472e-01 -9.17210e-03 3.31000e-03 -9.41699e-02 5 5 0 25.14146 1 5 5
67 6 6.91395e-01 -1.28593e-02 4.64100e-03 -9.41296e-02 5 5 0 25.14204 1 5 5
67 6 6.91280e-01 -1.69141e-02 6.10510e-03 -9.40697e-02 5 5 0 25.14290 1 5 5
67 6 6.91118e-01 -2.13724e-02 7.71561e-03 -9.39849e-02 5 5 0 25.14411 1 5 5
67 6 6.90897e-01 -2.62737e-02 9.48717e-03 -9.38689e-02 5 5 0 25.14577 1 5 5
67 6 6.90600e-01 -3.16608e-02 1.14359e-02 -9.37138e-02 5 5 0 25.14800 1 5 5
67 6 6.90211e-01 -3.75805e-02 1.35795e-02 -9.35098e-02 5 5 0 25.15092 1 5 5
67 6 6.89705e-01 -4.40833e-02 1.59374e-02 -9.32450e-02 5 5 0 25.15472 1 5 5
67 6 6.89056e-01 -5.12241e-02 1.85312e-02 -9.29050e-02 5 5 0 25.15960 1 5 5
67 6 6.88230e-01 -5.90620e-02 2.13843e-02 -9.24721e-02 5 5 0 25.16581 1 5 5
67 6 6.87187e-01 -6.76602e-02 2.45227e-02 -9.19247e-02 5 5 0 25.17368 1 5 5
67 6 6.85876e-01 -7.70867e-02 2.79750e-02 -9.12365e-02 5 5 0 25.18357 1 5 5
67 6 6.84237e-01 -8.74136e-02 3.17725e-02 -9.03754e-02 5 5 0 25.19598 1 5 5
67 6 6.82197e-01 -9.87177e-02 3.59497e-02 -8.93025e-02 5 5 0 25.21146 1 5 5
67 6 6.79668e-01 -1.11080e-01 4.05447e-02 -8.79705e-02 5 5 0 25.23074 1 5 5
67 6 6.76542e-01 -1.24588e-01 4.55992e-02 -8.63214e-02 5 5 0 25.25469 1 5 5
67 6 6.72688e-01 -1.39335e-01 5.11591e-02 -8.42851e-02 5 5 0 25.28444 1 5 5
67 6 6.67948e-01 -1.55425e-01 5.72750e-02 -8.17752e-02 5 5 0 25.32137 1 5 5
67 6 6.62125e-01 -1.72978e-01 6.40025e-02 -7.86861e-02 5 5 0 25.36730 1 5 5
67 6 6.54973e-01 -1.92144e-01 7.14028e-02 -7.48872e-02 5 5 0 25.42462 1 5 5
67 6 6.46175e-01 -2.13120e-01 7.95430e-02 -7.02169e-02 5 5 0 25.49645 1 5 5
67 6 6.35308e-01 -2.36176e-01 8.84973e-02 -6.44770e-02 5 5 0 25.58675 1 5 5
67 6 6.21781e-01 -2.61656e-01 9.83471e-02 -5.74346e-02 5 5 0 25.69962 1 5 5
67 6 6.04760e-01 -2.89871e-01 1.09182e-01 -4.88503e-02 5 5 0 25.83588 1 5 5
67 6 5.83133e-01 -3.20740e-01 1.21100e-01 -3.85480e-02 5 5 0 25.98429 1 5 5
68 6 7.14772e-01 8.98001e-03 1.00000e-03 -7.78383e-02 1 1 1 30.64831 1 1 7
68 6 7.14633e-01 1.88656e-02 2.10000e-03 -7.77829e-02 1 1 1 30.65350 1 1 7
68 6 7.14366e-01 2.97592e-02 3.31000e-03 -7.76763e-02 1 1 1 30.66354 1 1 7
68 6 7.13932e-01 4.17797e-02 4.64100e-03 -7.75031e-02 1 1 1 30.67994 1 1 7
68 6 7.13284e-01 5.50685e-02 6.10510e-03 -7.72436e-02 1 1 1 30.70475 1 1 7
68 6 7.12359e-01 6.97981e-02 7.71561e-03 -7.68722e-02 1 1 1 30.74076 1 1 7
68 6 7.11076e-01 8.61868e-02 9.48717e-03 -7.63549e-02 1 1 1 30.79191 1 1 7
68 6 7.09326e-01 1.04526e-01 1.14359e-02 -7.56452e-02 1 1 1 30.86402 1 1 7
68 6 7.06956e-01 1.25233e-01 1.35795e-02 -7.46764e-02 1 1 1 30.96616 1 1 7
68 6 7.03735e-01 1.48973e-01 1.59374e-02 -7.33451e-02 1 1 1 31.11388 1 1 7
68 6 6.99267e-01 1.76982e-01 1.85312e-02 -7.14682e-02 1 1 1 31.33749 1 1 7
68 6 6.92661e-01 2.12278e-01 2.13843e-02 -6.86262e-02 1 1 1 31.71360 1 1 7
68 6 6.79175e-01 2.72611e-01 2.45227e-02 -6.25291e-02 3 1 1 32.69968 1 1 7
69 6 7.33154e-01 -1.28947e-03 1.00000e-03 -6.45699e-02 6 6 0 36.93508 6 6 6
69 6 7.33136e-01 -2.70790e-03 2.10000e-03 -6.45634e-02 6 6 0 36.93499 6 6 6
69 6 7.33101e-01 -4.26819e-03 3.31000e-03 -6.45510e-02 6 6 0 36.93482 6 6 6
69 6 7.33044e-01 -5.98456e-03 4.64100e-03 -6.45309e-02 6 6 0 36.93454 6 6 6
69 6 7.32960e-01 -7.87264e-03 6.10510e-03 -6.45011e-02 6 6 0 36.93413 6 6 6
69 6 7.32840e-01 -9.94965e-03 7.71561e-03 -6.44589e-02 6 6 0 36.93354 6 6 6
69 6 7.32676e-01 -1.22346e-02 9.48717e-03 -6.44012e-02 6 6 0 36.93274 6 6 6
69 6 7.32457e-01 -1.47482e-02 1.14359e-02 -6.43239e-02 6 6 0 36.93166 6 6 6
69 6 7.32169e-01 -1.75137e-02 1.35795e-02 -6.42223e-02 6 6 0 36.93023 6 6 6
69 6 7.31795e-01 -2.05562e-02 1.59374e-02 -6.40904e-02 6 6 0 36.92837 6 6 6
69 6 7.31313e-01 -2.39039e-02 1.85312e-02 -6.39209e-02 6 6 0 36.92596 6 6 6
69 6 7.30700e-01 -2.75874e-02 2.13843e-02 -6.37050e-02 6 6 0 36.92286 6 6 6
69 6 7.29923e-01 -3.16410e-02 2.45227e-02 -6.34319e-02 6 6 0 36.91890 6 6 6
69 6 7.28945e-01 -3.61022e-02 2.79750e-02 -6.30882e-02 6 6 0 36.91384 6 6 6
69 6 7.27718e-01 -4.10126e-02 3.17725e-02 -6.26579e-02 6 6 0 36.90740 6 6 6
69 6 7.26186e-01 -4.64184e-02 3.59497e-02 -6.21211e-02 6 6 0 36.89918 6 6 6
69 6 7.24277e-01 -5.23708e-02 4.05447e-02 -6.14540e-02 6 6 0 36.88869 6 6 6
69 6 7.21905e-01 -5.89265e-02 4.55992e-02 -6.06272e-02 6 6 0 36.87527 6 6 6
69 6 7.18964e-01 -6.61491e-02 5.11591e-02 -5.96049e-02 6 6 0 36.85800 6 6 6
69 6 7.15320e-01 -7.41093e-02 5.72750e-02 -5.83437e-02 6 6 0 36.83569 6 6 6
69 6 7.10811e-01 -8.28865e-02 6.40025e-02 -5.67902e-02 6 6 0 36.80664 6 6 6
69 6 7.05234e-01 -9.25704e-02 7.14028e-02 -5.48793e-02 6 6 0 36.76850 6 6 6
69 6 6.98334e-01 -1.03262e-01 7.95430e-02 -5.25312e-02 6 6 0 36.71792 6 6 6
70 6 7.50804e-01 -5.75100e-04 1.00000e-03 -5.14752e-02 7 7 0 45.95834 3 7 7
70 6 7.50786e-01 -1.20771e-03 2.10000e-03 -5.14704e-02 7 7 0 45.95845 3 7 7
70 6 7.50754e-01 -1.90356e-03 3.31000e-03 -5.14611e-02 7 7 0 45.95868 3 7 7
70 6 7.50701e-01 -2.66898e-03 4.64100e-03 -5.14462e-02 7 7 0 45.95905 3 7 7
70 6 7.50622e-01 -3.51092e-03 6.10510e-03 -5.14240e-02 7 7 0 45.95960 3 7 7
70 6 7.50511e-01 -4.43699e-03 7.71561e-03 -5.13926e-02 7 7 0 45.96037 3 7 7
70 6 7.50358e-01 -5.45559e-03 9.48717e-03 -5.13496e-02 7 7 0 45.96144 3 7 7
70 6 7.50154e-01 -6.57592e-03 1.14359e-02 -5.12921e-02 7 7 0 45.96286 3 7 7
70 6 7.49886e-01 -7.80811e-03 1.35795e-02 -5.12165e-02 7 7 0 45.96473 3 7 7
70 6 7.49537e-01 -9.16326e-03 1.59374e-02 -5.11183e-02 7 7 0 45.96716 3 7 7
70 6 7.49089e-01 -1.06535e-02 1.85312e-02 -5.09922e-02 7 7 0 45.97028 3 7 7
70 6 7.48518e-01 -1.22923e-02 2.13843e-02 -5.08316e-02 7 7 0 45.97427 3 7 7
70 6 7.47795e-01 -1.40941e-02 2.45227e-02 -5.06285e-02 7 7 0 45.97933 3 7 7
70 6 7.46884e-01 -1.60748e-02 2.79750e-02 -5.03730e-02 7 7 0 45.98571 3 7 7
70 6 7.45743e-01 -1.82519e-02 3.17725e-02 -5.00532e-02 7 7 0 45.99372 3 7 7
70 6 7.44317e-01 -2.06441e-02 3.59497e-02 -4.96546e-02 7 7 0 46.00376 3 7 7
70 6 7.42541e-01 -2.32717e-02 4.05447e-02 -4.91596e-02 7 7 0 46.01630 3 7 7
70 6 7.40335e-01 -2.61562e-02 4.55992e-02 -4.85466e-02 7 7 0 46.03195 3 7 7
70 6 7.37601e-01 -2.93202e-02 5.11591e-02 -4.77895e-02 7 7 0 46.05145 3 7 7
70 6 7.34217e-01 -3.27867e-02 5.72750e-02 -4.68567e-02 7 7 0 46.07578 3 7 7
70 6 7.30032e-01 -3.65780e-02 6.40025e-02 -4.57096e-02 7 7 0 46.10615 3 7 7
70 6 7.24860e-01 -4.07134e-02 7.14028e-02 -4.43015e-02 7 7 0 46.14411 3 7 7
70 6 7.18472e-01 -4.52053e-02 7.95430e-02 -4.25750e-02 7 7 0 46.19163 3 7 7
70 6 7.10579e-01 -5.00511e-02 8.84973e-02 -4.04603e-02 7 7 0 46.25116 3 7 7
70 6 7.00824e-01 -5.52191e-02 9.83471e-02 -3.78706e-02 7 7 0 46.32538 3 7 7
70 6 6.88761e-01 -6.06196e-02 1.09182e-01 -3.46967e-02 7 7 0 46.41634 3 7 7
71 6 7.64248e-01 -1.78901e-03 1.00000e-03 -4.12894e-02 8 8 0 56.50554 4 8 8
71 6 7.64227e-01 -3.75695e-03 2.10000e-03 -4.12826e-02 8 8 0 56.50577 4 8 8
71 6 7.64188e-01 -5.92176e-03 3.31000e-03 -4.12696e-02 8 8 0 56.50619 4 8 8
71 6 7.64124e-01 -8.30322e-03 4.64100e-03 -4.12485e-02 8 8 0 56.50688 4 8 8
71 6 7.64029e-01 -1.09231e-02 6.10510e-03 -4.12172e-02 8 8 0 56.50791 4 8 8
71 6 7.63895e-01 -1.38054e-02 7.71561e-03 -4.11729e-02 8 8 0 56.50937 4 8 8
71 6 7.63711e-01 -1.69765e-02 9.48717e-03 -4.11122e-02 8 8 0 56.51137 4 8 8
71 6 7.63465e-01 -2.04658e-02 1.14359e-02 -4.10310e-02 8 8 0 56.51407 4 8 8
71 6 7.63141e-01 -2.43054e-02 1.35795e-02 -4.09240e-02 8 8 0 56.51764 4 8 8
71 6 7.62720e-01 -2.85310e-02 1.59374e-02 -4.07850e-02 8 8 0 56.52233 4 8 8
71 6 7.62180e-01 -3.31823e-02 1.85312e-02 -4.06062e-02 8 8 0 56.52842 4 8 8
71 6 7.61492e-01 -3.83031e-02 2.13843e-02 -4.03780e-02 8 8 0 56.53630 4 8 8
71 6 7.60621e-01 -4.39422e-02 2.45227e-02 -4.00886e-02 8 8 0 56.54648 4 8 8
71 6 7.59525e-01 -5.01542e-02 2.79750e-02 -3.97233e-02 8 8 0 56.55964 4 8 8
71 6 7.58152e-01 -5.70004e-02 3.17725e-02 -3.92641e-02 8 8 0 56.57669 4 8 8
71 6 7.56438e-01 -6.45499e-02 3.59497e-02 -3.86886e-02 8 8 0 56.59891 4 8 8
71 6 7.54307e-01 -7.28817e-02 4.05447e-02 -3.79687e-02 8 8 0 56.62813 4 8 8
71 6 7.51663e-01 -8.20861e-02 4.55992e-02 -3.70695e-02 8 8 0 56.66700 4 8 8
71 6 7.48389e-01 -9.22683e-02 5.11591e-02 -3.59472e-02 8 8 0 56.71950 4 8 8
71 6 7.44342e-01 -1.03550e-01 5.72750e-02 -3.45472e-02 8 8 0 56.79146 4 8 8
71 6 7.39340e-01 -1.16068e-01 6.40025e-02 -3.28038e-02 8 8 0 56.89108 4 8 8
71 6 7.33146e-01 -1.29959e-01 7.14028e-02 -3.06450e-02 8 8 0 57.02745 4 8 8
71 6 7.25439e-01 -1.45317e-01 7.95430e-02 -2.80081e-02 8 8 0 57.20363 4 8 8
71 6 7.15779e-01 -1.62124e-01 8.84973e-02 -2.48626e-02 8 8 0 57.40152 4 8 8
72 6 7.77892e-01 -1.65615e-03 1.00000e-03 -3.07687e-02 9 9 0 73.92799 3 9 9
72 6 7.77870e-01 -3.47791e-03 2.10000e-03 -3.07641e-02 9 9 0 73.92768 3 9 9
72 6 7.77828e-01 -5.48180e-03 3.31000e-03 -3.07552e-02 9 9 0 73.92708 3 9 9
72 6 7.77760e-01 -7.68602e-03 4.64100e-03 -3.07409e-02 9 9 0 73.92612 3 9 9
72 6 7.77658e-01 -1.01106e-02 6.10510e-03 -3.07195e-02 9 9 0 73.92470 3 9 9
72 6 7.77515e-01 -1.27774e-02 7.71561e-03 -3.06893e-02 9 9 0 73.92267 3 9 9
72 6 7.77318e-01 -1.57106e-02 9.48717e-03 -3.06479e-02 9 9 0 73.91989 3 9 9
72 6 7.77055e-01 -1.89367e-02 1.14359e-02 -3.05926e-02 9 9 0 73.91615 3 9 9
72 6 7.76709e-01 -2.24849e-02 1.35795e-02 -3.05198e-02 9 9 0 73.91122 3 9 9
72 6 7.76260e-01 -2.63871e-02 1.59374e-02 -3.04253e-02 9 9 0 73.90477 3 9 9
72 6 7.75683e-01 -3.06783e-02 1.85312e-02 -3.03040e-02 9 9 0 73.89641 3 9 9
72 6 7.74946e-01 -3.53970e-02 2.13843e-02 -3.01494e-02 9 9 0 73.88565 3 9 9
72 6 7.74014e-01 -4.05853e-02 2.45227e-02 -2.99538e-02 9 9 0 73.87185 3 9 9
72 6 7.72840e-01 -4.62892e-02 2.79750e-02 -2.97078e-02 9 9 0 73.85420 3 9 9
72 6 7.71369e-01 -5.25590e-02 3.17725e-02 -2.93997e-02 9 9 0 73.83163 3 9 9
72 6 7.69531e-01 -5.94497e-02 3.59497e-02 -2.90156e-02 9 9 0 73.80275 3 9 9
72 6 7.67242e-01 -6.70212e-02 4.05447e-02 -2.85382e-02 9 9 0 73.76572 3 9 9
72 6 7.64398e-01 -7.53384e-02 4.55992e-02 -2.79467e-02 9 9 0 73.71807 3 9 9
72 6 7.60873e-01 -8.44717e-02 5.11591e-02 -2.72155e-02 9 9 0 73.65640 3 9 9
72 6 7.56509e-01 -9.44973e-02 5.72750e-02 -2.63135e-02 9 9 0 73.57609 3 9 9
73 6 7.84048e-01 -1.73067e-03 1.00000e-03 -2.59615e-02 10 10 0 86.10589 6 10 10
73 6 7.84024e-01 -3.63443e-03 2.10000e-03 -2.59575e-02 10 10 0 86.10604 6 10 10
73 6 7.83980e-01 -5.72861e-03 3.31000e-03 -2.59499e-02 10 10 0 86.10632 6 10 10
73 6 7.83908e-01 -8.03230e-03 4.64100e-03 -2.59377e-02 10 10 0 86.10677 6 10 10
73 6 7.83801e-01 -1.05665e-02 6.10510e-03 -2.59194e-02 10 10 0 86.10745 6 10 10
73 6 7.83649e-01 -1.33544e-02 7.71561e-03 -2.58936e-02 10 10 0 86.10841 6 10 10
73 6 7.83441e-01 -1.64214e-02 9.48717e-03 -2.58582e-02 10 10 0 86.10973 6 10 10
73 6 7.83164e-01 -1.97958e-02 1.14359e-02 -2.58109e-02 10 10 0 86.11150 6 10 10
73 6 7.82798e-01 -2.35084e-02 1.35795e-02 -2.57486e-02 10 10 0 86.11384 6 10 10
73 6 7.82323e-01 -2.75935e-02 1.59374e-02 -2.56679e-02 10 10 0 86.11689 6 10 10
73 6 7.81713e-01 -3.20888e-02 1.85312e-02 -2.55642e-02 10 10 0 86.12083 6 10 10
73 6 7.80934e-01 -3.70362e-02 2.13843e-02 -2.54320e-02 10 10 0 86.12589 6 10 10
73 6 7.79948e-01 -4.24820e-02 2.45227e-02 -2.52649e-02 10 10 0 86.13236 6 10 10
73 6 7.78705e-01 -4.84775e-02 2.79750e-02 -2.50547e-02 10 10 0 86.14061 6 10 10
73 6 7.77145e-01 -5.50798e-02 3.17725e-02 -2.47916e-02 10 10 0 86.15112 6 10 10
73 6 7.75195e-01 -6.23529e-02 3.59497e-02 -2.44636e-02 10 10 0 86.16452 6 10 10
73 6 7.72764e-01 -7.03685e-02 4.05447e-02 -2.40562e-02 10 10 0 86.18164 6 10 10
73 6 7.69738e-01 -7.92075e-02 4.55992e-02 -2.35514e-02 10 10 0 86.20360 6 10 10
73 6 7.65979e-01 -8.89620e-02 5.11591e-02 -2.29277e-02 10 10 0 86.23190 6 10 10
73 6 7.61314e-01 -9.97380e-02 5.72750e-02 -2.21582e-02 10 10 0 86.26856 6 10 10
73 6 7.55523e-01 -1.11658e-01 6.40025e-02 -2.12101e-02 10 10 0 86.31611 6 10 10
73 6 7.48336e-01 -1.24866e-01 7.14028e-02 -2.00423e-02 10 10 0 86.37722 6 10 10
73 6 7.39408e-01 -1.39527e-01 7.95430e-02 -1.86022e-02 10 10 0 86.45300 6 10 10
74 6 7.90055e-01 -1.36253e-03 1.00000e-03 -2.12340e-02 11 11 0 102.91834 11 11 11
74 6 7.90035e-01 -2.86123e-03 2.10000e-03 -2.12295e-02 11 11 0 102.91872 11 11 11
74 6 7.89997e-01 -4.50960e-03 3.31000e-03 -2.12208e-02 11 11 0 102.91945 11 11 11
74 6 7.89935e-01 -6.32242e-03 4.64100e-03 -2.12068e-02 11 11 0 102.92063 11 11 11
74 6 7.89844e-01 -8.31585e-03 6.10510e-03 -2.11860e-02 11 11 0 102.92241 11 11 11
74 6 7.89714e-01 -1.05076e-02 7.71561e-03 -2.11565e-02 11 11 0 102.92494 11 11 11
74 6 7.89536e-01 -1.29168e-02 9.48717e-03 -2.11161e-02 11 11 0 102.92844 11 11 11
74 6 7.89299e-01 -1.55646e-02 1.14359e-02 -2.10619e-02 11 11 0 102.93320 11 11 11
74 6 7.88987e-01 -1.84735e-02 1.35795e-02 -2.09906e-02 11 11 0 102.93959 11 11 11
74 6 7.88582e-01 -2.16679e-02 1.59374e-02 -2.08979e-02 11 11 0 102.94810 11 11 11
74 6 7.88062e-01 -2.51741e-02 1.85312e-02 -2.07786e-02 11 11 0 102.95943 11 11 11
74 6 7.87400e-01 -2.90198e-02 2.13843e-02 -2.06261e-02 11 11 0 102.97450 11 11 11
74 6 7.86565e-01 -3.32338e-02 2.45227e-02 -2.04324e-02 11 11 0 102.99466 11 11 11
74 6 7.85515e-01 -3.78456e-02 2.79750e-02 -2.01876e-02 11 11 0 103.02183 11 11 11
74 6 7.84203e-01 -4.28842e-02 3.17725e-02 -1.98792e-02 11 11 0 103.05885 11 11 11
74 6 7.82572e-01 -4.83765e-02 3.59497e-02 -1.94919e-02 11 11 0 103.10997 11 11 11
74 6 7.80552e-01 -5.43446e-02 4.05447e-02 -1.90064e-02 11 11 0 103.18157 11 11 11
74 6 7.78060e-01 -6.08037e-02 4.55992e-02 -1.83994e-02 11 11 0 103.28289 7 11 11
74 6 7.74994e-01 -6.77623e-02 5.11591e-02 -1.76437e-02 11 11 0 103.42597 7 11 11
74 6 7.71220e-01 -7.52332e-02 5.72750e-02 -1.67110e-02 11 11 0 103.62180 7 11 11
74 6 7.66559e-01 -8.32680e-02 6.40025e-02 -1.55789e-02 11 11 0 103.86796 7 11 11
74 6 7.60754e-01 -9.20037e-02 7.14028e-02 -1.42356e-02 11 11 0 104.12985 7 11 11
75 6 7.95825e-01 -1.41129e-03 1.00000e-03 -1.66588e-02 12 12 0 127.34090 12 12 12
75 6 7.95803e-01 -2.96371e-03 2.10000e-03 -1.66556e-02 12 12 0 127.34008 12 12 12
75 6 7.95762e-01 -4.67141e-03 3.31000e-03 -1.66494e-02 12 12 0 127.33849 12 12 12
75 6 7.95694e-01 -6.54992e-03 4.64100e-03 -1.66394e-02 12 12 0 127.33593 12 12 12
75 6 7.95594e-01 -8.61636e-03 6.10510e-03 -1.66246e-02 12 12 0 127.33211 12 12 12
75 6 7.95453e-01 -1.08896e-02 7.71561e-03 -1.66036e-02 12 12 0 127.32669 12 12 12
75 6 7.95260e-01 -1.33903e-02 9.48717e-03 -1.65748e-02 12 12 0 127.31926 12 12 12
75 6 7.95000e-01 -1.61414e-02 1.14359e-02 -1.65363e-02 12 12 0 127.30928 12 12 12
75 6 7.94660e-01 -1.91680e-02 1.35795e-02 -1.64856e-02 12 12 0 127.29608 12 12 12
75 6 7.94217e-01 -2.24979e-02 1.59374e-02 -1.64199e-02 12 12 0 127.27884 12 12 12
75 6 7.93648e-01 -2.61616e-02 1.85312e-02 -1.63354e-02 12 12 0 127.25650 12 12 12
75 6 7.92923e-01 -3.01929e-02 2.13843e-02 -1.62278e-02 12 12 0 127.22775 12 12 12
75 6 7.92004e-01 -3.46290e-02 2.45227e-02 -1.60916e-02 12 12 0 127.19087 12 12 12
75 6 7.90847e-01 -3.95111e-02 2.79750e-02 -1.59203e-02 12 12 0 127.14370 12 12 12
75 6 7.89396e-01 -4.48847e-02 3.17725e-02 -1.57057e-02 12 12 0 127.08339 12 12 12
75 6 7.87582e-01 -5.08000e-02 3.59497e-02 -1.54380e-02 12 12 0 127.00623 12 12 12
75 6 7.85323e-01 -5.73129e-02 4.05447e-02 -1.51053e-02 12 12 0 126.90727 12 12 12
75 6 7.82515e-01 -6.44855e-02 4.55992e-02 -1.46926e-02 12 12 0 126.77990 12 12 12
76 6 7.98548e-01 -1.30689e-03 1.00000e-03 -1.44880e-02 13 13 0 143.79719 7 13 13
76 6 7.98526e-01 -2.74446e-03 2.10000e-03 -1.44853e-02 13 13 0 143.79746 7 13 13
76 6 7.98485e-01 -4.32573e-03 3.31000e-03 -1.44801e-02 13 13 0 143.79799 7 13 13
76 6 7.98418e-01 -6.06503e-03 4.64100e-03 -1.44717e-02 13 13 0 143.79884 7 13 13
76 6 7.98318e-01 -7.97810e-03 6.10510e-03 -1.44593e-02 13 13 0 143.80011 7 13 13
76 6 7.98177e-01 -1.00822e-02 7.71561e-03 -1.44417e-02 13 13 0 143.80192 7 13 13
76 6 7.97984e-01 -1.23964e-02 9.48717e-03 -1.44176e-02 13 13 0 143.80440 7 13 13
76 6 7.97725e-01 -1.49414e-02 1.14359e-02 -1.43854e-02 13 13 0 143.80775 7 13 13
76 6 7.97384e-01 -1.77400e-02 1.35795e-02 -1.43430e-02 13 13 0 143.81221 7 13 13
76 6 7.96942e-01 -2.08173e-02 1.59374e-02 -1.42880e-02 13 13 0 143.81806 7 13 13
76 6 7.96374e-01 -2.42005e-02 1.85312e-02 -1.42174e-02 13 13 0 143.82570 7 13 13
76 6 7.95650e-01 -2.79195e-02 2.13843e-02 -1.41275e-02 13 13 0 143.83564 7 13 13
76 6 7.94733e-01 -3.20070e-02 2.45227e-02 -1.40138e-02 13 13 0 143.84853 7 13 13
76 6 7.93578e-01 -3.64981e-02 2.79750e-02 -1.38709e-02 13 13 0 143.86526 7 13 13
76 6 7.92131e-01 -4.14315e-02 3.17725e-02 -1.36921e-02 13 13 0 143.88701 7 13 13
76 6 7.90322e-01 -4.68484e-02 3.59497e-02 -1.34694e-02 13 13 0 143.91533 7 13 13
76 6 7.88070e-01 -5.27935e-02 4.05447e-02 -1.31928e-02 13 13 0 143.95230 7 13 13
76 6 7.85274e-01 -5.93145e-02 4.55992e-02 -1.28505e-02 13 13 0 144.00056 7 13 13
76 6 7.81807e-01 -6.64623e-02 5.11591e-02 -1.24277e-02 13 13 0 144.06319 7 13 13
76 6 7.77516e-01 -7.42916e-02 5.72750e-02 -1.19063e-02 13 13 0 144.14298 7 13 13
76 6 7.72211e-01 -8.28624e-02 6.40025e-02 -1.12635e-02 13 13 0 144.23997 7 13 13
77 6 8.01090e-01 -2.43988e-03 1.00000e-03 -1.24527e-02 14 14 0 163.93189 2 14 14
77 6 8.01061e-01 -5.12391e-03 2.10000e-03 -1.24487e-02 14 14 0 163.93217 2 14 14
77 6 8.01006e-01 -8.07679e-03 3.31000e-03 -1.24409e-02 14 14 0 163.93270 2 14 14
77 6 8.00916e-01 -1.13258e-02 4.64100e-03 -1.24283e-02 14 14 0 163.93358 2 14 14
77 6 8.00783e-01 -1.49011e-02 6.10510e-03 -1.24096e-02 14 14 0 163.93493 2 14 14
77 6 8.00594e-01 -1.88362e-02 7.71561e-03 -1.23831e-02 14 14 0 163.93691 2 14 14
77 6 8.00335e-01 -2.31684e-02 9.48717e-03 -1.23468e-02 14 14 0 163.93976 2 14 14
77 6 7.99989e-01 -2.79393e-02 1.14359e-02 -1.22980e-02 14 14 0 163.94383 2 14 14
77 6 7.99533e-01 -3.31954e-02 1.35795e-02 -1.22337e-02 14 14 0 163.94968 2 14 14
77 6 7.98941e-01 -3.89894e-02 1.59374e-02 -1.21498e-02 14 14 0 163.95812 2 14 14
77 6 7.98179e-01 -4.53811e-02 1.85312e-02 -1.20414e-02 14 14 0 163.97048 2 14 14
77 6 7.97207e-01 -5.24395e-02 2.13843e-02 -1.19022e-02 14 14 0 163.98893 2 14 14
77 6 7.95974e-01 -6.02452e-02 2.45227e-02 -1.17241e-02 14 14 0 164.01706 2 14 14
77 6 7.94418e-01 -6.88935e-02 2.79750e-02 -1.14970e-02 14 14 0 164.06097 2 14 14
77 6 7.92461e-01 -7.84992e-02 3.17725e-02 -1.12076e-02 14 14 0 164.13117 2 14 14
77 6 7.90006e-01 -8.91966e-02 3.59497e-02 -1.08386e-02 14 14 0 164.24526 2 14 14
77 6 7.86933e-01 -1.01124e-01 4.05447e-02 -1.03692e-02 14 14 0 164.42970 2 14 14
77 6 7.83096e-01 -1.14354e-01 4.55992e-02 -9.77896e-03 14 14 0 164.71121 2 14 14
77 6 7.78332e-01 -1.28756e-01 5.11591e-02 -9.05788e-03 14 14 0 165.08090 2 14 14
78 6 8.04039e-01 -1.70492e-03 1.00000e-03 -1.00875e-02 15 15 0 196.53833 3 15 15
78 6 8.04015e-01 -3.58031e-03 2.10000e-03 -1.00849e-02 15 15 0 196.53677 3 15 15
78 6 8.03969e-01 -5.64317e-03 3.31000e-03 -1.00798e-02 15 15 0 196.53379 3 15 15
78 6 8.03894e-01 -7.91219e-03 4.64100e-03 -1.00716e-02 15 15 0 196.52895 3 15 15
78 6 8.03783e-01 -1.04079e-02 6.10510e-03 -1.00595e-02 15 15 0 196.52175 3 15 15
78 6 8.03625e-01 -1.31528e-02 7.71561e-03 -1.00422e-02 15 15 0 196.51153 3 15 15
78 6 8.03410e-01 -1.61717e-02 9.48717e-03 -1.00187e-02 15 15 0 196.49749 3 15 15
78 6 8.03122e-01 -1.94917e-02 1.14359e-02 -9.98717e-03 15 15 0 196.47861 3 15 15
78 6 8.02743e-01 -2.31426e-02 1.35795e-02 -9.94571e-03 15 15 0 196.45360 3 15 15
78 6 8.02250e-01 -2.71569e-02 1.59374e-02 -9.89191e-03 15 15 0 196.42085 3 15 15
78 6 8.01617e-01 -3.15704e-02 1.85312e-02 -9.82280e-03 15 15 0 196.37829 3 15 15
78 6 8.00811e-01 -3.64219e-02 2.13843e-02 -9.73476e-03 15 15 0 196.32329 3 15 15
78 6 7.99789e-01 -4.17540e-02 2.45227e-02 -9.62337e-03 15 15 0 196.25242 3 15 15
78 6 7.98503e-01 -4.76130e-02 2.79750e-02 -9.48325e-03 15 15 0 196.16123 3 15 15
78 6 7.96891e-01 -5.40493e-02 3.17725e-02 -9.30782e-03 15 15 0 196.04382 3 15 15
78 6 7.94877e-01 -6.11173e-02 3.59497e-02 -9.08904e-03 15 15 0 195.89230 3 15 15
79 6 8.05373e-01 -2.90732e-03 1.00000e-03 -9.01127e-03 6 16 0 216.49719 2 16 16
79 6 8.05338e-01 -6.10600e-03 2.10000e-03 -9.00826e-03 6 16 0 216.49641 2 16 16
79 6 8.05270e-01 -9.62611e-03 3.31000e-03 -9.00248e-03 6 16 0 216.49489 2 16 16
79 6 8.05160e-01 -1.35012e-02 4.64100e-03 -8.99314e-03 6 16 0 216.49243 2 16 16
79 6 8.04997e-01 -1.77689e-02 6.10510e-03 -8.97924e-03 6 16 0 216.48876 2 16 16
79 6 8.04765e-01 -2.24715e-02 7.71561e-03 -8.95956e-03 6 16 0 216.48353 2 16 16
79 6 8.04448e-01 -2.76570e-02 9.48717e-03 -8.93259e-03 6 16 0 216.47628 2 16 16
79 6 8.04022e-01 -3.33801e-02 1.14359e-02 -8.89646e-03 6 16 0 216.46645 2 16 16
79 6 8.03460e-01 -3.97038e-02 1.35795e-02 -8.84883e-03 6 16 0 216.45328 2 16 16
79 6 8.02728e-01 -4.67018e-02 1.59374e-02 -8.78684e-03 6 16 0 216.43575 2 16 16
79 6 8.01781e-01 -5.44613e-02 1.85312e-02 -8.70691e-03 6 16 0 216.41249 2 16 16
79 6 8.00565e-01 -6.30874e-02 2.13843e-02 -8.60457e-03 6 16 0 216.38158 2 16 16
79 6 7.99011e-01 -7.27097e-02 2.45227e-02 -8.47420e-03 6 16 0 216.34031 2 16 16
79 6 7.97027e-01 -8.34920e-02 2.79750e-02 -8.30867e-03 6 16 0 216.28462 2 16 16
79 6 7.94497e-01 -9.56466e-02 3.17725e-02 -8.09876e-03 6 16 0 216.20830 2 16 16
79 6 7.91263e-01 -1.09456e-01 3.59497e-02 -7.83238e-03 6 16 0 216.10134 2 16 16
79 6 7.87110e-01 -1.25300e-01 4.05447e-02 -7.49318e-03 6 16 0 215.94675 2 16 16
79 6 7.81737e-01 -1.43683e-01 4.55992e-02 -7.05859e-03 2 16 0 215.71443 2 16 16
79 6 7.74729e-01 -1.65213e-01 5.11591e-02 -6.49711e-03 2 16 0 215.34958 2 16 16
80 6 8.08481e-01 -1.46888e-03 1.00000e-03 -6.50656e-03 18 18 0 285.85308 18 18 18
80 6 8.08458e-01 -3.08467e-03 2.10000e-03 -6.50453e-03 18 18 0 285.85025 18 18 18
80 6 8.08413e-01 -4.86205e-03 3.31000e-03 -6.50064e-03 18 18 0 285.84482 18 18 18
80 6 8.08342e-01 -6.81723e-03 4.64100e-03 -6.49435e-03 18 18 0 285.83603 18 18 18
80 6 8.08235e-01 -8.96800e-03 6.10510e-03 -6.48500e-03 18 18 0 285.82293 18 18 18
80 6 8.08084e-01 -1.13340e-02 7.71561e-03 -6.47177e-03 18 18 0 285.80434 18 18 18
80 6 8.07877e-01 -1.39368e-02 9.48717e-03 -6.45366e-03 18 18 0 285.77879 18 18 18
80 6 8.07600e-01 -1.68001e-02 1.14359e-02 -6.42942e-03 18 18 0 285.74441 18 18 18
80 6 8.07236e-01 -1.99502e-02 1.35795e-02 -6.39754e-03 18 18 0 285.69886 18 18 18
80 6 8.06763e-01 -2.34160e-02 1.59374e-02 -6.35616e-03 18 18 0 285.63916 18 18 18
80 6 8.06155e-01 -2.72292e-02 1.85312e-02 -6.30300e-03 18 18 0 285.56153 18 18 18
80 6 8.05379e-01 -3.14250e-02 2.13843e-02 -6.23527e-03 18 18 0 285.46108 18 18 18
80 6 8.04397e-01 -3.60422e-02 2.45227e-02 -6.14955e-03 18 18 0 285.33148 18 18 18
80 6 8.03160e-01 -4.11234e-02 2.79750e-02 -6.04169e-03 18 18 0 285.16442 18 18 18
81 6 8.10997e-01 -1.74544e-03 1.00000e-03 -4.46856e-03 21 21 0 393.12848 3 21 21
81 6 8.10972e-01 -3.66537e-03 2.10000e-03 -4.46679e-03 21 21 0 393.12402 3 21 21
81 6 8.10924e-01 -5.77717e-03 3.31000e-03 -4.46340e-03 21 21 0 393.11544 3 21 21
81 6 8.10845e-01 -8.09994e-03 4.64100e-03 -4.45792e-03 21 21 0 393.10155 3 21 21
81 6 8.10729e-01 -1.06546e-02 6.10510e-03 -4.44977e-03 21 21 0 393.08084 3 21 21
81 6 8.10564e-01 -1.34642e-02 7.71561e-03 -4.43825e-03 21 21 0 393.05142 3 21 21
81 6 8.10338e-01 -1.65538e-02 9.48717e-03 -4.42247e-03 21 21 0 393.01093 3 21 21
81 6 8.10036e-01 -1.99510e-02 1.14359e-02 -4.40135e-03 21 21 0 392.95634 3 21 21
81 6 8.09638e-01 -2.36860e-02 1.35795e-02 -4.37359e-03 21 21 0 392.88385 3 21 21
81 6 8.09122e-01 -2.77917e-02 1.59374e-02 -4.33755e-03 21 21 0 392.78857 3 21 21
81 6 8.08459e-01 -3.23040e-02 1.85312e-02 -4.29126e-03 21 21 0 392.66417 3 21 21
81 6 8.07614e-01 -3.72619e-02 2.13843e-02 -4.23230e-03 21 21 0 392.50245 3 21 21
81 6 8.06544e-01 -4.27079e-02 2.45227e-02 -4.15770e-03 21 21 0 392.29255 3 21 21
82 6 8.13598e-01 -1.78348e-03 1.00000e-03 -2.35570e-03 27 27 0 674.39453 3 27 27
82 6 8.13572e-01 -3.74523e-03 2.10000e-03 -2.35441e-03 27 27 0 674.38451 3 27 27
82 6 8.13522e-01 -5.90297e-03 3.31000e-03 -2.35193e-03 27 27 0 674.36526 3 27 27
82 6 8.13441e-01 -8.27613e-03 4.64100e-03 -2.34792e-03 27 27 0 674.33406 3 27 27
82 6 8.13321e-01 -1.08860e-02 6.10510e-03 -2.34196e-03 27 27 0 674.28749 3 27 27
82 6 8.13151e-01 -1.37559e-02 7.71561e-03 -2.33352e-03 27 27 0 674.22125 3 27 27
82 6 8.12919e-01 -1.69114e-02 9.48717e-03 -2.32198e-03 27 27 0 674.12986 3 27 27
82 6 8.12607e-01 -2.03802e-02 1.14359e-02 -2.30653e-03 27 27 0 674.00636 3 27 27
82 6 8.12198e-01 -2.41928e-02 1.35795e-02 -2.28621e-03 27 27 0 673.84176 3 27 27
82 6 8.11666e-01 -2.83822e-02 1.59374e-02 -2.25985e-03 27 27 0 673.62442 3 27 27
82 6 8.10983e-01 -3.29842e-02 1.85312e-02 -2.22599e-03 27 27 0 673.33904 3 27 27
83 6 8.14889e-01 -1.64728e-03 1.00000e-03 -1.30516e-03 34 34 0 1106.86060 10 34 34
