169 13 1.17624e-01 -1.59585e-03 1.00000e-03 -3.26409e-01 1 1 0 3.11578 1 1 1
169 13 1.17622e-01 -3.35128e-03 2.10000e-03 -3.26388e-01 1 1 0 3.11580 1 1 1
169 13 1.17617e-01 -5.28224e-03 3.31000e-03 -3.26348e-01 1 1 0 3.11585 1 1 1
169 13 1.17611e-01 -7.40627e-03 4.64100e-03 -3.26282e-01 1 1 0 3.11593 1 1 1
169 13 1.17601e-01 -9.74267e-03 6.10510e-03 -3.26185e-01 1 1 0 3.11605 1 1 1
169 13 1.17586e-01 -1.23126e-02 7.71561e-03 -3.26047e-01 1 1 0 3.11622 1 1 1
169 13 1.17567e-01 -1.51395e-02 9.48717e-03 -3.25858e-01 1 1 0 3.11645 1 1 1
169 13 1.17541e-01 -1.82489e-02 1.14359e-02 -3.25605e-01 1 1 0 3.11676 1 1 1
169 13 1.17506e-01 -2.16691e-02 1.35795e-02 -3.25273e-01 1 1 0 3.11717 1 1 1
169 13 1.17462e-01 -2.54310e-02 1.59374e-02 -3.24841e-01 1 1 0 3.11770 1 1 1
169 13 1.17404e-01 -2.95686e-02 1.85312e-02 -3.24287e-01 1 1 0 3.11839 1 1 1
169 13 1.17331e-01 -3.41195e-02 2.13843e-02 -3.23582e-01 1 1 0 3.11926 1 1 1
169 13 1.17238e-01 -3.91246e-02 2.45227e-02 -3.22689e-01 1 1 0 3.12036 1 1 1
169 13 1.17121e-01 -4.46290e-02 2.79750e-02 -3.21566e-01 1 1 0 3.12175 1 1 1
169 13 1.16975e-01 -5.06823e-02 3.17725e-02 -3.20160e-01 1 1 0 3.12350 1 1 1
169 13 1.16792e-01 -5.73387e-02 3.59497e-02 -3.18407e-01 1 1 0 3.12568 1 1 1
169 13 1.16563e-01 -6.46578e-02 4.05447e-02 -3.16230e-01 1 1 0 3.12840 1 1 1
169 13 1.16280e-01 -7.27047e-02 4.55992e-02 -3.13533e-01 1 1 0 3.13178 1 1 1
169 13 1.15928e-01 -8.15505e-02 5.11591e-02 -3.10202e-01 1 1 0 3.13598 1 1 1
169 13 1.15492e-01 -9.12732e-02 5.72750e-02 -3.06097e-01 1 1 0 3.14119 1 1 1
169 13 1.14952e-01 -1.01958e-01 6.40025e-02 -3.01047e-01 1 1 0 3.14765 1 1 1
169 13 1.14284e-01 -1.13696e-01 7.14028e-02 -2.94848e-01 1 1 0 3.15566 1 1 1
169 13 1.13456e-01 -1.26588e-01 7.95430e-02 -2.87250e-01 1 1 0 3.16561 1 1 1
169 13 1.12429e-01 -1.40741e-01 8.84973e-02 -2.77950e-01 1 1 0 3.17799 1 1 1
169 13 1.11152e-01 -1.56273e-01 9.83471e-02 -2.66585e-01 1 1 0 3.19340 1 1 1
169 13 1.09560e-01 -1.73304e-01 1.09182e-01 -2.52711e-01 1 1 0 3.21269 1 1 1
169 13 1.07565e-01 -1.91965e-01 1.21100e-01 -2.35797e-01 1 1 0 3.23692 1 1 1
169 13 1.05048e-01 -2.12388e-01 1.34210e-01 -2.15200e-01 1 1 0 3.26758 1 1 1
169 13 1.01840e-01 -2.34705e-01 1.48631e-01 -1.90149e-01 1 1 0 3.30671 1 1 1
170 13 2.28125e-01 -1.59372e-03 1.00000e-03 -3.07307e-01 2 2 0 6.37524 2 2 2
170 13 2.28121e-01 -3.34681e-03 2.10000e-03 -3.07286e-01 2 2 0 6.37530 2 2 2
170 13 2.28113e-01 -5.27520e-03 3.31000e-03 -3.07247e-01 2 2 0 6.37540 2 2 2
170 13 2.28100e-01 -7.39640e-03 4.64100e-03 -3.07183e-01 2 2 0 6.37556 2 2 2
170 13 2.28081e-01 -9.72968e-03 6.10510e-03 -3.07089e-01 2 2 0 6.37581 2 2 2
170 13 2.28055e-01 -1.22962e-02 7.71561e-03 -3.06956e-01 2 2 0 6.37615 2 2 2
170 13 2.28018e-01 -1.51193e-02 9.48717e-03 -3.06773e-01 2 2 0 6.37662 2 2 2
170 13 2.27970e-01 -1.82246e-02 1.14359e-02 -3.06528e-01 2 2 0 6.37726 2 2 2
170 13 2.27906e-01 -2.16402e-02 1.35795e-02 -3.06207e-01 2 2 0 6.37809 2 2 2
170 13 2.27823e-01 -2.53971e-02 1.59374e-02 -3.05789e-01 2 2 0 6.37917 2 2 2
170 13 2.27716e-01 -2.95292e-02 1.85312e-02 -3.05253e-01 2 2 0 6.38056 2 2 2
170 13 2.27580e-01 -3.40740e-02 2.13843e-02 -3.04570e-01 2 2 0 6.38233 2 2 2
170 13 2.27407e-01 -3.90724e-02 2.45227e-02 -3.03706e-01 2 2 0 6.38458 2 2 2
170 13 2.27190e-01 -4.45695e-02 2.79750e-02 -3.02620e-01 2 2 0 6.38741 2 2 2
170 13 2.26917e-01 -5.06148e-02 3.17725e-02 -3.01259e-01 2 2 0 6.39096 2 2 2
170 13 2.26576e-01 -5.72624e-02 3.59497e-02 -2.99564e-01 2 2 0 6.39539 2 2 2
170 13 2.26150e-01 -6.45717e-02 4.05447e-02 -2.97457e-01 2 2 0 6.40092 2 2 2
170 13 2.25622e-01 -7.26078e-02 4.55992e-02 -2.94848e-01 2 2 0 6.40780 2 2 2
170 13 2.24965e-01 -8.14420e-02 5.11591e-02 -2.91626e-01 2 2 0 6.41634 2 2 2
170 13 2.24150e-01 -9.11517e-02 5.72750e-02 -2.87655e-01 2 2 0 6.42694 2 2 2
170 13 2.23141e-01 -1.01822e-01 6.40025e-02 -2.82772e-01 2 2 0 6.44008 2 2 2
170 13 2.21889e-01 -1.13545e-01 7.14028e-02 -2.76778e-01 2 2 0 6.45638 2 2 2
170 13 2.20337e-01 -1.26420e-01 7.95430e-02 -2.69433e-01 2 2 0 6.47660 2 2 2
170 13 2.18411e-01 -1.40555e-01 8.84973e-02 -2.60445e-01 2 2 0 6.50173 2 2 2
170 13 2.16016e-01 -1.56066e-01 9.83471e-02 -2.49463e-01 2 2 0 6.53304 2 2 2
170 13 2.13034e-01 -1.73075e-01 1.09182e-01 -2.36061e-01 2 2 0 6.57220 2 2 2
170 13 2.09314e-01 -1.91711e-01 1.21100e-01 -2.19725e-01 2 2 0 6.62139 2 2 2
170 13 2.04673e-01 -2.12106e-01 1.34210e-01 -1.99832e-01 2 2 0 6.68364 2 2 2
170 13 1.98895e-01 -2.34390e-01 1.48631e-01 -1.75629e-01 2 2 0 6.76319 2 2 2
170 13 1.91737e-01 -2.58673e-01 1.64494e-01 -1.46204e-01 2 2 0 6.86643 2 2 2
170 13 1.82655e-01 -2.85009e-01 1.81943e-01 -1.10520e-01 2 2 0 7.00383 2 2 2
171 13 3.26382e-01 -1.59062e-03 1.00000e-03 -2.80064e-01 3 3 0 9.90340 3 3 3
171 13 3.26377e-01 -3.34030e-03 2.10000e-03 -2.80045e-01 3 3 0 9.90348 3 3 3
171 13 3.26367e-01 -5.26494e-03 3.31000e-03 -2.80007e-01 3 3 0 9.90364 3 3 3
171 13 3.26350e-01 -7.38201e-03 4.64100e-03 -2.79946e-01 3 3 0 9.90390 3 3 3
171 13 3.26326e-01 -9.71075e-03 6.10510e-03 -2.79856e-01 3 3 0 9.90428 3 3 3
171 13 3.26291e-01 -1.22723e-02 7.71561e-03 -2.79728e-01 3 3 0 9.90483 3 3 3
171 13 3.26243e-01 -1.50899e-02 9.48717e-03 -2.79552e-01 3 3 0 9.90557 3 3 3
171 13 3.26179e-01 -1.81891e-02 1.14359e-02 -2.79318e-01 3 3 0 9.90657 3 3 3
171 13 3.26095e-01 -2.15981e-02 1.35795e-02 -2.79009e-01 3 3 0 9.90788 3 3 3
171 13 3.25986e-01 -2.53476e-02 1.59374e-02 -2.78609e-01 3 3 0 9.90958 3 3 3
171 13 3.25846e-01 -2.94717e-02 1.85312e-02 -2.78094e-01 3 3 0 9.91176 3 3 3
171 13 3.25666e-01 -3.40076e-02 2.13843e-02 -2.77439e-01 3 3 0 9.91455 3 3 3
171 13 3.25438e-01 -3.89962e-02 2.45227e-02 -2.76611e-01 3 3 0 9.91808 3 3 3
171 13 3.25150e-01 -4.44826e-02 2.79750e-02 -2.75570e-01 3 3 0 9.92253 3 3 3
171 13 3.24787e-01 -5.05159e-02 3.17725e-02 -2.74267e-01 3 3 0 9.92811 3 3 3
171 13 3.24332e-01 -5.71504e-02 3.59497e-02 -2.72643e-01 3 3 0 9.93508 3 3 3
171 13 3.23760e-01 -6.44453e-02 4.05447e-02 -2.70627e-01 3 3 0 9.94376 3 3 3
171 13 3.23045e-01 -7.24655e-02 4.55992e-02 -2.68132e-01 3 3 0 9.95455 3 3 3
171 13 3.22148e-01 -8.12820e-02 5.11591e-02 -2.65054e-01 3 3 0 9.96794 3 3 3
171 13 3.21023e-01 -9.09724e-02 5.72750e-02 -2.61265e-01 3 3 0 9.98454 3 3 3
171 13 3.19609e-01 -1.01621e-01 6.40025e-02 -2.56613e-01 3 3 0 10.00509 3 3 3
171 13 3.17823e-01 -1.13320e-01 7.14028e-02 -2.50915e-01 3 3 0 10.03055 3 3 3
171 13 3.15554e-01 -1.26170e-01 7.95430e-02 -2.43951e-01 3 3 0 10.06208 3 3 3
171 13 3.12650e-01 -1.40278e-01 8.84973e-02 -2.35460e-01 3 3 0 10.10121 3 3 3
171 13 3.08889e-01 -1.55760e-01 9.83471e-02 -2.25136e-01 3 3 0 10.14987 3 3 3
171 13 3.03941e-01 -1.72741e-01 1.09182e-01 -2.12620e-01 3 3 0 10.21059 3 3 3
171 13 2.97290e-01 -1.91355e-01 1.21100e-01 -1.97508e-01 3 3 0 10.28681 3 3 3
171 13 2.88104e-01 -2.11743e-01 1.34210e-01 -1.79352e-01 3 3 0 10.38322 3 3 3
171 13 2.75064e-01 -2.34054e-01 1.48631e-01 -1.57657e-01 3 3 0 10.50640 3 3 3
171 13 2.56258e-01 -2.58426e-01 1.64494e-01 -1.31816e-01 3 3 0 10.66510 3 3 3
172 13 4.10048e-01 -1.58709e-03 1.00000e-03 -2.49258e-01 4 4 0 13.79268 4 4 4
172 13 4.10042e-01 -3.33287e-03 2.10000e-03 -2.49238e-01 4 4 0 13.79281 4 4 4
172 13 4.10032e-01 -5.25317e-03 3.31000e-03 -2.49202e-01 4 4 0 13.79305 4 4 4
172 13 4.10015e-01 -7.36539e-03 4.64100e-03 -2.49142e-01 4 4 0 13.79344 4 4 4
172 13 4.09990e-01 -9.68867e-03 6.10510e-03 -2.49054e-01 4 4 0 13.79402 4 4 4
172 13 4.09954e-01 -1.22440e-02 7.71561e-03 -2.48929e-01 4 4 0 13.79484 4 4 4
172 13 4.09906e-01 -1.50544e-02 9.48717e-03 -2.48759e-01 4 4 0 13.79597 4 4 4
172 13 4.09841e-01 -1.81453e-02 1.14359e-02 -2.48530e-01 4 4 0 13.79748 4 4 4
172 13 4.09755e-01 -2.15443e-02 1.35795e-02 -2.48229e-01 4 4 0 13.79947 4 4 4
172 13 4.09645e-01 -2.52819e-02 1.59374e-02 -2.47839e-01 4 4 0 13.80205 4 4 4
172 13 4.09502e-01 -2.93913e-02 1.85312e-02 -2.47338e-01 4 4 0 13.80537 4 4 4
172 13 4.09321e-01 -3.39091e-02 2.13843e-02 -2.46700e-01 4 4 0 13.80960 4 4 4
172 13 4.09091e-01 -3.88749e-02 2.45227e-02 -2.45893e-01 4 4 0 13.81495 4 4 4
172 13 4.08802e-01 -4.43322e-02 2.79750e-02 -2.44878e-01 4 4 0 13.82171 4 4 4
172 13 4.08441e-01 -5.03281e-02 3.17725e-02 -2.43608e-01 4 4 0 13.83018 4 4 4
172 13 4.07990e-01 -5.69139e-02 3.59497e-02 -2.42024e-01 4 4 0 13.84078 4 4 4
172 13 4.07430e-01 -6.41448e-02 4.05447e-02 -2.40057e-01 4 4 0 13.85400 4 4 4
172 13 4.06737e-01 -7.20806e-02 4.55992e-02 -2.37622e-01 4 4 0 13.87044 4 4 4
172 13 4.05880e-01 -8.07849e-02 5.11591e-02 -2.34615e-01 4 4 0 13.89087 4 4 4
172 13 4.04825e-01 -9.03258e-02 5.72750e-02 -2.30910e-01 4 4 0 13.91623 4 4 4
172 13 4.03529e-01 -1.00775e-01 6.40025e-02 -2.26356e-01 4 4 0 13.94770 4 4 4
172 13 4.01940e-01 -1.12206e-01 7.14028e-02 -2.20768e-01 4 4 0 13.98677 4 4 4
172 13 3.99999e-01 -1.24696e-01 7.95430e-02 -2.13924e-01 4 4 0 14.03531 4 4 4
172 13 3.97635e-01 -1.38320e-01 8.84973e-02 -2.05552e-01 4 4 0 14.09575 4 4 4
172 13 3.94770e-01 -1.53154e-01 9.83471e-02 -1.95323e-01 4 4 0 14.17120 4 4 4
172 13 3.91322e-01 -1.69265e-01 1.09182e-01 -1.82838e-01 4 4 0 14.26577 4 4 4
172 13 3.87206e-01 -1.86710e-01 1.21100e-01 -1.67613e-01 4 4 0 14.38494 4 4 4
172 13 3.82291e-01 -2.05513e-01 1.34210e-01 -1.49081e-01 4 4 0 14.53602 4 4 4
172 13 3.75993e-01 -2.25559e-01 1.48631e-01 -1.26754e-01 4 4 0 14.72885 4 4 4
173 13 4.65633e-01 7.68617e-03 1.00000e-03 -2.24892e-01 1 1 1 17.15015 1 1 2
173 13 4.65572e-01 1.61414e-02 2.10000e-03 -2.24803e-01 1 1 1 17.15243 1 1 2
173 13 4.65454e-01 2.54432e-02 3.31000e-03 -2.24631e-01 1 1 1 17.15681 1 1 2
173 13 4.65265e-01 3.56772e-02 4.64100e-03 -2.24353e-01 1 1 1 17.16391 1 1 2
173 13 4.64983e-01 4.69383e-02 6.10510e-03 -2.23941e-01 1 1 1 17.17452 1 1 2
173 13 4.64585e-01 5.93314e-02 7.71561e-03 -2.23356e-01 1 1 1 17.18963 1 1 2
173 13 4.64041e-01 7.29736e-02 9.48717e-03 -2.22554e-01 1 1 1 17.21052 1 1 2
173 13 4.63314e-01 8.79958e-02 1.14359e-02 -2.21478e-01 1 1 1 17.23885 1 1 2
173 13 4.62360e-01 1.04546e-01 1.35795e-02 -2.20058e-01 1 1 1 17.27679 1 1 2
173 13 4.61124e-01 1.22792e-01 1.59374e-02 -2.18207e-01 1 1 1 17.32723 1 1 2
173 13 4.59541e-01 1.42934e-01 1.85312e-02 -2.15812e-01 1 1 1 17.39416 1 1 2
173 13 4.57531e-01 1.65213e-01 2.13843e-02 -2.12732e-01 1 1 1 17.48318 1 1 2
173 13 4.54996e-01 1.89950e-01 2.45227e-02 -2.08775e-01 1 1 1 17.60267 1 1 2
173 13 4.51807e-01 2.17643e-01 2.79750e-02 -2.03671e-01 1 1 1 17.76609 1 1 2
173 13 4.47748e-01 2.49437e-01 3.17725e-02 -1.96937e-01 1 1 1 17.99950 1 1 2
174 13 4.78908e-01 -1.58377e-03 1.00000e-03 -2.18651e-01 5 5 0 18.08209 5 5 5
174 13 4.78906e-01 -3.32590e-03 2.10000e-03 -2.18630e-01 5 5 0 18.08232 5 5 5
174 13 4.78901e-01 -5.24223e-03 3.31000e-03 -2.18592e-01 5 5 0 18.08276 5 5 5
174 13 4.78894e-01 -7.35014e-03 4.64100e-03 -2.18529e-01 5 5 0 18.08348 5 5 5
174 13 4.78883e-01 -9.66876e-03 6.10510e-03 -2.18436e-01 5 5 0 18.08455 5 5 5
174 13 4.78867e-01 -1.22191e-02 7.71561e-03 -2.18304e-01 5 5 0 18.08607 5 5 5
174 13 4.78846e-01 -1.50243e-02 9.48717e-03 -2.18124e-01 5 5 0 18.08814 5 5 5
174 13 4.78818e-01 -1.81098e-02 1.14359e-02 -2.17882e-01 5 5 0 18.09092 5 5 5
174 13 4.78781e-01 -2.15033e-02 1.35795e-02 -2.17565e-01 5 5 0 18.09458 5 5 5
174 13 4.78732e-01 -2.52356e-02 1.59374e-02 -2.17153e-01 5 5 0 18.09933 5 5 5
174 13 4.78670e-01 -2.93400e-02 1.85312e-02 -2.16624e-01 5 5 0 18.10544 5 5 5
174 13 4.78590e-01 -3.38534e-02 2.13843e-02 -2.15950e-01 5 5 0 18.11325 5 5 5
174 13 4.78488e-01 -3.88157e-02 2.45227e-02 -2.15098e-01 5 5 0 18.12315 5 5 5
174 13 4.78360e-01 -4.42707e-02 2.79750e-02 -2.14026e-01 5 5 0 18.13565 5 5 5
174 13 4.78198e-01 -5.02657e-02 3.17725e-02 -2.12686e-01 5 5 0 18.15136 5 5 5
174 13 4.77994e-01 -5.68513e-02 3.59497e-02 -2.11016e-01 5 5 0 18.17104 5 5 5
174 13 4.77737e-01 -6.40816e-02 4.05447e-02 -2.08944e-01 5 5 0 18.19565 5 5 5
174 13 4.77414e-01 -7.20123e-02 4.55992e-02 -2.06382e-01 5 5 0 18.22635 5 5 5
174 13 4.77005e-01 -8.06993e-02 5.11591e-02 -2.03224e-01 5 5 0 18.26461 5 5 5
174 13 4.76486e-01 -9.01939e-02 5.72750e-02 -1.99344e-01 5 5 0 18.31225 5 5 5
174 13 4.75822e-01 -1.00536e-01 6.40025e-02 -1.94595e-01 5 5 0 18.37151 5 5 5
174 13 4.74965e-01 -1.11739e-01 7.14028e-02 -1.88803e-01 5 5 0 18.44516 5 5 5
174 13 4.73849e-01 -1.23768e-01 7.95430e-02 -1.81772e-01 5 5 0 18.53655 5 5 5
174 13 4.72392e-01 -1.36491e-01 8.84973e-02 -1.73283e-01 5 5 0 18.64958 5 5 5
174 13 4.70513e-01 -1.49592e-01 9.83471e-02 -1.63092e-01 5 5 0 18.78874 5 5 5
174 13 4.68270e-01 -1.62342e-01 1.09182e-01 -1.50914e-01 5 5 0 18.95916 5 5 5
174 13 4.66322e-01 -1.72896e-01 1.21100e-01 -1.36333e-01 5 5 0 19.16870 5 5 5
175 13 5.32125e-01 -1.58146e-03 1.00000e-03 -1.91748e-01 6 6 0 22.54999 6 6 6
175 13 5.32162e-01 -3.32106e-03 2.10000e-03 -1.91707e-01 6 6 0 22.55151 6 6 6
175 13 5.32234e-01 -5.23459e-03 3.31000e-03 -1.91628e-01 6 6 0 22.55444 6 6 6
175 13 5.32350e-01 -7.33944e-03 4.64100e-03 -1.91500e-01 6 6 0 22.55921 6 6 6
175 13 5.32524e-01 -9.65469e-03 6.10510e-03 -1.91310e-01 6 6 0 22.56635 6 6 6
175 13 5.32771e-01 -1.22014e-02 7.71561e-03 -1.91039e-01 6 6 0 22.57659 6 6 6
175 13 5.33115e-01 -1.50025e-02 9.48717e-03 -1.90665e-01 6 6 0 22.59086 6 6 6
175 13 5.33582e-01 -1.80836e-02 1.14359e-02 -1.90161e-01 6 6 0 22.61040 6 6 6
175 13 5.34209e-01 -2.14723e-02 1.35795e-02 -1.89491e-01 6 6 0 22.63693 6 6 6
175 13 5.35045e-01 -2.51994e-02 1.59374e-02 -1.88609e-01 6 6 0 22.67279 6 6 6
175 13 5.36153e-01 -2.92985e-02 1.85312e-02 -1.87457e-01 6 6 0 22.72129 6 6 6
175 13 5.37614e-01 -3.38065e-02 2.13843e-02 -1.85961e-01 6 6 0 22.78710 6 6 6
175 13 5.39519e-01 -3.87640e-02 2.45227e-02 -1.84035e-01 6 6 0 22.87654 6 6 6
175 13 5.41941e-01 -4.42159e-02 2.79750e-02 -1.81593e-01 6 6 0 22.99725 6 6 6
175 13 5.44847e-01 -5.02127e-02 3.17725e-02 -1.78596e-01 6 6 0 23.15514 6 6 6
175 13 5.47970e-01 -5.68123e-02 3.59497e-02 -1.75122e-01 6 6 0 23.34777 6 6 6
175 13 5.50823e-01 -6.40818e-02 4.05447e-02 -1.71358e-01 6 6 0 23.56025 6 6 6
175 13 5.52932e-01 -7.20952e-02 4.55992e-02 -1.67471e-01 6 6 0 23.77318 6 6 6
175 13 5.54015e-01 -8.09311e-02 5.11591e-02 -1.63506e-01 6 6 0 23.97360 6 6 6
175 13 5.53932e-01 -9.06734e-02 5.72750e-02 -1.59400e-01 6 6 0 24.15673 6 6 6
175 13 5.52589e-01 -1.01413e-01 6.40025e-02 -1.55032e-01 6 6 0 24.32264 6 6 6
175 13 5.49873e-01 -1.13251e-01 7.14028e-02 -1.50248e-01 6 6 0 24.47338 6 6 6
175 13 5.45623e-01 -1.26297e-01 7.95430e-02 -1.44870e-01 6 6 0 24.61149 6 6 6
175 13 5.39618e-01 -1.40670e-01 8.84973e-02 -1.38686e-01 6 6 0 24.73933 6 6 6
176 13 5.89624e-01 -1.58146e-03 1.00000e-03 -1.59499e-01 7 7 0 29.36613 7 7 7
176 13 5.89603e-01 -3.32105e-03 2.10000e-03 -1.59490e-01 7 7 0 29.36651 7 7 7
176 13 5.89563e-01 -5.23459e-03 3.31000e-03 -1.59473e-01 7 7 0 29.36723 7 7 7
176 13 5.89498e-01 -7.33945e-03 4.64100e-03 -1.59445e-01 7 7 0 29.36840 7 7 7
176 13 5.89402e-01 -9.65475e-03 6.10510e-03 -1.59403e-01 7 7 0 29.37014 7 7 7
176 13 5.89265e-01 -1.22015e-02 7.71561e-03 -1.59345e-01 7 7 0 29.37260 7 7 7
176 13 5.89078e-01 -1.50028e-02 9.48717e-03 -1.59264e-01 7 7 0 29.37597 7 7 7
176 13 5.88828e-01 -1.80841e-02 1.14359e-02 -1.59157e-01 7 7 0 29.38046 7 7 7
176 13 5.88500e-01 -2.14732e-02 1.35795e-02 -1.59015e-01 7 7 0 29.38635 7 7 7
176 13 5.88074e-01 -2.52008e-02 1.59374e-02 -1.58830e-01 7 7 0 29.39397 7 7 7
176 13 5.87528e-01 -2.93008e-02 1.85312e-02 -1.58592e-01 7 7 0 29.40371 7 7 7
176 13 5.86834e-01 -3.38099e-02 2.13843e-02 -1.58288e-01 7 7 0 29.41605 7 7 7
176 13 5.85958e-01 -3.87690e-02 2.45227e-02 -1.57901e-01 7 7 0 29.43155 7 7 7
176 13 5.84860e-01 -4.42225e-02 2.79750e-02 -1.57412e-01 7 7 0 29.45086 7 7 7
176 13 5.83492e-01 -5.02195e-02 3.17725e-02 -1.56794e-01 7 7 0 29.47475 7 7 7
176 13 5.81794e-01 -5.68136e-02 3.59497e-02 -1.56015e-01 7 7 0 29.50405 7 7 7
176 13 5.79699e-01 -6.40636e-02 4.05447e-02 -1.55036e-01 7 7 0 29.53972 7 7 7
176 13 5.77127e-01 -7.20339e-02 4.55992e-02 -1.53805e-01 7 7 0 29.58274 7 7 7
176 13 5.73982e-01 -8.07951e-02 5.11591e-02 -1.52256e-01 7 7 0 29.63408 7 7 7
176 13 5.70156e-01 -9.04246e-02 5.72750e-02 -1.50304e-01 7 7 0 29.69461 7 7 7
176 13 5.65522e-01 -1.01008e-01 6.40025e-02 -1.47843e-01 7 7 0 29.76491 7 7 7
176 13 5.59935e-01 -1.12639e-01 7.14028e-02 -1.44734e-01 7 7 0 29.84516 7 7 7
176 13 5.53217e-01 -1.25427e-01 7.95430e-02 -1.40807e-01 7 7 0 29.93490 7 7 7
176 13 5.45149e-01 -1.39499e-01 8.84973e-02 -1.35851e-01 7 7 0 30.03302 7 7 7
176 13 5.35439e-01 -1.55011e-01 9.83471e-02 -1.29611e-01 7 7 0 30.13772 7 7 7
177 13 6.23098e-01 -1.58684e-03 1.00000e-03 -1.39201e-01 8 8 0 34.95301 8 8 8
177 13 6.23080e-01 -3.33234e-03 2.10000e-03 -1.39192e-01 8 8 0 34.95319 8 8 8
177 13 6.23043e-01 -5.25232e-03 3.31000e-03 -1.39173e-01 8 8 0 34.95352 8 8 8
177 13 6.22985e-01 -7.36418e-03 4.64100e-03 -1.39143e-01 8 8 0 34.95407 8 8 8
177 13 6.22898e-01 -9.68700e-03 6.10510e-03 -1.39099e-01 8 8 0 34.95488 8 8 8
177 13 6.22775e-01 -1.22418e-02 7.71561e-03 -1.39036e-01 8 8 0 34.95603 8 8 8
177 13 6.22607e-01 -1.50515e-02 9.48717e-03 -1.38950e-01 8 8 0 34.95760 8 8 8
177 13 6.22382e-01 -1.81414e-02 1.14359e-02 -1.38835e-01 8 8 0 34.95970 8 8 8
177 13 6.22086e-01 -2.15392e-02 1.35795e-02 -1.38684e-01 8 8 0 34.96247 8 8 8
177 13 6.21701e-01 -2.52751e-02 1.59374e-02 -1.38488e-01 8 8 0 34.96605 8 8 8
177 13 6.21207e-01 -2.93823e-02 1.85312e-02 -1.38235e-01 8 8 0 34.97066 8 8 8
177 13 6.20578e-01 -3.38969e-02 2.13843e-02 -1.37914e-01 8 8 0 34.97652 8 8 8
177 13 6.19781e-01 -3.88584e-02 2.45227e-02 -1.37507e-01 8 8 0 34.98393 8 8 8
177 13 6.18778e-01 -4.43096e-02 2.79750e-02 -1.36996e-01 8 8 0 34.99324 8 8 8
177 13 6.17521e-01 -5.02972e-02 3.17725e-02 -1.36355e-01 8 8 0 35.00489 8 8 8
177 13 6.15952e-01 -5.68712e-02 3.59497e-02 -1.35556e-01 8 8 0 35.01938 8 8 8
177 13 6.14000e-01 -6.40856e-02 4.05447e-02 -1.34563e-01 8 8 0 35.03736 8 8 8
177 13 6.11578e-01 -7.19982e-02 4.55992e-02 -1.33331e-01 8 8 0 35.05957 8 8 8
177 13 6.08580e-01 -8.06698e-02 5.11591e-02 -1.31809e-01 8 8 0 35.08693 8 8 8
177 13 6.04874e-01 -9.01641e-02 5.72750e-02 -1.29930e-01 8 8 0 35.12051 8 8 8
177 13 6.00302e-01 -1.00547e-01 6.40025e-02 -1.27616e-01 8 8 0 35.16160 8 8 8
177 13 5.94665e-01 -1.11882e-01 7.14028e-02 -1.24769e-01 8 8 0 35.21171 8 8 8
177 13 5.87720e-01 -1.24233e-01 7.95430e-02 -1.21274e-01 8 8 0 35.27254 8 8 8
177 13 5.79159e-01 -1.37652e-01 8.84973e-02 -1.16988e-01 8 8 0 35.34603 8 8 8
177 13 5.68586e-01 -1.52171e-01 9.83471e-02 -1.11749e-01 8 8 0 35.43413 8 8 8
177 13 5.55452e-01 -1.67762e-01 1.09182e-01 -1.05395e-01 8 8 0 35.53867 8 8 8
177 13 5.38881e-01 -1.84210e-01 1.21100e-01 -9.78444e-02 8 8 0 35.66174 8 8 8
177 13 5.17651e-01 -2.00883e-01 1.34210e-01 -8.91136e-02 8 8 0 35.81464 8 8 8
178 13 6.52242e-01 -1.60695e-03 1.00000e-03 -1.20617e-01 9 9 0 41.45456 9 9 9
178 13 6.52224e-01 -3.37460e-03 2.10000e-03 -1.20608e-01 9 9 0 41.45473 9 9 9
178 13 6.52190e-01 -5.31903e-03 3.31000e-03 -1.20589e-01 9 9 0 41.45506 9 9 9
178 13 6.52134e-01 -7.45794e-03 4.64100e-03 -1.20558e-01 9 9 0 41.45559 9 9 9
178 13 6.52052e-01 -9.81079e-03 6.10510e-03 -1.20513e-01 9 9 0 41.45638 9 9 9
178 13 6.51936e-01 -1.23990e-02 7.71561e-03 -1.20449e-01 9 9 0 41.45751 9 9 9
178 13 6.51776e-01 -1.52462e-02 9.48717e-03 -1.20361e-01 9 9 0 41.45904 9 9 9
178 13 6.51563e-01 -1.83783e-02 1.14359e-02 -1.20243e-01 9 9 0 41.46109 9 9 9
178 13 6.51282e-01 -2.18239e-02 1.35795e-02 -1.20089e-01 9 9 0 41.46379 9 9 9
178 13 6.50918e-01 -2.56145e-02 1.59374e-02 -1.19888e-01 9 9 0 41.46729 9 9 9
178 13 6.50449e-01 -2.97848e-02 1.85312e-02 -1.19631e-01 9 9 0 41.47178 9 9 9
178 13 6.49851e-01 -3.43730e-02 2.13843e-02 -1.19303e-01 9 9 0 41.47749 9 9 9
178 13 6.49093e-01 -3.94212e-02 2.45227e-02 -1.18889e-01 9 9 0 41.48470 9 9 9
178 13 6.48138e-01 -4.49760e-02 2.79750e-02 -1.18367e-01 9 9 0 41.49375 9 9 9
178 13 6.46940e-01 -5.10888e-02 3.17725e-02 -1.17715e-01 9 9 0 41.50505 9 9 9
178 13 6.45442e-01 -5.78162e-02 3.59497e-02 -1.16903e-01 9 9 0 41.51909 9 9 9
178 13 6.43573e-01 -6.52211e-02 4.05447e-02 -1.15894e-01 9 9 0 41.53647 9 9 9
178 13 6.41246e-01 -7.33733e-02 4.55992e-02 -1.14647e-01 9 9 0 41.55788 9 9 9
178 13 6.38353e-01 -8.23500e-02 5.11591e-02 -1.13109e-01 9 9 0 41.58416 9 9 9
178 13 6.34759e-01 -9.22374e-02 5.72750e-02 -1.11218e-01 9 9 0 41.61630 9 9 9
178 13 6.30294e-01 -1.03131e-01 6.40025e-02 -1.08898e-01 9 9 0 41.65547 9 9 9
178 13 6.24740e-01 -1.15138e-01 7.14028e-02 -1.06063e-01 9 9 0 41.70303 9 9 9
178 13 6.17820e-01 -1.28378e-01 7.95430e-02 -1.02607e-01 9 9 0 41.76063 9 9 9
178 13 6.09172e-01 -1.42979e-01 8.84973e-02 -9.84078e-02 9 9 0 41.83029 9 9 9
178 13 5.98327e-01 -1.59080e-01 9.83471e-02 -9.33218e-02 9 9 0 41.91488 9 9 9
178 13 5.84699e-01 -1.76798e-01 1.09182e-01 -8.71647e-02 9 9 0 42.01951 9 9 9
178 13 5.67690e-01 -1.96105e-01 1.21100e-01 -7.96427e-02 9 9 0 42.15893 9 9 9
179 13 6.76110e-01 -1.69133e-03 1.00000e-03 -1.04764e-01 10 10 0 48.57033 10 10 10
179 13 6.76093e-01 -3.55178e-03 2.10000e-03 -1.04754e-01 10 10 0 48.57055 10 10 10
179 13 6.76059e-01 -5.59826e-03 3.31000e-03 -1.04735e-01 10 10 0 48.57097 10 10 10
179 13 6.76005e-01 -7.84934e-03 4.64100e-03 -1.04703e-01 10 10 0 48.57164 10 10 10
179 13 6.75925e-01 -1.03255e-02 6.10510e-03 -1.04657e-01 10 10 0 48.57264 10 10 10
179 13 6.75811e-01 -1.30491e-02 7.71561e-03 -1.04591e-01 10 10 0 48.57406 10 10 10
179 13 6.75655e-01 -1.60450e-02 9.48717e-03 -1.04500e-01 10 10 0 48.57600 10 10 10
179 13 6.75446e-01 -1.93403e-02 1.14359e-02 -1.04379e-01 10 10 0 48.57860 10 10 10
179 13 6.75172e-01 -2.29651e-02 1.35795e-02 -1.04219e-01 10 10 0 48.58203 10 10 10
179 13 6.74816e-01 -2.69522e-02 1.59374e-02 -1.04012e-01 10 10 0 48.58647 10 10 10
179 13 6.74359e-01 -3.13381e-02 1.85312e-02 -1.03745e-01 10 10 0 48.59219 10 10 10
179 13 6.73778e-01 -3.61633e-02 2.13843e-02 -1.03405e-01 10 10 0 48.59950 10 10 10
179 13 6.73042e-01 -4.14726e-02 2.45227e-02 -1.02973e-01 10 10 0 48.60876 10 10 10
179 13 6.72119e-01 -4.73164e-02 2.79750e-02 -1.02429e-01 10 10 0 48.62046 10 10 10
179 13 6.70963e-01 -5.37519e-02 3.17725e-02 -1.01745e-01 10 10 0 48.63519 10 10 10
179 13 6.69525e-01 -6.08451e-02 3.59497e-02 -1.00888e-01 10 10 0 48.65367 10 10 10
179 13 6.67741e-01 -6.86738e-02 4.05447e-02 -9.98172e-02 10 10 0 48.67688 10 10 10
179 13 6.65534e-01 -7.73329e-02 4.55992e-02 -9.84791e-02 10 10 0 48.70603 10 10 10
179 13 6.62812e-01 -8.69423e-02 5.11591e-02 -9.68077e-02 10 10 0 48.74277 10 10 10
179 13 6.59463e-01 -9.76604e-02 5.72750e-02 -9.47165e-02 10 10 0 48.78938 10 10 10
179 13 6.55352e-01 -1.09705e-01 6.40025e-02 -9.20912e-02 10 10 0 48.84915 10 10 10
179 13 6.50315e-01 -1.23380e-01 7.14028e-02 -8.87756e-02 10 10 0 48.92700 10 10 10
179 13 6.44166e-01 -1.39109e-01 7.95430e-02 -8.45476e-02 10 10 0 49.03065 10 10 10
180 13 6.88803e-01 -1.18043e-02 1.00000e-03 -9.60340e-02 2 11 0 53.35741 2 3 11
180 13 6.88564e-01 -2.47294e-02 2.10000e-03 -9.59455e-02 2 11 0 53.36583 2 3 11
180 13 6.88111e-01 -3.88005e-02 3.31000e-03 -9.57777e-02 2 11 0 53.38179 2 3 11
180 13 6.87394e-01 -5.40096e-02 4.64100e-03 -9.55120e-02 2 11 0 53.40706 2 3 11
180 13 6.86362e-01 -7.03074e-02 6.10510e-03 -9.51290e-02 2 11 0 53.44348 2 3 11
180 13 6.84966e-01 -8.75973e-02 7.71561e-03 -9.46100e-02 2 11 0 53.49282 2 3 11
180 13 6.83162e-01 -1.05735e-01 9.48717e-03 -9.39380e-02 2 11 0 53.55661 2 3 11
180 13 6.80919e-01 -1.24536e-01 1.14359e-02 -9.30995e-02 2 11 0 53.63598 2 3 11
180 13 6.78216e-01 -1.43788e-01 1.35795e-02 -9.20853e-02 2 11 0 53.73152 2 3 11
180 13 6.75047e-01 -1.63273e-01 1.59374e-02 -9.08901e-02 2 11 0 53.84320 2 3 11
180 13 6.71415e-01 -1.82785e-01 1.85312e-02 -8.95121e-02 2 11 0 53.97039 2 3 11
180 13 6.67329e-01 -2.02153e-01 2.13843e-02 -8.79501e-02 2 11 0 54.11196 2 3 11
180 13 6.62797e-01 -2.21246e-01 2.45227e-02 -8.62017e-02 2 11 0 54.26651 2 3 11
180 13 6.57821e-01 -2.39982e-01 2.79750e-02 -8.42604e-02 2 11 0 54.43248 2 3 11
180 13 6.52392e-01 -2.58323e-01 3.17725e-02 -8.21126e-02 2 11 0 54.60846 2 3 11
180 13 6.46489e-01 -2.76274e-01 3.59497e-02 -7.97340e-02 2 11 0 54.79332 2 3 11
180 13 6.40081e-01 -2.93872e-01 4.05447e-02 -7.70821e-02 2 11 0 54.98677 2 5 11
180 13 6.33178e-01 -3.11207e-01 4.55992e-02 -7.40550e-02 4 11 0 55.19177 2 5 11
181 13 7.00505e-01 1.79104e-03 1.00000e-03 -8.79731e-02 4 11 1 58.54809 2 3 11
181 13 7.00490e-01 3.76204e-03 2.10000e-03 -8.79610e-02 4 11 1 58.54923 2 3 11
181 13 7.00462e-01 5.93226e-03 3.31000e-03 -8.79377e-02 4 11 1 58.55143 2 3 11
181 13 7.00416e-01 8.32355e-03 4.64100e-03 -8.79000e-02 4 11 1 58.55499 2 3 11
181 13 7.00347e-01 1.09608e-02 6.10510e-03 -8.78440e-02 4 11 1 58.56029 2 3 11
181 13 7.00250e-01 1.38728e-02 7.71561e-03 -8.77647e-02 4 11 1 58.56780 2 3 11
181 13 7.00116e-01 1.70928e-02 9.48717e-03 -8.76560e-02 4 11 1 58.57812 2 3 11
181 13 6.99937e-01 2.06600e-02 1.14359e-02 -8.75103e-02 4 11 1 58.59198 2 3 11
181 13 6.99700e-01 2.46211e-02 1.35795e-02 -8.73183e-02 4 11 1 58.61031 2 3 11
181 13 6.99390e-01 2.90325e-02 1.59374e-02 -8.70684e-02 4 11 1 58.63429 2 3 11
181 13 6.98990e-01 3.39634e-02 1.85312e-02 -8.67462e-02 4 11 1 58.66538 2 3 11
181 13 6.98474e-01 3.95006e-02 2.13843e-02 -8.63336e-02 4 11 1 58.70550 2 3 11
181 13 6.97813e-01 4.57552e-02 2.45227e-02 -8.58084e-02 4 11 1 58.75710 2 3 11
181 13 6.96966e-01 5.28731e-02 2.79750e-02 -8.51420e-02 4 11 1 58.82345 2 3 11
181 13 6.95879e-01 6.10527e-02 3.17725e-02 -8.42981e-02 4 11 1 58.90895 2 3 11
181 13 6.94480e-01 7.05752e-02 3.59497e-02 -8.32296e-02 4 11 1 59.01977 2 3 11
181 13 6.92662e-01 8.18646e-02 4.05447e-02 -8.18726e-02 4 11 1 59.16505 2 3 11
181 13 6.90260e-01 9.56202e-02 4.55992e-02 -8.01358e-02 4 11 1 59.35952 2 3 11
181 13 6.86980e-01 1.13181e-01 5.11591e-02 -7.78715e-02 4 11 1 59.63078 2 3 11
181 13 6.82132e-01 1.37967e-01 5.72750e-02 -7.47619e-02 4 11 1 60.04875 2 3 11
181 13 6.69400e-01 2.03935e-01 6.40025e-02 -6.80087e-02 4 11 1 61.35199 2 3 11
182 13 7.11756e-01 -1.25989e-03 1.00000e-03 -8.00293e-02 12 12 0 64.56020 12 12 12
182 13 7.11749e-01 -2.64551e-03 2.10000e-03 -8.00146e-02 12 12 0 64.56166 12 12 12
182 13 7.11735e-01 -4.16908e-03 3.31000e-03 -7.99863e-02 12 12 0 64.56444 12 12 12
182 13 7.11713e-01 -5.84383e-03 4.64100e-03 -7.99407e-02 12 12 0 64.56896 12 12 12
182 13 7.11681e-01 -7.68406e-03 6.10510e-03 -7.98728e-02 12 12 0 64.57569 12 12 12
182 13 7.11635e-01 -9.70513e-03 7.71561e-03 -7.97767e-02 12 12 0 64.58525 12 12 12
182 13 7.11572e-01 -1.19234e-02 9.48717e-03 -7.96451e-02 12 12 0 64.59839 12 12 12
182 13 7.11488e-01 -1.43563e-02 1.14359e-02 -7.94688e-02 12 12 0 64.61610 12 12 12
182 13 7.11378e-01 -1.70217e-02 1.35795e-02 -7.92368e-02 12 12 0 64.63959 12 12 12
182 13 7.11237e-01 -1.99381e-02 1.59374e-02 -7.89353e-02 12 12 0 64.67042 12 12 12
182 13 7.11058e-01 -2.31238e-02 1.85312e-02 -7.85474e-02 12 12 0 64.71058 12 12 12
182 13 7.10831e-01 -2.65964e-02 2.13843e-02 -7.80527e-02 12 12 0 64.76265 12 12 12
182 13 7.10548e-01 -3.03713e-02 2.45227e-02 -7.74260e-02 12 12 0 64.82996 12 12 12
182 13 7.10196e-01 -3.44608e-02 2.79750e-02 -7.66371e-02 12 12 0 64.91683 12 12 12
182 13 7.09761e-01 -3.88722e-02 3.17725e-02 -7.56503e-02 12 12 0 65.02881 12 12 12
182 13 7.09219e-01 -4.36074e-02 3.59497e-02 -7.44250e-02 12 12 0 65.17284 12 12 12
182 13 7.08537e-01 -4.86664e-02 4.05447e-02 -7.29174e-02 12 12 0 65.35711 12 12 12
182 13 7.07658e-01 -5.40690e-02 4.55992e-02 -7.10853e-02 12 12 0 65.59005 12 12 12
182 13 7.06492e-01 -5.99661e-02 5.11591e-02 -6.88838e-02 12 12 0 65.87919 12 12 12
182 13 7.05020e-01 -6.79911e-02 5.72750e-02 -6.60932e-02 12 12 0 66.25297 12 12 12
183 13 7.33154e-01 -1.28947e-03 1.00000e-03 -6.45699e-02 13 13 0 80.02601 13 13 13
183 13 7.33136e-01 -2.70790e-03 2.10000e-03 -6.45634e-02 13 13 0 80.02581 13 13 13
183 13 7.33101e-01 -4.26819e-03 3.31000e-03 -6.45510e-02 13 13 0 80.02544 13 13 13
183 13 7.33044e-01 -5.98456e-03 4.64100e-03 -6.45309e-02 13 13 0 80.02484 13 13 13
183 13 7.32960e-01 -7.87264e-03 6.10510e-03 -6.45011e-02 13 13 0 80.02394 13 13 13
183 13 7.32840e-01 -9.94965e-03 7.71561e-03 -6.44589e-02 13 13 0 80.02267 13 13 13
183 13 7.32676e-01 -1.22346e-02 9.48717e-03 -6.44012e-02 13 13 0 80.02093 13 13 13
183 13 7.32457e-01 -1.47482e-02 1.14359e-02 -6.43239e-02 13 13 0 80.01859 13 13 13
183 13 7.32169e-01 -1.75137e-02 1.35795e-02 -6.42223e-02 13 13 0 80.01550 13 13 13
183 13 7.31795e-01 -2.05562e-02 1.59374e-02 -6.40904e-02 13 13 0 80.01147 13 13 13
183 13 7.31313e-01 -2.39039e-02 1.85312e-02 -6.39209e-02 13 13 0 80.00625 13 13 13
183 13 7.30700e-01 -2.75874e-02 2.13843e-02 -6.37050e-02 13 13 0 79.99954 13 13 13
183 13 7.29923e-01 -3.16410e-02 2.45227e-02 -6.34319e-02 13 13 0 79.99095 13 13 13
183 13 7.28945e-01 -3.61022e-02 2.79750e-02 -6.30882e-02 13 13 0 79.97999 13 13 13
183 13 7.27718e-01 -4.10126e-02 3.17725e-02 -6.26579e-02 13 13 0 79.96603 13 13 13
183 13 7.26186e-01 -4.64184e-02 3.59497e-02 -6.21211e-02 13 13 0 79.94822 13 13 13
183 13 7.24277e-01 -5.23708e-02 4.05447e-02 -6.14540e-02 13 13 0 79.92550 13 13 13
184 13 7.39756e-01 -1.22255e-03 1.00000e-03 -5.97083e-02 14 14 0 86.37276 12 14 14
184 13 7.39736e-01 -2.56725e-03 2.10000e-03 -5.97034e-02 14 14 0 86.37335 12 14 14
184 13 7.39697e-01 -4.04617e-03 3.31000e-03 -5.96942e-02 14 14 0 86.37447 12 14 14
184 13 7.39636e-01 -5.67250e-03 4.64100e-03 -5.96792e-02 14 14 0 86.37629 12 14 14
184 13 7.39543e-01 -7.46066e-03 6.10510e-03 -5.96569e-02 14 14 0 86.37899 12 14 14
184 13 7.39413e-01 -9.42635e-03 7.71561e-03 -5.96253e-02 14 14 0 86.38281 12 14 14
184 13 7.39235e-01 -1.15867e-02 9.48717e-03 -5.95821e-02 14 14 0 86.38802 12 14 14
184 13 7.38996e-01 -1.39601e-02 1.14359e-02 -5.95243e-02 14 14 0 86.39498 12 14 14
184 13 7.38683e-01 -1.65666e-02 1.35795e-02 -5.94481e-02 14 14 0 86.40409 12 14 14
184 13 7.38276e-01 -1.94278e-02 1.59374e-02 -5.93492e-02 14 14 0 86.41585 12 14 14
184 13 7.37753e-01 -2.25665e-02 1.85312e-02 -5.92219e-02 14 14 0 86.43086 12 14 14
184 13 7.37088e-01 -2.60072e-02 2.13843e-02 -5.90595e-02 14 14 0 86.44981 12 14 14
184 13 7.36247e-01 -2.97754e-02 2.45227e-02 -5.88537e-02 14 14 0 86.47352 12 14 14
184 13 7.35190e-01 -3.38976e-02 2.79750e-02 -5.85939e-02 14 14 0 86.50291 12 14 14
184 13 7.33868e-01 -3.84013e-02 3.17725e-02 -5.82677e-02 14 14 0 86.53902 12 14 14
184 13 7.32222e-01 -4.33136e-02 3.59497e-02 -5.78590e-02 14 14 0 86.58297 12 14 14
184 13 7.30180e-01 -4.86615e-02 4.05447e-02 -5.73484e-02 14 14 0 86.63590 14 14 14
184 13 7.27657e-01 -5.44709e-02 4.55992e-02 -5.67114e-02 14 14 0 86.69885 14 14 14
184 13 7.24546e-01 -6.07661e-02 5.11591e-02 -5.59173e-02 14 14 0 86.77261 14 14 14
184 13 7.20723e-01 -6.75710e-02 5.72750e-02 -5.49278e-02 14 14 0 86.85737 14 14 14
184 13 7.16032e-01 -7.49153e-02 6.40025e-02 -5.36950e-02 14 14 0 86.95225 14 14 14
184 13 7.10272e-01 -8.28863e-02 7.14028e-02 -5.21637e-02 14 14 0 87.05445 14 14 14
184 13 7.02944e-01 -9.25951e-02 7.95430e-02 -5.03460e-02 14 14 0 87.15789 14 14 14
184 13 6.92317e-01 -1.11170e-01 8.84973e-02 -4.83433e-02 14 14 0 87.31446 10 14 14
185 13 7.49093e-01 -8.11407e-04 1.00000e-03 -5.27581e-02 15 15 0 97.27281 3 15 15
185 13 7.49075e-01 -1.70395e-03 2.10000e-03 -5.27533e-02 15 15 0 97.27307 3 15 15
185 13 7.49041e-01 -2.68573e-03 3.31000e-03 -5.27439e-02 15 15 0 97.27357 3 15 15
185 13 7.48986e-01 -3.76566e-03 4.64100e-03 -5.27287e-02 15 15 0 97.27439 3 15 15
185 13 7.48904e-01 -4.95354e-03 6.10510e-03 -5.27061e-02 15 15 0 97.27560 3 15 15
185 13 7.48788e-01 -6.26013e-03 7.71561e-03 -5.26742e-02 15 15 0 97.27731 3 15 15
185 13 7.48630e-01 -7.69727e-03 9.48717e-03 -5.26305e-02 15 15 0 97.27965 3 15 15
185 13 7.48417e-01 -9.27794e-03 1.14359e-02 -5.25720e-02 15 15 0 97.28277 3 15 15
185 13 7.48138e-01 -1.10164e-02 1.35795e-02 -5.24951e-02 15 15 0 97.28686 3 15 15
185 13 7.47776e-01 -1.29283e-02 1.59374e-02 -5.23953e-02 15 15 0 97.29215 3 15 15
185 13 7.47310e-01 -1.50307e-02 1.85312e-02 -5.22672e-02 15 15 0 97.29891 3 15 15
185 13 7.46716e-01 -1.73424e-02 2.13843e-02 -5.21039e-02 15 15 0 97.30745 3 15 15
185 13 7.45964e-01 -1.98838e-02 2.45227e-02 -5.18973e-02 15 15 0 97.31816 3 15 15
185 13 7.45018e-01 -2.26772e-02 2.79750e-02 -5.16375e-02 15 15 0 97.33148 3 15 15
185 13 7.43831e-01 -2.57469e-02 3.17725e-02 -5.13121e-02 15 15 0 97.34791 3 15 15
185 13 7.42349e-01 -2.91191e-02 3.59497e-02 -5.09061e-02 15 15 0 97.36803 3 15 15
185 13 7.40505e-01 -3.28226e-02 4.05447e-02 -5.04013e-02 15 15 0 97.39246 3 15 15
185 13 7.38216e-01 -3.68895e-02 4.55992e-02 -4.97748e-02 15 15 0 97.42188 3 15 15
185 13 7.35382e-01 -4.13563e-02 5.11591e-02 -4.89984e-02 15 15 0 97.45697 3 15 15
185 13 7.31880e-01 -4.62685e-02 5.72750e-02 -4.80368e-02 15 15 0 97.49838 3 15 15
185 13 7.27559e-01 -5.16882e-02 6.40025e-02 -4.68449e-02 15 15 0 97.54676 3 15 15
185 13 7.22235e-01 -5.77130e-02 7.14028e-02 -4.53646e-02 15 15 0 97.60285 3 15 15
185 13 7.15675e-01 -6.45158e-02 7.95430e-02 -4.35212e-02 15 15 0 97.66826 3 15 15
185 13 7.07574e-01 -7.24251e-02 8.84973e-02 -4.12215e-02 15 15 0 97.74811 3 15 15
186 13 7.54628e-01 -2.63454e-03 1.00000e-03 -4.85930e-02 16 16 0 105.15220 4 16 16
186 13 7.54600e-01 -5.53239e-03 2.10000e-03 -4.85856e-02 16 16 0 105.15254 4 16 16
186 13 7.54545e-01 -8.71968e-03 3.31000e-03 -4.85712e-02 16 16 0 105.15318 4 16 16
186 13 7.54457e-01 -1.22250e-02 4.64100e-03 -4.85480e-02 16 16 0 105.15422 4 16 16
186 13 7.54326e-01 -1.60797e-02 6.10510e-03 -4.85136e-02 16 16 0 105.15576 4 16 16
186 13 7.54141e-01 -2.03181e-02 7.71561e-03 -4.84649e-02 16 16 0 105.15794 4 16 16
186 13 7.53887e-01 -2.49774e-02 9.48717e-03 -4.83982e-02 16 16 0 105.16091 4 16 16
186 13 7.53548e-01 -3.00981e-02 1.14359e-02 -4.83092e-02 16 16 0 105.16487 4 16 16
186 13 7.53102e-01 -3.57244e-02 1.35795e-02 -4.81922e-02 16 16 0 105.17005 4 16 16
186 13 7.52522e-01 -4.19032e-02 1.59374e-02 -4.80408e-02 16 16 0 105.17674 4 16 16
186 13 7.51777e-01 -4.86850e-02 1.85312e-02 -4.78468e-02 16 16 0 105.18524 4 16 16
186 13 7.50828e-01 -5.61222e-02 2.13843e-02 -4.76007e-02 16 16 0 105.19597 4 16 16
186 13 7.49627e-01 -6.42686e-02 2.45227e-02 -4.72910e-02 16 16 0 105.20936 4 16 16
186 13 7.48116e-01 -7.31760e-02 2.79750e-02 -4.69045e-02 16 16 0 105.22595 4 16 16
186 13 7.46223e-01 -8.28894e-02 3.17725e-02 -4.64258e-02 16 16 0 105.24635 4 16 16
186 13 7.43865e-01 -9.34371e-02 3.59497e-02 -4.58385e-02 16 16 0 105.27134 4 16 16
186 13 7.40939e-01 -1.04812e-01 4.05447e-02 -4.51259e-02 16 16 0 105.30197 4 16 16
186 13 7.37325e-01 -1.16937e-01 4.55992e-02 -4.42757e-02 16 16 0 105.33995 4 16 16
186 13 7.32887e-01 -1.29609e-01 5.11591e-02 -4.32858e-02 16 16 0 105.38864 4 16 16
186 13 7.27477e-01 -1.42461e-01 5.72750e-02 -4.21725e-02 16 16 0 105.45479 4 16 16
186 13 7.20926e-01 -1.55064e-01 6.40025e-02 -4.09619e-02 16 16 0 105.54974 4 16 16
186 13 7.13024e-01 -1.67256e-01 7.14028e-02 -3.96525e-02 16 16 0 105.68604 3 16 16
186 13 7.03480e-01 -1.79329e-01 7.95430e-02 -3.81762e-02 15 16 0 105.87231 3 16 16
186 13 6.91903e-01 -1.92078e-01 8.84973e-02 -3.63624e-02 15 16 0 106.11138 3 16 16
186 13 6.77728e-01 -2.06861e-01 9.83471e-02 -3.39192e-02 15 16 0 106.39744 3 16 16
187 13 7.62181e-01 -1.84881e-03 1.00000e-03 -4.28666e-02 17 17 0 118.24444 7 17 17
187 13 7.62160e-01 -3.88253e-03 2.10000e-03 -4.28600e-02 17 17 0 118.24479 7 17 17
187 13 7.62119e-01 -6.11970e-03 3.31000e-03 -4.28473e-02 17 17 0 118.24548 7 17 17
187 13 7.62053e-01 -8.58074e-03 4.64100e-03 -4.28268e-02 17 17 0 118.24659 7 17 17
187 13 7.61954e-01 -1.12881e-02 6.10510e-03 -4.27963e-02 17 17 0 118.24823 7 17 17
187 13 7.61815e-01 -1.42666e-02 7.71561e-03 -4.27531e-02 17 17 0 118.25056 7 17 17
187 13 7.61624e-01 -1.75436e-02 9.48717e-03 -4.26939e-02 17 17 0 118.25375 7 17 17
187 13 7.61369e-01 -2.11491e-02 1.14359e-02 -4.26147e-02 17 17 0 118.25802 7 17 17
187 13 7.61033e-01 -2.51166e-02 1.35795e-02 -4.25105e-02 17 17 0 118.26364 7 17 17
187 13 7.60597e-01 -2.94828e-02 1.59374e-02 -4.23750e-02 17 17 0 118.27094 7 17 17
187 13 7.60036e-01 -3.42885e-02 1.85312e-02 -4.22007e-02 17 17 0 118.28032 7 17 17
187 13 7.59323e-01 -3.95789e-02 2.13843e-02 -4.19782e-02 17 17 0 118.29228 7 17 17
187 13 7.58419e-01 -4.54047e-02 2.45227e-02 -4.16959e-02 17 17 0 118.30746 7 17 17
187 13 7.57282e-01 -5.18222e-02 2.79750e-02 -4.13395e-02 17 17 0 118.32661 7 17 17
187 13 7.55858e-01 -5.88956e-02 3.17725e-02 -4.08909e-02 17 17 0 118.35073 7 17 17
187 13 7.54081e-01 -6.66983e-02 3.59497e-02 -4.03277e-02 17 17 0 118.38108 7 17 17
187 13 7.51873e-01 -7.53177e-02 4.05447e-02 -3.96211e-02 17 17 0 118.41934 7 17 17
187 13 7.49136e-01 -8.48630e-02 4.55992e-02 -3.87336e-02 17 17 0 118.46791 7 17 17
187 13 7.45753e-01 -9.54876e-02 5.11591e-02 -3.76146e-02 17 17 0 118.53043 7 17 17
187 13 7.41574e-01 -1.07454e-01 5.72750e-02 -3.61922e-02 17 17 0 118.61333 7 17 17
187 13 7.36384e-01 -1.21381e-01 6.40025e-02 -3.43540e-02 17 17 0 118.73116 7 17 17
187 13 7.29712e-01 -1.39367e-01 7.14028e-02 -3.18902e-02 17 17 0 118.93761 6 17 17
188 13 7.67988e-01 -1.72167e-03 1.00000e-03 -3.84239e-02 18 18 0 130.82865 10 18 18
188 13 7.67969e-01 -3.61568e-03 2.10000e-03 -3.84162e-02 18 18 0 130.82981 10 18 18
188 13 7.67933e-01 -5.69948e-03 3.31000e-03 -3.84014e-02 18 18 0 130.83204 10 18 18
188 13 7.67875e-01 -7.99245e-03 4.64100e-03 -3.83774e-02 18 18 0 130.83565 10 18 18
188 13 7.67789e-01 -1.05160e-02 6.10510e-03 -3.83418e-02 18 18 0 130.84104 10 18 18
188 13 7.67666e-01 -1.32940e-02 7.71561e-03 -3.82914e-02 18 18 0 130.84867 10 18 18
188 13 7.67499e-01 -1.63531e-02 9.48717e-03 -3.82224e-02 18 18 0 130.85918 10 18 18
188 13 7.67275e-01 -1.97228e-02 1.14359e-02 -3.81298e-02 18 18 0 130.87331 10 18 18
188 13 7.66979e-01 -2.34365e-02 1.35795e-02 -3.80080e-02 18 18 0 130.89203 10 18 18
188 13 7.66596e-01 -2.75318e-02 1.59374e-02 -3.78497e-02 18 18 0 130.91658 10 18 18
188 13 7.66103e-01 -3.20512e-02 1.85312e-02 -3.76458e-02 18 18 0 130.94850 10 18 18
188 13 7.65474e-01 -3.70432e-02 2.13843e-02 -3.73854e-02 18 18 0 130.98983 10 18 18
188 13 7.64677e-01 -4.25636e-02 2.45227e-02 -3.70549e-02 18 18 0 131.04319 10 18 18
188 13 7.63673e-01 -4.86768e-02 2.79750e-02 -3.66375e-02 18 18 0 131.11205 10 18 18
188 13 7.62411e-01 -5.54572e-02 3.17725e-02 -3.61125e-02 18 18 0 131.20101 10 18 18
188 13 7.60833e-01 -6.29892e-02 3.59497e-02 -3.54543e-02 18 18 0 131.31630 10 18 18
188 13 7.58863e-01 -7.13619e-02 4.05447e-02 -3.46309e-02 18 18 0 131.46645 10 18 18
188 13 7.56418e-01 -8.06411e-02 4.55992e-02 -3.36017e-02 18 18 0 131.66348 10 18 18
188 13 7.53414e-01 -9.07581e-02 5.11591e-02 -3.23120e-02 18 18 0 131.92568 10 18 18
188 13 7.49849e-01 -1.01102e-01 5.72750e-02 -3.06836e-02 18 18 0 132.28725 12 18 18
189 13 7.72491e-01 -1.67723e-03 1.00000e-03 -3.49557e-02 19 19 0 142.65577 15 19 19
189 13 7.72491e-01 -3.52180e-03 2.10000e-03 -3.49343e-02 19 19 0 142.67191 15 19 19
189 13 7.72490e-01 -5.54990e-03 3.31000e-03 -3.48928e-02 19 19 0 142.70364 15 19 19
189 13 7.72491e-01 -7.77901e-03 4.64100e-03 -3.48244e-02 19 19 0 142.75708 15 19 19
189 13 7.72496e-01 -1.02277e-02 6.10510e-03 -3.47197e-02 19 19 0 142.84185 15 19 19
189 13 7.72512e-01 -1.29150e-02 7.71561e-03 -3.45651e-02 19 19 0 142.97398 15 19 19
189 13 7.72552e-01 -1.58563e-02 9.48717e-03 -3.43394e-02 19 19 0 143.18201 13 19 19
189 13 7.72642e-01 -1.90460e-02 1.14359e-02 -3.40102e-02 19 19 0 143.51907 13 19 19
189 13 7.72818e-01 -2.23886e-02 1.35795e-02 -3.35369e-02 19 19 0 144.07403 13 19 19
189 13 7.73062e-01 -2.55626e-02 1.59374e-02 -3.29244e-02 19 19 0 144.89922 13 19 19
189 13 7.73211e-01 -2.82618e-02 1.85312e-02 -3.22893e-02 19 19 0 145.82939 13 19 19
189 13 7.73124e-01 -3.06439e-02 2.13843e-02 -3.17168e-02 19 19 0 146.66164 13 19 19
189 13 7.72765e-01 -3.29758e-02 2.45227e-02 -3.11996e-02 19 19 0 147.35046 13 19 19
189 13 7.72121e-01 -3.54043e-02 2.79750e-02 -3.07082e-02 19 19 0 147.91457 11 19 19
189 13 7.71166e-01 -3.79940e-02 3.17725e-02 -3.02157e-02 19 19 0 148.37828 9 19 19
189 13 7.69859e-01 -4.07678e-02 3.59497e-02 -2.96990e-02 19 19 0 148.76079 9 19 19
189 13 7.68144e-01 -4.37260e-02 4.05447e-02 -2.91357e-02 19 19 0 149.07608 9 19 19
189 13 7.65946e-01 -4.68568e-02 4.55992e-02 -2.85026e-02 19 19 0 149.33409 7 19 19
189 13 7.63172e-01 -5.01462e-02 5.11591e-02 -2.77742e-02 19 19 0 149.54153 5 19 19
189 13 7.59703e-01 -5.35968e-02 5.72750e-02 -2.69206e-02 19 19 0 149.70229 5 19 19
190 13 7.76753e-01 8.63305e-03 1.00000e-03 -3.16183e-02 3 16 1 156.26240 3 4 17
190 13 7.76599e-01 1.81293e-02 2.10000e-03 -3.15936e-02 3 16 1 156.28207 3 4 17
190 13 7.76304e-01 2.85753e-02 3.31000e-03 -3.15463e-02 3 16 1 156.32020 3 4 17
190 13 7.75827e-01 4.00666e-02 4.64100e-03 -3.14694e-02 3 16 1 156.38292 3 4 17
190 13 7.75117e-01 5.27104e-02 6.10510e-03 -3.13547e-02 3 16 1 156.47868 3 4 17
190 13 7.74112e-01 6.66289e-02 7.71561e-03 -3.11910e-02 3 16 1 156.61946 3 4 17
190 13 7.72735e-01 8.19658e-02 9.48717e-03 -3.09644e-02 3 16 1 156.82278 3 4 17
190 13 7.70886e-01 9.88998e-02 1.14359e-02 -3.06560e-02 3 16 1 157.11530 3 4 17
190 13 7.68438e-01 1.17670e-01 1.35795e-02 -3.02399e-02 3 16 1 157.53954 3 4 17
190 13 7.65213e-01 1.38633e-01 1.59374e-02 -2.96779e-02 3 16 1 158.16789 3 4 17
190 13 7.60947e-01 1.62408e-01 1.85312e-02 -2.89079e-02 3 16 1 159.13634 3 4 17
190 13 7.55154e-01 1.90312e-01 2.13843e-02 -2.78088e-02 3 16 1 160.74729 3 4 17
190 13 7.46519e-01 2.26484e-01 2.45227e-02 -2.60337e-02 3 16 1 163.97464 3 4 17
190 13 7.46495e-01 2.23115e-01 2.79750e-02 -2.59030e-02 3 14 1 164.22789 3 4 15
190 13 7.46864e-01 2.16911e-01 3.17725e-02 -2.58578e-02 3 14 1 164.25958 3 4 16
190 13 7.46999e-01 2.10214e-01 3.59497e-02 -2.57724e-02 3 14 1 164.31715 3 4 18
190 13 7.46835e-01 2.02957e-01 4.05447e-02 -2.56367e-02 3 14 1 164.40378 3 4 20
190 13 7.46301e-01 1.95016e-01 4.55992e-02 -2.54386e-02 3 16 1 164.51873 3 4 20
190 13 7.45325e-01 1.86169e-01 5.11591e-02 -2.51625e-02 3 18 1 164.65381 3 4 20
190 13 7.43840e-01 1.76043e-01 5.72750e-02 -2.47870e-02 3 20 1 164.78915 3 4 20
191 13 7.78706e-01 -1.65631e-03 1.00000e-03 -3.01352e-02 20 20 0 163.21523 10 20 20
191 13 7.78683e-01 -3.47822e-03 2.10000e-03 -3.01318e-02 20 20 0 163.21826 10 20 20
191 13 7.78638e-01 -5.48228e-03 3.31000e-03 -3.01252e-02 20 20 0 163.22406 10 20 20
191 13 7.78565e-01 -7.68666e-03 4.64100e-03 -3.01147e-02 20 20 0 163.23341 10 20 20
191 13 7.78456e-01 -1.01113e-02 6.10510e-03 -3.00989e-02 20 20 0 163.24725 10 20 20
191 13 7.78303e-01 -1.27782e-02 7.71561e-03 -3.00766e-02 20 20 0 163.26670 10 20 20
191 13 7.78093e-01 -1.57115e-02 9.48717e-03 -3.00459e-02 20 20 0 163.29309 10 20 20
191 13 7.77812e-01 -1.89376e-02 1.14359e-02 -3.00046e-02 20 20 0 163.32795 10 20 20
191 13 7.77443e-01 -2.24859e-02 1.35795e-02 -2.99500e-02 20 20 0 163.37303 10 20 20
191 13 7.76964e-01 -2.63888e-02 1.59374e-02 -2.98784e-02 20 20 0 163.43021 10 20 20
191 13 7.76351e-01 -3.06823e-02 1.85312e-02 -2.97855e-02 20 20 0 163.50145 10 20 20
191 13 7.75570e-01 -3.54079e-02 2.13843e-02 -2.96654e-02 20 20 0 163.58861 10 20 20
191 13 7.74585e-01 -4.06141e-02 2.45227e-02 -2.95108e-02 20 20 0 163.69309 10 20 20
191 13 7.73348e-01 -4.63613e-02 2.79750e-02 -2.93120e-02 20 20 0 163.81545 10 20 20
191 13 7.71802e-01 -5.27294e-02 3.17725e-02 -2.90564e-02 20 20 0 163.95471 10 20 20
191 13 7.69875e-01 -5.98314e-02 3.59497e-02 -2.87277e-02 20 20 0 164.10764 10 20 20
191 13 7.67475e-01 -6.78323e-02 4.05447e-02 -2.83044e-02 20 20 0 164.26806 10 20 20
191 13 7.64481e-01 -7.69739e-02 4.55992e-02 -2.77591e-02 20 20 0 164.42640 10 20 20
191 13 7.60728e-01 -8.75972e-02 5.11591e-02 -2.70568e-02 20 20 0 164.56983 10 20 20
192 13 7.81922e-01 -1.67459e-03 1.00000e-03 -2.76261e-02 21 21 0 176.47716 11 21 21
192 13 7.81899e-01 -3.51669e-03 2.10000e-03 -2.76224e-02 21 21 0 176.47787 11 21 21
192 13 7.81854e-01 -5.54310e-03 3.31000e-03 -2.76153e-02 21 21 0 176.47925 11 21 21
192 13 7.81782e-01 -7.77236e-03 4.64100e-03 -2.76037e-02 21 21 0 176.48147 11 21 21
192 13 7.81675e-01 -1.02249e-02 6.10510e-03 -2.75866e-02 21 21 0 176.48477 11 21 21
192 13 7.81524e-01 -1.29232e-02 7.71561e-03 -2.75623e-02 21 21 0 176.48942 11 21 21
192 13 7.81317e-01 -1.58922e-02 9.48717e-03 -2.75290e-02 21 21 0 176.49578 11 21 21
192 13 7.81040e-01 -1.91594e-02 1.14359e-02 -2.74845e-02 21 21 0 176.50425 11 21 21
192 13 7.80675e-01 -2.27551e-02 1.35795e-02 -2.74260e-02 21 21 0 176.51534 11 21 21
192 13 7.80201e-01 -2.67129e-02 1.59374e-02 -2.73499e-02 21 21 0 176.52964 11 21 21
192 13 7.79592e-01 -3.10701e-02 1.85312e-02 -2.72521e-02 21 21 0 176.54785 11 21 21
192 13 7.78815e-01 -3.58682e-02 2.13843e-02 -2.71274e-02 21 21 0 176.57078 11 21 21
192 13 7.77831e-01 -4.11530e-02 2.45227e-02 -2.69694e-02 21 21 0 176.59937 11 21 21
192 13 7.76591e-01 -4.69758e-02 2.79750e-02 -2.67702e-02 21 21 0 176.63464 11 21 21
192 13 7.75036e-01 -5.33938e-02 3.17725e-02 -2.65203e-02 21 21 0 176.67767 11 21 21
192 13 7.73092e-01 -6.04710e-02 3.59497e-02 -2.62077e-02 21 21 0 176.72953 11 21 21
192 13 7.70668e-01 -6.82795e-02 4.05447e-02 -2.58181e-02 21 21 0 176.79105 11 21 21
192 13 7.67654e-01 -7.69035e-02 4.55992e-02 -2.53338e-02 21 21 0 176.86257 11 21 21
192 13 7.63905e-01 -8.64513e-02 5.11591e-02 -2.47347e-02 21 21 0 176.94339 11 21 21
192 13 7.59231e-01 -9.71099e-02 5.72750e-02 -2.39999e-02 21 21 0 177.03165 13 21 21
192 13 7.53326e-01 -1.09387e-01 6.40025e-02 -2.31187e-02 21 21 0 177.12889 13 21 21
192 13 7.45700e-01 -1.24362e-01 7.14028e-02 -2.20743e-02 21 21 0 177.26795 13 21 21
193 13 7.85047e-01 -1.80760e-03 1.00000e-03 -2.51775e-02 22 22 0 191.73365 10 22 22
193 13 7.85023e-01 -3.79598e-03 2.10000e-03 -2.51734e-02 22 22 0 191.73387 10 22 22
193 13 7.84978e-01 -5.98323e-03 3.31000e-03 -2.51656e-02 22 22 0 191.73427 10 22 22
193 13 7.84905e-01 -8.38929e-03 4.64100e-03 -2.51528e-02 22 22 0 191.73493 10 22 22
193 13 7.84796e-01 -1.10361e-02 6.10510e-03 -2.51339e-02 22 22 0 191.73590 10 22 22
193 13 7.84642e-01 -1.39478e-02 7.71561e-03 -2.51071e-02 22 22 0 191.73726 10 22 22
193 13 7.84431e-01 -1.71510e-02 9.48717e-03 -2.50704e-02 22 22 0 191.73911 10 22 22
193 13 7.84148e-01 -2.06750e-02 1.14359e-02 -2.50214e-02 22 22 0 191.74154 10 22 22
193 13 7.83777e-01 -2.45521e-02 1.35795e-02 -2.49570e-02 22 22 0 191.74468 10 22 22
193 13 7.83294e-01 -2.88179e-02 1.59374e-02 -2.48734e-02 22 22 0 191.74866 10 22 22
193 13 7.82673e-01 -3.35118e-02 1.85312e-02 -2.47662e-02 22 22 0 191.75360 10 22 22
193 13 7.81881e-01 -3.86772e-02 2.13843e-02 -2.46298e-02 22 22 0 191.75962 9 22 22
193 13 7.80877e-01 -4.43621e-02 2.45227e-02 -2.44577e-02 22 22 0 191.76681 9 22 22
193 13 7.79612e-01 -5.06198e-02 2.79750e-02 -2.42418e-02 22 22 0 191.77523 8 22 22
193 13 7.78023e-01 -5.75095e-02 3.17725e-02 -2.39726e-02 22 22 0 191.78480 8 22 22
193 13 7.76033e-01 -6.50972e-02 3.59497e-02 -2.36388e-02 22 22 0 191.79536 8 22 22
193 13 7.73549e-01 -7.34564e-02 4.05447e-02 -2.32269e-02 22 22 0 191.80661 8 22 22
193 13 7.70452e-01 -8.26671e-02 4.55992e-02 -2.27216e-02 22 22 0 191.81832 8 22 22
193 13 7.66598e-01 -9.28038e-02 5.11591e-02 -2.21045e-02 22 22 0 191.83086 8 22 22
193 13 7.61823e-01 -1.03852e-01 5.72750e-02 -2.13514e-02 22 22 0 191.84789 8 22 22
193 13 7.56056e-01 -1.15112e-01 6.40025e-02 -2.04159e-02 22 22 0 191.89670 10 22 22
194 13 7.88071e-01 -9.44131e-04 1.00000e-03 -2.27997e-02 22 23 0 209.39706 4 23 23
194 13 7.88053e-01 -1.98243e-03 2.10000e-03 -2.27959e-02 21 23 0 209.39751 4 23 23
194 13 7.88017e-01 -3.12394e-03 3.31000e-03 -2.27885e-02 22 23 0 209.39837 4 23 23
194 13 7.87959e-01 -4.37843e-03 4.64100e-03 -2.27765e-02 21 23 0 209.39975 4 23 23
194 13 7.87873e-01 -5.75637e-03 6.10510e-03 -2.27586e-02 22 23 0 209.40182 4 23 23
194 13 7.87751e-01 -7.26889e-03 7.71561e-03 -2.27333e-02 22 23 0 209.40476 4 23 23
194 13 7.87585e-01 -8.92769e-03 9.48717e-03 -2.26986e-02 22 23 0 209.40881 4 23 23
194 13 7.87362e-01 -1.07448e-02 1.14359e-02 -2.26521e-02 22 23 0 209.41428 4 23 23
194 13 7.87070e-01 -1.27323e-02 1.35795e-02 -2.25907e-02 22 23 0 209.42158 4 23 23
194 13 7.86691e-01 -1.49017e-02 1.59374e-02 -2.25107e-02 22 23 0 209.43123 4 23 23
194 13 7.86206e-01 -1.72631e-02 1.85312e-02 -2.24074e-02 22 23 0 209.44397 4 23 23
194 13 7.85590e-01 -1.98234e-02 2.13843e-02 -2.22747e-02 22 23 0 209.46084 4 23 23
194 13 7.84814e-01 -2.25839e-02 2.45227e-02 -2.21052e-02 22 23 0 209.48338 4 23 23
194 13 7.83843e-01 -2.55361e-02 2.79750e-02 -2.18892e-02 22 23 0 209.51400 4 23 23
194 13 7.82638e-01 -2.86545e-02 3.17725e-02 -2.16141e-02 22 23 0 209.55657 4 23 23
194 13 7.81153e-01 -3.18852e-02 3.59497e-02 -2.12631e-02 22 23 0 209.61753 4 23 23
194 13 7.79338e-01 -3.51297e-02 4.05447e-02 -2.08134e-02 23 23 0 209.70759 4 23 23
194 13 7.77140e-01 -3.82236e-02 4.55992e-02 -2.02329e-02 23 23 0 209.84379 5 23 23
194 13 7.74512e-01 -4.09149e-02 5.11591e-02 -1.94753e-02 23 23 0 210.05068 5 23 23
195 13 7.90440e-01 -1.37999e-03 1.00000e-03 -2.09296e-02 24 24 0 225.84750 24 24 24
195 13 7.90420e-01 -2.89790e-03 2.10000e-03 -2.09250e-02 24 24 0 225.84855 24 24 24
195 13 7.90382e-01 -4.56736e-03 3.31000e-03 -2.09160e-02 24 24 0 225.85058 24 24 24
195 13 7.90321e-01 -6.40335e-03 4.64100e-03 -2.09016e-02 24 24 0 225.85385 24 24 24
195 13 7.90230e-01 -8.42221e-03 6.10510e-03 -2.08800e-02 24 24 0 225.85872 24 24 24
195 13 7.90101e-01 -1.06418e-02 7.71561e-03 -2.08495e-02 24 24 0 225.86562 24 24 24
195 13 7.89924e-01 -1.30815e-02 9.48717e-03 -2.08078e-02 24 24 0 225.87511 24 24 24
195 13 7.89688e-01 -1.57623e-02 1.14359e-02 -2.07519e-02 24 24 0 225.88786 24 24 24
195 13 7.89377e-01 -1.87070e-02 1.35795e-02 -2.06784e-02 24 24 0 225.90472 24 24 24
195 13 7.88974e-01 -2.19396e-02 1.59374e-02 -2.05829e-02 24 24 0 225.92678 24 24 24
195 13 7.88456e-01 -2.54856e-02 1.85312e-02 -2.04601e-02 24 24 0 225.95538 24 24 24
195 13 7.87797e-01 -2.93709e-02 2.13843e-02 -2.03036e-02 24 24 0 225.99228 24 24 24
195 13 7.86963e-01 -3.36208e-02 2.45227e-02 -2.01056e-02 24 24 0 226.03969 24 24 24
195 13 7.85915e-01 -3.82573e-02 2.79750e-02 -1.98571e-02 24 24 0 226.10056 24 24 24
195 13 7.84603e-01 -4.32941e-02 3.17725e-02 -1.95474e-02 24 24 0 226.17887 24 24 24
195 13 7.82968e-01 -4.87274e-02 3.59497e-02 -1.91651e-02 24 24 0 226.28046 24 24 24
195 13 7.80934e-01 -5.45181e-02 4.05447e-02 -1.86987e-02 24 24 0 226.41502 24 24 24
195 13 7.78417e-01 -6.05601e-02 4.55992e-02 -1.81368e-02 24 24 0 226.60133 22 24 24
195 13 7.75324e-01 -6.66408e-02 5.11591e-02 -1.74631e-02 24 24 0 226.87896 20 24 24
196 13 7.92543e-01 -1.42181e-03 1.00000e-03 -1.92647e-02 25 25 0 242.93163 25 25 25
196 13 7.92527e-01 -2.98625e-03 2.10000e-03 -1.92576e-02 25 25 0 242.93895 25 25 25
196 13 7.92494e-01 -4.70828e-03 3.31000e-03 -1.92439e-02 25 25 0 242.95307 25 25 25
196 13 7.92442e-01 -6.60471e-03 4.64100e-03 -1.92216e-02 25 25 0 242.97610 25 25 25
196 13 7.92364e-01 -8.69457e-03 6.10510e-03 -1.91884e-02 25 25 0 243.01079 25 25 25
196 13 7.92255e-01 -1.09996e-02 7.71561e-03 -1.91413e-02 25 25 0 243.06080 25 25 25
196 13 7.92105e-01 -1.35451e-02 9.48717e-03 -1.90765e-02 25 25 0 243.13107 25 25 25
196 13 7.91905e-01 -1.63606e-02 1.14359e-02 -1.89891e-02 25 25 0 243.22842 25 25 25
196 13 7.91642e-01 -1.94820e-02 1.35795e-02 -1.88733e-02 25 25 0 243.36235 25 25 25
196 13 7.91301e-01 -2.29532e-02 1.59374e-02 -1.87213e-02 25 25 0 243.54633 25 25 25
196 13 7.90863e-01 -2.68303e-02 1.85312e-02 -1.85241e-02 25 25 0 243.79933 25 25 25
196 13 7.90304e-01 -3.11853e-02 2.13843e-02 -1.82705e-02 25 25 0 244.14720 25 25 25
196 13 7.89589e-01 -3.61101e-02 2.45227e-02 -1.79495e-02 25 25 0 244.62126 25 25 25
196 13 7.88668e-01 -4.17205e-02 2.79750e-02 -1.75512e-02 25 25 0 245.24976 23 25 25
196 13 7.87475e-01 -4.81941e-02 3.17725e-02 -1.70664e-02 25 25 0 246.04587 19 25 25
196 13 7.85915e-01 -5.59507e-02 3.59497e-02 -1.64750e-02 25 25 0 247.02268 19 25 25
196 13 7.83812e-01 -6.49848e-02 4.05447e-02 -1.58215e-02 25 25 0 248.06092 17 25 25
197 13 7.95825e-01 -1.41129e-03 1.00000e-03 -1.66588e-02 26 26 0 275.90529 26 26 26
197 13 7.95803e-01 -2.96371e-03 2.10000e-03 -1.66556e-02 26 26 0 275.90350 26 26 26
197 13 7.95762e-01 -4.67141e-03 3.31000e-03 -1.66494e-02 26 26 0 275.90006 26 26 26
197 13 7.95694e-01 -6.54992e-03 4.64100e-03 -1.66394e-02 26 26 0 275.89451 26 26 26
197 13 7.95594e-01 -8.61636e-03 6.10510e-03 -1.66246e-02 26 26 0 275.88623 26 26 26
197 13 7.95453e-01 -1.08896e-02 7.71561e-03 -1.66036e-02 26 26 0 275.87450 26 26 26
197 13 7.95260e-01 -1.33903e-02 9.48717e-03 -1.65748e-02 26 26 0 275.85840 26 26 26
197 13 7.95000e-01 -1.61414e-02 1.14359e-02 -1.65363e-02 26 26 0 275.83676 26 26 26
197 13 7.94660e-01 -1.91680e-02 1.35795e-02 -1.64856e-02 26 26 0 275.80817 26 26 26
197 13 7.94217e-01 -2.24979e-02 1.59374e-02 -1.64199e-02 26 26 0 275.77082 26 26 26
197 13 7.93648e-01 -2.61616e-02 1.85312e-02 -1.63354e-02 26 26 0 275.72243 26 26 26
197 13 7.92923e-01 -3.01929e-02 2.13843e-02 -1.62278e-02 26 26 0 275.66012 26 26 26
198 13 7.99726e-01 -1.10160e-03 1.00000e-03 -1.35473e-02 29 29 0 330.23495 7 29 29
198 13 7.99705e-01 -2.31377e-03 2.10000e-03 -1.35445e-02 29 29 0 330.23521 7 29 29
198 13 7.99666e-01 -3.64818e-03 3.31000e-03 -1.35391e-02 29 29 0 330.23569 7 29 29
198 13 7.99603e-01 -5.11790e-03 4.64100e-03 -1.35304e-02 29 29 0 330.23646 7 29 29
198 13 7.99508e-01 -6.73756e-03 6.10510e-03 -1.35176e-02 29 29 0 330.23758 7 29 29
198 13 7.99375e-01 -8.52347e-03 7.71561e-03 -1.34995e-02 29 29 0 330.23909 7 29 29
198 13 7.99191e-01 -1.04937e-02 9.48717e-03 -1.34747e-02 29 29 0 330.24104 7 29 29
198 13 7.98946e-01 -1.26676e-02 1.14359e-02 -1.34418e-02 29 29 0 330.24347 7 29 29
198 13 7.98623e-01 -1.50658e-02 1.35795e-02 -1.33987e-02 29 29 0 330.24641 7 29 29
198 13 7.98202e-01 -1.77086e-02 1.59374e-02 -1.33431e-02 29 29 0 330.24988 7 29 29
198 13 7.97661e-01 -2.06140e-02 1.85312e-02 -1.32723e-02 29 29 0 330.25395 7 29 29
198 13 7.96970e-01 -2.37951e-02 2.13843e-02 -1.31830e-02 29 29 0 330.25882 7 29 29
198 13 7.96095e-01 -2.72552e-02 2.45227e-02 -1.30714e-02 29 29 0 330.26501 7 29 29
198 13 7.94993e-01 -3.09821e-02 2.79750e-02 -1.29331e-02 29 29 0 330.27360 7 29 29
198 13 7.93615e-01 -3.49409e-02 3.17725e-02 -1.27631e-02 29 29 0 330.28667 7 29 29
198 13 7.91900e-01 -3.90671e-02 3.59497e-02 -1.25556e-02 29 29 0 330.30777 7 29 29
198 13 7.89776e-01 -4.32632e-02 4.05447e-02 -1.23047e-02 29 29 0 330.34232 9 29 29
198 13 7.87158e-01 -4.74035e-02 4.55992e-02 -1.20043e-02 29 29 0 330.39759 9 29 29
198 13 7.83939e-01 -5.13448e-02 5.11591e-02 -1.16488e-02 29 29 0 330.48260 9 29 29
198 13 7.79987e-01 -5.49222e-02 5.72750e-02 -1.12335e-02 29 29 0 330.60998 11 29 29
199 13 8.03044e-01 5.70486e-03 1.00000e-03 -1.08718e-02 4 30 1 399.25718 4 6 30
199 13 8.02963e-01 1.19816e-02 2.10000e-03 -1.08648e-02 4 30 1 399.27445 4 6 30
199 13 8.02806e-01 1.88896e-02 3.31000e-03 -1.08512e-02 4 30 1 399.30829 4 6 30
199 13 8.02553e-01 2.64956e-02 4.64100e-03 -1.08292e-02 4 30 1 399.36490 4 6 30
199 13 8.02175e-01 3.48749e-02 6.10510e-03 -1.07963e-02 4 30 1 399.45345 4 6 30
199 13 8.01640e-01 4.41138e-02 7.71561e-03 -1.07493e-02 4 30 1 399.58794 4 6 30
199 13 8.00905e-01 5.43111e-02 9.48717e-03 -1.06842e-02 4 30 1 399.79021 4 6 30
199 13 7.99917e-01 6.55778e-02 1.14359e-02 -1.05957e-02 4 30 1 400.09506 4 6 30
199 13 7.98612e-01 7.80265e-02 1.35795e-02 -1.04769e-02 4 30 1 400.55894 4 6 30
199 13 7.96915e-01 9.17301e-02 1.59374e-02 -1.03193e-02 4 30 1 401.27343 4 6 30
199 13 7.94752e-01 1.06656e-01 1.85312e-02 -1.01131e-02 4 30 1 402.38550 4 6 30
199 13 7.92023e-01 1.22909e-01 2.13843e-02 -9.84375e-03 4 30 1 404.15568 4 6 30
199 13 7.88301e-01 1.42529e-01 2.45227e-02 -9.45997e-03 4 30 1 407.33892 4 6 30
199 13 7.80887e-01 1.78251e-01 2.79750e-02 -8.64141e-03 4 30 1 417.10091 4 6 30
199 13 7.74298e-01 2.03596e-01 3.17725e-02 -7.79150e-03 4 26 1 431.99205 4 6 30
200 13 8.04940e-01 -1.77985e-03 1.00000e-03 -9.36245e-03 34 34 0 453.97616 12 34 34
200 13 8.04915e-01 -3.73780e-03 2.10000e-03 -9.36027e-03 34 34 0 453.97858 12 34 34
200 13 8.04867e-01 -5.89189e-03 3.31000e-03 -9.35610e-03 34 34 0 453.98321 12 34 34
200 13 8.04788e-01 -8.26200e-03 4.64100e-03 -9.34935e-03 34 34 0 453.99069 12 34 34
200 13 8.04672e-01 -1.08702e-02 6.10510e-03 -9.33932e-03 34 34 0 454.00176 12 34 34
200 13 8.04508e-01 -1.37408e-02 7.71561e-03 -9.32511e-03 34 34 0 454.01733 12 34 34
200 13 8.04282e-01 -1.69011e-02 9.48717e-03 -9.30565e-03 34 34 0 454.03847 12 34 34
200 13 8.03980e-01 -2.03810e-02 1.14359e-02 -9.27959e-03 34 34 0 454.06642 12 34 34
200 13 8.03583e-01 -2.42144e-02 1.35795e-02 -9.24526e-03 34 34 0 454.10261 12 34 34
200 13 8.03067e-01 -2.84388e-02 1.59374e-02 -9.20063e-03 34 34 0 454.14858 12 34 34
200 13 8.02403e-01 -3.30965e-02 1.85312e-02 -9.14316e-03 34 34 0 454.20595 12 34 34
200 13 8.01556e-01 -3.82353e-02 2.13843e-02 -9.06973e-03 34 34 0 454.27620 12 34 34
200 13 8.00482e-01 -4.39102e-02 2.45227e-02 -8.97651e-03 34 34 0 454.36035 12 34 34
200 13 7.99127e-01 -5.01875e-02 2.79750e-02 -8.85881e-03 34 34 0 454.45839 12 34 34
200 13 7.97422e-01 -5.71580e-02 3.17725e-02 -8.71118e-03 34 34 0 454.56838 10 34 34
200 13 7.95275e-01 -6.49925e-02 3.59497e-02 -8.52821e-03 34 34 0 454.68618 10 34 34
200 13 7.92527e-01 -7.42333e-02 4.05447e-02 -8.30918e-03 34 34 0 454.81815 12 34 34
200 13 7.88868e-01 -8.63449e-02 4.55992e-02 -8.05311e-03 34 34 0 455.06364 12 34 34
201 13 8.06397e-01 -1.44369e-03 1.00000e-03 -8.18907e-03 36 36 0 509.08410 26 36 36
201 13 8.06375e-01 -3.03210e-03 2.10000e-03 -8.18663e-03 36 36 0 509.08448 26 36 36
201 13 8.06331e-01 -4.78029e-03 3.31000e-03 -8.18195e-03 36 36 0 509.08522 26 36 36
201 13 8.06261e-01 -6.70508e-03 4.64100e-03 -8.17436e-03 36 36 0 509.08645 25 36 36
201 13 8.06158e-01 -8.82545e-03 6.10510e-03 -8.16304e-03 36 36 0 509.08839 24 36 36
201 13 8.06010e-01 -1.11630e-02 7.71561e-03 -8.14695e-03 36 36 0 509.09135 24 36 36
201 13 8.05809e-01 -1.37426e-02 9.48717e-03 -8.12476e-03 36 36 0 509.09588 26 36 36
201 13 8.05540e-01 -1.65934e-02 1.14359e-02 -8.09479e-03 36 36 0 509.10293 26 36 36
201 13 8.05185e-01 -1.97506e-02 1.35795e-02 -8.05483e-03 36 36 0 509.11430 26 36 36
201 13 8.04725e-01 -2.32577e-02 1.59374e-02 -8.00192e-03 36 36 0 509.13349 26 36 36
201 13 8.04133e-01 -2.71711e-02 1.85312e-02 -7.93200e-03 36 36 0 509.16759 26 36 36
201 13 8.03380e-01 -3.15662e-02 2.13843e-02 -7.83918e-03 36 36 0 509.23139 26 36 36
201 13 8.02427e-01 -3.65422e-02 2.45227e-02 -7.71452e-03 36 36 0 509.35506 26 36 36
201 13 8.01230e-01 -4.22014e-02 2.79750e-02 -7.54476e-03 36 36 0 509.59167 24 36 36
202 13 8.08767e-01 -1.45768e-03 1.00000e-03 -6.27501e-03 40 40 0 638.74522 26 40 40
202 13 8.08744e-01 -3.06124e-03 2.10000e-03 -6.27346e-03 40 40 0 638.75599 26 40 40
202 13 8.08698e-01 -4.82544e-03 3.31000e-03 -6.27048e-03 40 40 0 638.77661 26 40 40
202 13 8.08625e-01 -6.76660e-03 4.64100e-03 -6.26565e-03 40 40 0 638.80981 26 40 40
202 13 8.08516e-01 -8.90282e-03 6.10510e-03 -6.25847e-03 40 40 0 638.85882 26 40 40
202 13 8.08361e-01 -1.12543e-02 7.71561e-03 -6.24828e-03 40 40 0 638.92745 26 40 40
202 13 8.08150e-01 -1.38434e-02 9.48717e-03 -6.23429e-03 40 40 0 639.02006 26 40 40
202 13 8.07867e-01 -1.66955e-02 1.14359e-02 -6.21548e-03 40 40 0 639.14148 26 40 40
202 13 8.07495e-01 -1.98394e-02 1.35795e-02 -6.19058e-03 40 40 0 639.29676 26 40 40
202 13 8.07011e-01 -2.33079e-02 1.59374e-02 -6.15799e-03 40 40 0 639.49066 26 40 40
202 13 8.06390e-01 -2.71397e-02 1.85312e-02 -6.11569e-03 40 40 0 639.72676 28 40 40
202 13 8.05597e-01 -3.13803e-02 2.13843e-02 -6.06105e-03 40 40 0 640.00588 28 40 40
202 13 8.04593e-01 -3.60851e-02 2.45227e-02 -5.99075e-03 40 40 0 640.32357 28 40 40
202 13 8.03326e-01 -4.13198e-02 2.79750e-02 -5.90063e-03 40 40 0 640.66619 30 40 40
202 13 8.01733e-01 -4.71505e-02 3.17725e-02 -5.78625e-03 40 40 0 641.00666 28 40 40
202 13 7.99741e-01 -5.35444e-02 3.59497e-02 -5.64469e-03 40 40 0 641.31951 26 40 40
203 13 8.13631e-01 -1.14638e-03 1.00000e-03 -2.32961e-03 17 59 0 1475.02572 7 43 59
203 13 8.13609e-01 -2.42066e-03 2.10000e-03 -2.32878e-03 17 59 0 1475.07030 7 43 59
203 13 8.13565e-01 -3.85415e-03 3.31000e-03 -2.32717e-03 17 59 0 1475.15905 7 43 59
203 13 8.13494e-01 -5.48649e-03 4.64100e-03 -2.32455e-03 17 59 0 1475.30979 7 43 59
203 13 8.13387e-01 -7.36381e-03 6.10510e-03 -2.32056e-03 17 59 0 1475.54559 7 47 59
203 13 8.13235e-01 -9.53412e-03 7.71561e-03 -2.31475e-03 19 59 0 1475.89074 7 47 59
203 13 8.13024e-01 -1.20408e-02 9.48717e-03 -2.30648e-03 19 59 0 1476.36107 7 49 59
203 13 8.12740e-01 -1.49189e-02 1.14359e-02 -2.29488e-03 19 59 0 1476.94942 7 51 59
203 13 8.12363e-01 -1.81971e-02 1.35795e-02 -2.27879e-03 21 59 0 1477.61199 7 53 59
203 13 8.11870e-01 -2.19077e-02 1.59374e-02 -2.25675e-03 21 59 0 1478.26485 9 53 59
203 13 8.11232e-01 -2.60962e-02 1.85312e-02 -2.22703e-03 25 59 0 1478.79748 9 55 59
204 13 8.16079e-01 -1.63474e-03 1.00000e-03 -3.34258e-04 121 121 0 7487.39748 25 121 121
