22 157 1.26402e-01 -1.59573e-03 1.00000e-03 -3.25338e-01 13 13 0 40.55548 13 13 13
22 157 1.26400e-01 -3.35103e-03 2.10000e-03 -3.25317e-01 13 13 0 40.55582 13 13 13
22 157 1.26395e-01 -5.28185e-03 3.31000e-03 -3.25277e-01 13 13 0 40.55646 13 13 13
22 157 1.26388e-01 -7.40572e-03 4.64100e-03 -3.25211e-01 13 13 0 40.55751 13 13 13
22 157 1.26377e-01 -9.74195e-03 6.10510e-03 -3.25114e-01 13 13 0 40.55907 13 13 13
22 157 1.26362e-01 -1.23117e-02 7.71561e-03 -3.24976e-01 13 13 0 40.56128 13 13 13
22 157 1.26341e-01 -1.51384e-02 9.48717e-03 -3.24788e-01 13 13 0 40.56430 13 13 13
22 157 1.26313e-01 -1.82476e-02 1.14359e-02 -3.24535e-01 13 13 0 40.56834 13 13 13
22 157 1.26276e-01 -2.16675e-02 1.35795e-02 -3.24204e-01 13 13 0 40.57367 13 13 13
22 157 1.26228e-01 -2.54291e-02 1.59374e-02 -3.23773e-01 13 13 0 40.58058 13 13 13
22 157 1.26166e-01 -2.95665e-02 1.85312e-02 -3.23220e-01 13 13 0 40.58946 13 13 13
22 157 1.26088e-01 -3.41170e-02 2.13843e-02 -3.22516e-01 13 13 0 40.60079 13 13 13
22 157 1.25988e-01 -3.91217e-02 2.45227e-02 -3.21625e-01 13 13 0 40.61514 13 13 13
22 157 1.25863e-01 -4.46257e-02 2.79750e-02 -3.20504e-01 13 13 0 40.63323 13 13 13
22 157 1.25706e-01 -5.06786e-02 3.17725e-02 -3.19101e-01 13 13 0 40.65592 13 13 13
22 157 1.25510e-01 -5.73345e-02 3.59497e-02 -3.17351e-01 13 13 0 40.68429 13 13 13
22 157 1.25265e-01 -6.46530e-02 4.05447e-02 -3.15178e-01 13 13 0 40.71965 13 13 13
22 157 1.24961e-01 -7.26993e-02 4.55992e-02 -3.12487e-01 13 13 0 40.76365 13 13 13
22 157 1.24583e-01 -8.15445e-02 5.11591e-02 -3.09162e-01 13 13 0 40.81828 13 13 13
22 157 1.14772e-01 -9.12737e-02 5.72750e-02 -3.06179e-01 12 12 0 37.69051 12 12 12
23 157 1.32326e-01 6.34215e-03 1.00000e-03 -3.24553e-01 3 3 1 42.54716 3 3 3
23 157 1.32315e-01 1.33189e-02 2.10000e-03 -3.24469e-01 3 3 1 42.55108 3 3 3
23 157 1.32293e-01 2.09943e-02 3.31000e-03 -3.24307e-01 3 3 1 42.55861 3 3 3
23 157 1.32258e-01 2.94391e-02 4.64100e-03 -3.24046e-01 3 3 1 42.57080 3 3 3
23 157 1.32206e-01 3.87315e-02 6.10510e-03 -3.23658e-01 3 3 1 42.58898 3 3 3
23 157 1.32132e-01 4.89583e-02 7.71561e-03 -3.23108e-01 3 3 1 42.61480 3 3 3
23 157 1.32030e-01 6.02155e-02 9.48717e-03 -3.22354e-01 3 3 1 42.65036 3 3 3
23 157 1.31895e-01 7.26103e-02 1.14359e-02 -3.21345e-01 3 3 1 42.69830 3 3 3
23 157 1.31718e-01 8.62620e-02 1.35795e-02 -3.20016e-01 3 3 1 42.76200 3 3 3
23 157 1.31488e-01 1.01305e-01 1.59374e-02 -3.18287e-01 3 3 1 42.84582 3 3 3
23 157 1.31195e-01 1.17890e-01 1.85312e-02 -3.16061e-01 3 3 1 42.95543 3 3 3
23 157 1.30822e-01 1.36190e-01 2.13843e-02 -3.13216e-01 3 3 1 43.09835 3 3 3
23 157 1.30354e-01 1.56401e-01 2.45227e-02 -3.09600e-01 3 3 1 43.28474 3 3 3
23 157 1.29771e-01 1.78757e-01 2.79750e-02 -3.05023e-01 3 3 1 43.52870 3 3 3
23 157 1.29051e-01 2.03531e-01 3.17725e-02 -2.99246e-01 3 3 1 43.85045 3 3 3
23 157 1.28172e-01 2.31065e-01 3.59497e-02 -2.91962e-01 3 3 1 44.28025 3 3 3
23 157 1.27114e-01 2.61795e-01 4.05447e-02 -2.82767e-01 3 3 1 44.86615 3 3 3
23 157 1.25874e-01 2.96331e-01 4.55992e-02 -2.71109e-01 3 3 1 45.69087 3 3 3
23 157 1.24496e-01 3.35718e-01 5.11591e-02 -2.56144e-01 3 3 1 46.91797 3 3 3
24 157 1.35860e-01 -1.59560e-03 1.00000e-03 -3.24098e-01 14 14 0 43.73828 14 14 14
24 157 1.35858e-01 -3.35074e-03 2.10000e-03 -3.24077e-01 14 14 0 43.73864 14 14 14
24 157 1.35853e-01 -5.28140e-03 3.31000e-03 -3.24037e-01 14 14 0 43.73934 14 14 14
24 157 1.35845e-01 -7.40509e-03 4.64100e-03 -3.23971e-01 14 14 0 43.74047 14 14 14
24 157 1.35834e-01 -9.74111e-03 6.10510e-03 -3.23874e-01 14 14 0 43.74215 14 14 14
24 157 1.35817e-01 -1.23107e-02 7.71561e-03 -3.23737e-01 14 14 0 43.74453 14 14 14
24 157 1.35795e-01 -1.51371e-02 9.48717e-03 -3.23549e-01 14 14 0 43.74779 14 14 14
24 157 1.35765e-01 -1.82460e-02 1.14359e-02 -3.23297e-01 14 14 0 43.75215 14 14 14
24 157 1.35725e-01 -2.16656e-02 1.35795e-02 -3.22966e-01 14 14 0 43.75788 14 14 14
24 157 1.35674e-01 -2.54269e-02 1.59374e-02 -3.22536e-01 14 14 0 43.76533 14 14 14
24 157 1.35608e-01 -2.95639e-02 1.85312e-02 -3.21985e-01 14 14 0 43.77491 14 14 14
24 157 1.35523e-01 -3.41140e-02 2.13843e-02 -3.21282e-01 14 14 0 43.78712 14 14 14
24 157 1.35417e-01 -3.91183e-02 2.45227e-02 -3.20393e-01 14 14 0 43.80259 14 14 14
24 157 1.35282e-01 -4.46219e-02 2.79750e-02 -3.19274e-01 14 14 0 43.82209 14 14 14
24 157 1.35114e-01 -5.06742e-02 3.17725e-02 -3.17874e-01 14 14 0 43.84654 14 14 14
24 157 1.34903e-01 -5.73296e-02 3.59497e-02 -3.16129e-01 14 14 0 43.87712 14 14 14
24 157 1.34641e-01 -6.46475e-02 4.05447e-02 -3.13960e-01 14 14 0 43.91524 14 14 14
24 157 1.34315e-01 -7.26931e-02 4.55992e-02 -3.11275e-01 14 14 0 43.96266 14 14 14
24 157 1.33910e-01 -8.15375e-02 5.11591e-02 -3.07957e-01 14 14 0 44.02155 14 14 14
24 157 1.24116e-01 -9.12665e-02 5.72750e-02 -3.05064e-01 13 13 0 40.88607 13 13 13
