31 157 4.45043e-02 6.27205e-03 1.00000e-03 -3.32318e-01 1 1 1 14.01208 1 1 1
31 157 4.45006e-02 1.31717e-02 2.10000e-03 -3.32234e-01 1 1 1 14.01335 1 1 1
31 157 4.44935e-02 2.07623e-02 3.31000e-03 -3.32073e-01 1 1 1 14.01577 1 1 1
31 157 4.44819e-02 2.91137e-02 4.64100e-03 -3.31813e-01 1 1 1 14.01970 1 1 1
31 157 4.44648e-02 3.83035e-02 6.10510e-03 -3.31425e-01 1 1 1 14.02555 1 1 1
31 157 4.44405e-02 4.84172e-02 7.71561e-03 -3.30876e-01 1 1 1 14.03387 1 1 1
31 157 4.44074e-02 5.95499e-02 9.48717e-03 -3.30124e-01 1 1 1 14.04532 1 1 1
31 157 4.43631e-02 7.18077e-02 1.14359e-02 -3.29117e-01 1 1 1 14.06075 1 1 1
31 157 4.43049e-02 8.53084e-02 1.35795e-02 -3.27791e-01 1 1 1 14.08125 1 1 1
31 157 4.42297e-02 1.00185e-01 1.59374e-02 -3.26067e-01 1 1 1 14.10821 1 1 1
31 157 4.41334e-02 1.16586e-01 1.85312e-02 -3.23846e-01 1 1 1 14.14344 1 1 1
31 157 4.40113e-02 1.34681e-01 2.13843e-02 -3.21009e-01 1 1 1 14.18934 1 1 1
31 157 4.38579e-02 1.54666e-01 2.45227e-02 -3.17404e-01 1 1 1 14.24914 1 1 1
31 157 4.36669e-02 1.76768e-01 2.79750e-02 -3.12844e-01 1 1 1 14.32730 1 1 1
31 157 4.34309e-02 2.01255e-01 3.17725e-02 -3.07091e-01 1 1 1 14.43016 1 1 1
31 157 4.31428e-02 2.28456e-01 3.59497e-02 -2.99845e-01 1 1 1 14.56717 1 1 1
31 157 4.27961e-02 2.58788e-01 4.05447e-02 -2.90713e-01 1 1 1 14.75312 1 1 1
32 157 4.91307e-02 -1.59648e-03 1.00000e-03 -3.32120e-01 5 5 0 15.47697 5 5 5
32 157 4.91297e-02 -3.35260e-03 2.10000e-03 -3.32099e-01 5 5 0 15.47710 5 5 5
32 157 4.91280e-02 -5.28432e-03 3.31000e-03 -3.32058e-01 5 5 0 15.47735 5 5 5
32 157 4.91251e-02 -7.40918e-03 4.64100e-03 -3.31992e-01 5 5 0 15.47775 5 5 5
32 157 4.91209e-02 -9.74650e-03 6.10510e-03 -3.31893e-01 5 5 0 15.47835 5 5 5
32 157 4.91148e-02 -1.23175e-02 7.71561e-03 -3.31754e-01 5 5 0 15.47919 5 5 5
32 157 4.91066e-02 -1.51455e-02 9.48717e-03 -3.31563e-01 5 5 0 15.48035 5 5 5
32 157 4.90955e-02 -1.82561e-02 1.14359e-02 -3.31308e-01 5 5 0 15.48190 5 5 5
32 157 4.90810e-02 -2.16776e-02 1.35795e-02 -3.30972e-01 5 5 0 15.48394 5 5 5
32 157 4.90621e-02 -2.54410e-02 1.59374e-02 -3.30536e-01 5 5 0 15.48658 5 5 5
32 157 4.90379e-02 -2.95803e-02 1.85312e-02 -3.29976e-01 5 5 0 15.48999 5 5 5
32 157 4.90069e-02 -3.41329e-02 2.13843e-02 -3.29264e-01 5 5 0 15.49433 5 5 5
32 157 4.89678e-02 -3.91399e-02 2.45227e-02 -3.28362e-01 5 5 0 15.49982 5 5 5
32 157 4.89185e-02 -4.46465e-02 2.79750e-02 -3.27227e-01 5 5 0 15.50675 5 5 5
32 157 4.34309e-02 2.01255e-01 3.17725e-02 -3.07091e-01 1 1 1 14.43016 1 1 1
33 157 5.89089e-02 -1.59642e-03 1.00000e-03 -3.31592e-01 6 6 0 18.58356 6 6 6
33 157 5.89078e-02 -3.35248e-03 2.10000e-03 -3.31571e-01 6 6 0 18.58371 6 6 6
33 157 5.89057e-02 -5.28412e-03 3.31000e-03 -3.31530e-01 6 6 0 18.58401 6 6 6
33 157 5.89023e-02 -7.40891e-03 4.64100e-03 -3.31463e-01 6 6 0 18.58449 6 6 6
33 157 5.88972e-02 -9.74614e-03 6.10510e-03 -3.31365e-01 6 6 0 18.58521 6 6 6
33 157 5.88899e-02 -1.23170e-02 7.71561e-03 -3.31226e-01 6 6 0 18.58622 6 6 6
33 157 5.88801e-02 -1.51449e-02 9.48717e-03 -3.31035e-01 6 6 0 18.58761 6 6 6
33 157 5.88668e-02 -1.82555e-02 1.14359e-02 -3.30780e-01 6 6 0 18.58947 6 6 6
33 157 5.88494e-02 -2.16768e-02 1.35795e-02 -3.30445e-01 6 6 0 18.59192 6 6 6
33 157 5.88268e-02 -2.54401e-02 1.59374e-02 -3.30009e-01 6 6 0 18.59510 6 6 6
33 157 5.87978e-02 -2.95792e-02 1.85312e-02 -3.29450e-01 6 6 0 18.59918 6 6 6
33 157 5.87607e-02 -3.41316e-02 2.13843e-02 -3.28738e-01 6 6 0 18.60439 6 6 6
33 157 5.87138e-02 -3.91385e-02 2.45227e-02 -3.27837e-01 6 6 0 18.61099 6 6 6
33 157 5.86547e-02 -4.46449e-02 2.79750e-02 -3.26704e-01 6 6 0 18.61930 6 6 6
33 157 5.85806e-02 -5.07004e-02 3.17725e-02 -3.25285e-01 6 6 0 18.62973 6 6 6
33 157 5.84881e-02 -5.73592e-02 3.59497e-02 -3.23516e-01 6 6 0 18.64277 6 6 6
33 157 5.83727e-02 -6.46808e-02 4.05447e-02 -3.21318e-01 6 6 0 18.65903 6 6 6
33 157 5.82294e-02 -7.27305e-02 4.55992e-02 -3.18597e-01 6 6 0 18.67926 6 6 6
33 157 5.80517e-02 -8.15795e-02 5.11591e-02 -3.15234e-01 6 6 0 18.70438 6 6 6
33 157 5.78314e-02 -9.13056e-02 5.72750e-02 -3.11091e-01 6 6 0 18.73554 6 6 6
33 157 4.80035e-02 -1.01997e-01 6.40025e-02 -3.06498e-01 5 5 0 15.63579 5 5 5
33 157 9.56080e-03 -1.13749e-01 7.14028e-02 -3.01326e-01 1 1 0 3.13105 1 1 1
34 157 6.86613e-02 -1.59635e-03 1.00000e-03 -3.30970e-01 7 7 0 21.69623 7 7 7
34 157 6.86600e-02 -3.35233e-03 2.10000e-03 -3.30949e-01 7 7 0 21.69641 7 7 7
34 157 6.86575e-02 -5.28390e-03 3.31000e-03 -3.30908e-01 7 7 0 21.69676 7 7 7
34 157 6.86535e-02 -7.40860e-03 4.64100e-03 -3.30842e-01 7 7 0 21.69732 7 7 7
34 157 6.86476e-02 -9.74573e-03 6.10510e-03 -3.30743e-01 7 7 0 21.69816 7 7 7
34 157 6.86392e-02 -1.23165e-02 7.71561e-03 -3.30604e-01 7 7 0 21.69934 7 7 7
34 157 6.86276e-02 -1.51443e-02 9.48717e-03 -3.30414e-01 7 7 0 21.70096 7 7 7
34 157 6.86122e-02 -1.82547e-02 1.14359e-02 -3.30159e-01 7 7 0 21.70313 7 7 7
34 157 6.85920e-02 -2.16759e-02 1.35795e-02 -3.29824e-01 7 7 0 21.70599 7 7 7
34 157 6.85657e-02 -2.54390e-02 1.59374e-02 -3.29389e-01 7 7 0 21.70969 7 7 7
34 157 6.85318e-02 -2.95779e-02 1.85312e-02 -3.28831e-01 7 7 0 21.71446 7 7 7
34 157 6.84887e-02 -3.41302e-02 2.13843e-02 -3.28119e-01 7 7 0 21.72054 7 7 7
34 157 6.84341e-02 -3.91368e-02 2.45227e-02 -3.27219e-01 7 7 0 21.72824 7 7 7
34 157 6.83653e-02 -4.46430e-02 2.79750e-02 -3.26087e-01 7 7 0 21.73794 7 7 7
34 157 6.82790e-02 -5.06982e-02 3.17725e-02 -3.24670e-01 7 7 0 21.75012 7 7 7
34 157 6.81713e-02 -5.73567e-02 3.59497e-02 -3.22903e-01 7 7 0 21.76534 7 7 7
35 157 7.83835e-02 -1.59627e-03 1.00000e-03 -3.30255e-01 8 8 0 24.81599 8 8 8
35 157 7.83820e-02 -3.35217e-03 2.10000e-03 -3.30234e-01 8 8 0 24.81619 8 8 8
35 157 7.83792e-02 -5.28364e-03 3.31000e-03 -3.30193e-01 8 8 0 24.81659 8 8 8
35 157 7.83746e-02 -7.40823e-03 4.64100e-03 -3.30127e-01 8 8 0 24.81723 8 8 8
35 157 7.83679e-02 -9.74525e-03 6.10510e-03 -3.30029e-01 8 8 0 24.81819 8 8 8
35 157 7.83583e-02 -1.23159e-02 7.71561e-03 -3.29890e-01 8 8 0 24.81954 8 8 8
35 157 7.83452e-02 -1.51435e-02 9.48717e-03 -3.29700e-01 8 8 0 24.82140 8 8 8
35 157 7.83276e-02 -1.82538e-02 1.14359e-02 -3.29445e-01 8 8 0 24.82388 8 8 8
35 157 7.83045e-02 -2.16748e-02 1.35795e-02 -3.29111e-01 8 8 0 24.82714 8 8 8
35 157 7.82745e-02 -2.54377e-02 1.59374e-02 -3.28676e-01 8 8 0 24.83138 8 8 8
35 157 7.82359e-02 -2.95765e-02 1.85312e-02 -3.28118e-01 8 8 0 24.83683 8 8 8
35 157 7.81868e-02 -3.41285e-02 2.13843e-02 -3.27408e-01 8 8 0 24.84378 8 8 8
35 157 7.81245e-02 -3.91349e-02 2.45227e-02 -3.26509e-01 8 8 0 24.85259 8 8 8
35 157 7.80461e-02 -4.46408e-02 2.79750e-02 -3.25378e-01 8 8 0 24.86368 8 8 8
35 157 7.79477e-02 -5.06957e-02 3.17725e-02 -3.23963e-01 8 8 0 24.87760 8 8 8
35 157 7.78248e-02 -5.73539e-02 3.59497e-02 -3.22198e-01 8 8 0 24.89500 8 8 8
