94 127 2.11437e-01 -1.59413e-03 1.00000e-03 -3.10974e-01 18 18 0 57.12061 18 18 18
94 127 2.11433e-01 -3.34768e-03 2.10000e-03 -3.10954e-01 18 18 0 57.12108 18 18 18
94 127 2.11426e-01 -5.27656e-03 3.31000e-03 -3.10914e-01 18 18 0 57.12199 18 18 18
94 127 2.11414e-01 -7.39831e-03 4.64100e-03 -3.10850e-01 18 18 0 57.12346 18 18 18
94 127 2.11396e-01 -9.73219e-03 6.10510e-03 -3.10755e-01 18 18 0 57.12565 18 18 18
94 127 2.11371e-01 -1.22994e-02 7.71561e-03 -3.10621e-01 18 18 0 57.12874 18 18 18
94 127 2.11337e-01 -1.51232e-02 9.48717e-03 -3.10437e-01 18 18 0 57.13298 18 18 18
94 127 2.11292e-01 -1.82293e-02 1.14359e-02 -3.10191e-01 18 18 0 57.13865 18 18 18
94 127 2.11232e-01 -2.16458e-02 1.35795e-02 -3.09868e-01 18 18 0 57.14611 18 18 18
94 127 2.11154e-01 -2.54037e-02 1.59374e-02 -3.09448e-01 18 18 0 57.15580 18 18 18
94 127 2.11054e-01 -2.95369e-02 1.85312e-02 -3.08908e-01 18 18 0 57.16826 18 18 18
94 127 2.10927e-01 -3.40828e-02 2.13843e-02 -3.08221e-01 18 18 0 57.18414 18 18 18
94 127 2.10766e-01 -3.90825e-02 2.45227e-02 -3.07352e-01 18 18 0 57.20427 18 18 18
94 127 2.10562e-01 -4.45810e-02 2.79750e-02 -3.06258e-01 18 18 0 57.22963 18 18 18
94 127 2.10307e-01 -5.06279e-02 3.17725e-02 -3.04890e-01 18 18 0 57.26144 18 18 18
94 127 2.09988e-01 -5.72772e-02 3.59497e-02 -3.03184e-01 18 18 0 57.30121 18 18 18
94 127 2.09591e-01 -6.45884e-02 4.05447e-02 -3.01064e-01 18 18 0 57.35078 18 18 18
94 127 2.09097e-01 -7.26266e-02 4.55992e-02 -2.98439e-01 18 18 0 57.41244 18 18 18
94 127 2.08483e-01 -8.14630e-02 5.11591e-02 -2.95196e-01 18 18 0 57.48902 18 18 18
94 127 2.07722e-01 -9.11753e-02 5.72750e-02 -2.91201e-01 18 18 0 57.58402 18 18 18
94 127 2.06779e-01 -1.01848e-01 6.40025e-02 -2.86286e-01 18 18 0 57.70181 18 18 18
94 127 2.05610e-01 -1.13574e-01 7.14028e-02 -2.80254e-01 18 18 0 57.84789 18 18 18
95 127 2.14466e-01 6.47940e-03 1.00000e-03 -3.10310e-01 4 4 1 58.04869 4 4 4
95 127 2.14446e-01 1.36071e-02 2.10000e-03 -3.10225e-01 4 4 1 58.05426 4 4 4
95 127 2.14409e-01 2.14486e-02 3.31000e-03 -3.10063e-01 4 4 1 58.06498 4 4 4
95 127 2.14349e-01 3.00761e-02 4.64100e-03 -3.09801e-01 4 4 1 58.08234 4 4 4
95 127 2.14260e-01 3.95697e-02 6.10510e-03 -3.09410e-01 4 4 1 58.10822 4 4 4
95 127 2.14134e-01 5.00177e-02 7.71561e-03 -3.08858e-01 4 4 1 58.14499 4 4 4
95 127 2.13962e-01 6.15185e-02 9.48717e-03 -3.08101e-01 4 4 1 58.19564 4 4 4
95 127 2.13732e-01 7.41816e-02 1.14359e-02 -3.07087e-01 4 4 1 58.26397 4 4 4
95 127 2.13430e-01 8.81291e-02 1.35795e-02 -3.05752e-01 4 4 1 58.35483 4 4 4
95 127 2.13039e-01 1.03498e-01 1.59374e-02 -3.04014e-01 4 4 1 58.47449 4 4 4
95 127 2.12539e-01 1.20444e-01 1.85312e-02 -3.01776e-01 4 4 1 58.63116 4 4 4
95 127 2.11905e-01 1.39143e-01 2.13843e-02 -2.98915e-01 4 4 1 58.83577 4 4 4
95 127 2.11109e-01 1.59799e-01 2.45227e-02 -2.95275e-01 4 4 1 59.10321 4 4 4
95 127 2.10116e-01 1.82654e-01 2.79750e-02 -2.90665e-01 4 4 1 59.45432 4 4 4
95 127 2.08890e-01 2.07996e-01 3.17725e-02 -2.84837e-01 4 4 1 59.91934 4 4 4
95 127 2.07392e-01 2.36192e-01 3.59497e-02 -2.77473e-01 4 4 1 60.54432 4 4 4
95 127 2.05589e-01 2.67731e-01 4.05447e-02 -2.68141e-01 4 4 1 61.40425 4 4 4
95 127 2.03474e-01 3.03371e-01 4.55992e-02 -2.56219e-01 4 4 1 62.63439 4 4 4
95 127 2.01103e-01 3.44994e-01 5.11591e-02 -2.40515e-01 4 4 1 64.54238 4 4 4
96 127 2.22318e-01 -1.59387e-03 1.00000e-03 -3.08614e-01 19 19 0 60.46775 19 19 19
96 127 2.22314e-01 -3.34712e-03 2.10000e-03 -3.08594e-01 19 19 0 60.46825 19 19 19
96 127 2.22307e-01 -5.27568e-03 3.31000e-03 -3.08555e-01 19 19 0 60.46921 19 19 19
96 127 2.22294e-01 -7.39708e-03 4.64100e-03 -3.08491e-01 19 19 0 60.47077 19 19 19
96 127 2.22276e-01 -9.73058e-03 6.10510e-03 -3.08396e-01 19 19 0 60.47308 19 19 19
96 127 2.22250e-01 -1.22974e-02 7.71561e-03 -3.08263e-01 19 19 0 60.47636 19 19 19
96 127 2.22215e-01 -1.51207e-02 9.48717e-03 -3.08079e-01 19 19 0 60.48084 19 19 19
96 127 2.22167e-01 -1.82263e-02 1.14359e-02 -3.07834e-01 19 19 0 60.48684 19 19 19
96 127 2.22104e-01 -2.16422e-02 1.35795e-02 -3.07512e-01 19 19 0 60.49474 19 19 19
96 127 2.22023e-01 -2.53994e-02 1.59374e-02 -3.07094e-01 19 19 0 60.50499 19 19 19
96 127 2.21919e-01 -2.95320e-02 1.85312e-02 -3.06556e-01 19 19 0 60.51818 19 19 19
96 127 2.21785e-01 -3.40771e-02 2.13843e-02 -3.05872e-01 19 19 0 60.53499 19 19 19
96 127 2.21617e-01 -3.90760e-02 2.45227e-02 -3.05006e-01 19 19 0 60.55629 19 19 19
96 127 2.21404e-01 -4.45736e-02 2.79750e-02 -3.03917e-01 19 19 0 60.58312 19 19 19
96 127 2.21137e-01 -5.06194e-02 3.17725e-02 -3.02554e-01 19 19 0 60.61679 19 19 19
96 127 2.20804e-01 -5.72676e-02 3.59497e-02 -3.00854e-01 19 19 0 60.65887 19 19 19
96 127 2.20388e-01 -6.45776e-02 4.05447e-02 -2.98743e-01 19 19 0 60.71134 19 19 19
96 127 2.19871e-01 -7.26145e-02 4.55992e-02 -2.96129e-01 19 19 0 60.77659 19 19 19
96 127 2.19229e-01 -8.14495e-02 5.11591e-02 -2.92899e-01 19 19 0 60.85763 19 19 19
96 127 2.18433e-01 -9.11601e-02 5.72750e-02 -2.88920e-01 19 19 0 60.95815 19 19 19
96 127 2.17446e-01 -1.01831e-01 6.40025e-02 -2.84025e-01 19 19 0 61.08280 19 19 19
96 127 2.16223e-01 -1.13555e-01 7.14028e-02 -2.78018e-01 19 19 0 61.23737 19 19 19
