44 5 2.88759e-01 -1.59195e-03 1.00000e-03 -2.91636e-01 1 1 0 3.25120 1 1 1
44 5 2.88754e-01 -3.34308e-03 2.10000e-03 -2.91616e-01 1 1 0 3.25122 1 1 1
44 5 2.88745e-01 -5.26932e-03 3.31000e-03 -2.91578e-01 1 1 0 3.25128 1 1 1
44 5 2.88729e-01 -7.38815e-03 4.64100e-03 -2.91516e-01 1 1 0 3.25136 1 1 1
44 5 2.88707e-01 -9.71884e-03 6.10510e-03 -2.91424e-01 1 1 0 3.25148 1 1 1
44 5 2.88674e-01 -1.22825e-02 7.71561e-03 -2.91294e-01 1 1 0 3.25166 1 1 1
44 5 2.88631e-01 -1.51025e-02 9.48717e-03 -2.91115e-01 1 1 0 3.25190 1 1 1
44 5 2.88572e-01 -1.82043e-02 1.14359e-02 -2.90877e-01 1 1 0 3.25223 1 1 1
44 5 2.88494e-01 -2.16161e-02 1.35795e-02 -2.90563e-01 1 1 0 3.25265 1 1 1
44 5 2.88394e-01 -2.53688e-02 1.59374e-02 -2.90156e-01 1 1 0 3.25321 1 1 1
44 5 2.88264e-01 -2.94963e-02 1.85312e-02 -2.89633e-01 1 1 0 3.25392 1 1 1
44 5 2.88099e-01 -3.40360e-02 2.13843e-02 -2.88967e-01 1 1 0 3.25482 1 1 1
44 5 2.87890e-01 -3.90288e-02 2.45227e-02 -2.88125e-01 1 1 0 3.25597 1 1 1
44 5 2.87626e-01 -4.45197e-02 2.79750e-02 -2.87065e-01 1 1 0 3.25742 1 1 1
44 5 2.87295e-01 -5.05582e-02 3.17725e-02 -2.85739e-01 1 1 0 3.25924 1 1 1
44 5 2.86880e-01 -5.71982e-02 3.59497e-02 -2.84085e-01 1 1 0 3.26150 1 1 1
44 5 2.86363e-01 -6.44992e-02 4.05447e-02 -2.82032e-01 1 1 0 3.26433 1 1 1
44 5 2.85717e-01 -7.25260e-02 4.55992e-02 -2.79490e-01 1 1 0 3.26785 1 1 1
44 5 2.84914e-01 -8.13497e-02 5.11591e-02 -2.76350e-01 1 1 0 3.27222 1 1 1
44 5 2.83915e-01 -9.10477e-02 5.72750e-02 -2.72482e-01 1 1 0 3.27763 1 1 1
44 5 2.82671e-01 -1.01704e-01 6.40025e-02 -2.67728e-01 1 1 0 3.28434 1 1 1
44 5 2.81119e-01 -1.13411e-01 7.14028e-02 -2.61896e-01 1 1 0 3.29266 1 1 1
44 5 2.79180e-01 -1.26267e-01 7.95430e-02 -2.54755e-01 1 1 0 3.30298 1 1 1
44 5 2.76746e-01 -1.40379e-01 8.84973e-02 -2.46027e-01 1 1 0 3.31579 1 1 1
44 5 2.73672e-01 -1.55858e-01 9.83471e-02 -2.35378e-01 1 1 0 3.33173 1 1 1
44 5 2.69757e-01 -1.72825e-01 1.09182e-01 -2.22411e-01 1 1 0 3.35164 1 1 1
44 5 2.64704e-01 -1.91401e-01 1.21100e-01 -2.06656e-01 1 1 0 3.37659 1 1 1
44 5 2.58058e-01 -2.11703e-01 1.34210e-01 -1.87566e-01 1 1 0 3.40807 1 1 1
44 5 2.49064e-01 -2.33842e-01 1.48631e-01 -1.64520e-01 1 1 0 3.44814 1 1 1
44 5 2.36391e-01 -2.57902e-01 1.64494e-01 -1.36845e-01 1 1 0 3.49985 1 1 1
44 5 2.17693e-01 -2.83952e-01 1.81943e-01 -1.03807e-01 1 1 0 3.56792 1 1 1
44 5 1.89894e-01 -3.12132e-01 2.01138e-01 -6.43084e-02 1 1 0 3.65856 1 1 1
45 5 4.90929e-01 -1.58319e-03 1.00000e-03 -2.12821e-01 2 2 0 7.30087 2 2 2
45 5 4.90929e-01 -3.32470e-03 2.10000e-03 -2.12800e-01 2 2 0 7.30097 2 2 2
45 5 4.90927e-01 -5.24033e-03 3.31000e-03 -2.12760e-01 2 2 0 7.30118 2 2 2
45 5 4.90926e-01 -7.34749e-03 4.64100e-03 -2.12695e-01 2 2 0 7.30152 2 2 2
45 5 4.90923e-01 -9.66530e-03 6.10510e-03 -2.12598e-01 2 2 0 7.30202 2 2 2
45 5 4.90919e-01 -1.22148e-02 7.71561e-03 -2.12460e-01 2 2 0 7.30273 2 2 2
45 5 4.90913e-01 -1.50191e-02 9.48717e-03 -2.12273e-01 2 2 0 7.30370 2 2 2
45 5 4.90906e-01 -1.81036e-02 1.14359e-02 -2.12021e-01 2 2 0 7.30500 2 2 2
45 5 4.90896e-01 -2.14962e-02 1.35795e-02 -2.11691e-01 2 2 0 7.30671 2 2 2
45 5 4.90884e-01 -2.52275e-02 1.59374e-02 -2.11262e-01 2 2 0 7.30894 2 2 2
45 5 4.90867e-01 -2.93313e-02 1.85312e-02 -2.10711e-01 2 2 0 7.31181 2 2 2
45 5 4.90846e-01 -3.38445e-02 2.13843e-02 -2.10009e-01 2 2 0 7.31547 2 2 2
45 5 4.90818e-01 -3.88076e-02 2.45227e-02 -2.09122e-01 2 2 0 7.32012 2 2 2
45 5 4.90783e-01 -4.42649e-02 2.79750e-02 -2.08007e-01 2 2 0 7.32600 2 2 2
45 5 4.90737e-01 -5.02652e-02 3.17725e-02 -2.06611e-01 2 2 0 7.33340 2 2 2
45 5 4.90676e-01 -5.68613e-02 3.59497e-02 -2.04873e-01 2 2 0 7.34269 2 2 2
45 5 4.90596e-01 -6.41112e-02 4.05447e-02 -2.02717e-01 2 2 0 7.35433 2 2 2
45 5 4.90487e-01 -7.20777e-02 4.55992e-02 -2.00050e-01 2 2 0 7.36888 2 2 2
45 5 4.90337e-01 -8.08287e-02 5.11591e-02 -1.96765e-01 2 2 0 7.38707 2 2 2
45 5 4.90122e-01 -9.04371e-02 5.72750e-02 -1.92732e-01 2 2 0 7.40979 2 2 2
45 5 4.89803e-01 -1.00980e-01 6.40025e-02 -1.87800e-01 2 2 0 7.43813 2 2 2
45 5 4.89311e-01 -1.12539e-01 7.14028e-02 -1.81796e-01 2 2 0 7.47344 2 2 2
45 5 4.88525e-01 -1.25197e-01 7.95430e-02 -1.74532e-01 2 2 0 7.51724 2 2 2
45 5 4.87232e-01 -1.39038e-01 8.84973e-02 -1.65811e-01 2 2 0 7.57119 2 2 2
45 5 4.85069e-01 -1.54147e-01 9.83471e-02 -1.55446e-01 2 2 0 7.63668 2 2 2
45 5 4.81452e-01 -1.70618e-01 1.09182e-01 -1.43277e-01 2 2 0 7.71430 2 2 2
45 5 4.75518e-01 -1.88566e-01 1.21100e-01 -1.29170e-01 2 2 0 7.80292 2 2 2
45 5 4.66120e-01 -2.08156e-01 1.34210e-01 -1.12973e-01 2 2 0 7.89889 2 2 2
45 5 4.51878e-01 -2.29606e-01 1.48631e-01 -9.44212e-02 2 2 0 7.99582 2 2 2
45 5 4.31211e-01 -2.53173e-01 1.64494e-01 -7.30221e-02 2 2 0 8.08499 2 2 2
46 5 6.16613e-01 -1.58506e-03 1.00000e-03 -1.43221e-01 3 3 0 12.97702 3 3 3
46 5 6.16594e-01 -3.32862e-03 2.10000e-03 -1.43212e-01 3 3 0 12.97709 3 3 3
46 5 6.16558e-01 -5.24650e-03 3.31000e-03 -1.43193e-01 3 3 0 12.97723 3 3 3
46 5 6.16498e-01 -7.35611e-03 4.64100e-03 -1.43164e-01 3 3 0 12.97745 3 3 3
46 5 6.16410e-01 -9.67658e-03 6.10510e-03 -1.43120e-01 3 3 0 12.97778 3 3 3
46 5 6.16285e-01 -1.22289e-02 7.71561e-03 -1.43057e-01 3 3 0 12.97825 3 3 3
46 5 6.16114e-01 -1.50363e-02 9.48717e-03 -1.42972e-01 3 3 0 12.97889 3 3 3
46 5 6.15885e-01 -1.81240e-02 1.14359e-02 -1.42858e-01 3 3 0 12.97975 3 3 3
46 5 6.15583e-01 -2.15199e-02 1.35795e-02 -1.42708e-01 3 3 0 12.98088 3 3 3
46 5 6.15192e-01 -2.52547e-02 1.59374e-02 -1.42514e-01 3 3 0 12.98234 3 3 3
46 5 6.14690e-01 -2.93618e-02 1.85312e-02 -1.42264e-01 3 3 0 12.98423 3 3 3
46 5 6.14049e-01 -3.38780e-02 2.13843e-02 -1.41945e-01 3 3 0 12.98662 3 3 3
46 5 6.13239e-01 -3.88437e-02 2.45227e-02 -1.41541e-01 3 3 0 12.98965 3 3 3
46 5 6.12218e-01 -4.43029e-02 2.79750e-02 -1.41034e-01 3 3 0 12.99345 3 3 3
46 5 6.10939e-01 -5.03037e-02 3.17725e-02 -1.40397e-01 3 3 0 12.99822 3 3 3
46 5 6.09343e-01 -5.68985e-02 3.59497e-02 -1.39603e-01 3 3 0 13.00415 3 3 3
46 5 6.07357e-01 -6.41446e-02 4.05447e-02 -1.38616e-01 3 3 0 13.01150 3 3 3
46 5 6.04892e-01 -7.21036e-02 4.55992e-02 -1.37390e-01 3 3 0 13.02060 3 3 3
46 5 6.01841e-01 -8.08424e-02 5.11591e-02 -1.35873e-01 3 3 0 13.03182 3 3 3
46 5 5.98071e-01 -9.04324e-02 5.72750e-02 -1.33998e-01 3 3 0 13.04560 3 3 3
46 5 5.93419e-01 -1.00950e-01 6.40025e-02 -1.31683e-01 3 3 0 13.06249 3 3 3
46 5 5.87686e-01 -1.12474e-01 7.14028e-02 -1.28829e-01 3 3 0 13.08313 3 3 3
46 5 5.80629e-01 -1.25086e-01 7.95430e-02 -1.25310e-01 3 3 0 13.10828 3 3 3
46 5 5.71947e-01 -1.38869e-01 8.84973e-02 -1.20970e-01 3 3 0 13.13884 3 3 3
46 5 5.61276e-01 -1.53897e-01 9.83471e-02 -1.15615e-01 3 3 0 13.17586 3 3 3
46 5 5.48164e-01 -1.70234e-01 1.09182e-01 -1.08998e-01 3 3 0 13.22065 3 3 3
46 5 5.32062e-01 -1.87918e-01 1.21100e-01 -1.00806e-01 3 3 0 13.27485 3 3 3
46 5 5.12299e-01 -2.06942e-01 1.34210e-01 -9.06343e-02 3 3 0 13.34075 3 3 3
46 5 4.88055e-01 -2.27231e-01 1.48631e-01 -7.79618e-02 3 3 0 13.42174 3 3 3
47 5 6.84273e-01 -1.82066e-03 1.00000e-03 -9.92120e-02 4 4 0 19.82109 2 4 4
47 5 6.84255e-01 -3.82338e-03 2.10000e-03 -9.92015e-02 4 4 0 19.82119 2 4 4
47 5 6.84221e-01 -6.02635e-03 3.31000e-03 -9.91813e-02 4 4 0 19.82138 2 4 4
47 5 6.84165e-01 -8.44956e-03 4.64100e-03 -9.91487e-02 4 4 0 19.82169 2 4 4
47 5 6.84083e-01 -1.11150e-02 6.10510e-03 -9.91002e-02 4 4 0 19.82214 2 4 4
47 5 6.83967e-01 -1.40469e-02 7.71561e-03 -9.90317e-02 4 4 0 19.82279 2 4 4
47 5 6.83808e-01 -1.72717e-02 9.48717e-03 -9.89377e-02 4 4 0 19.82368 2 4 4
47 5 6.83594e-01 -2.08187e-02 1.14359e-02 -9.88120e-02 4 4 0 19.82487 2 4 4
47 5 6.83314e-01 -2.47200e-02 1.35795e-02 -9.86467e-02 4 4 0 19.82643 2 4 4
47 5 6.82950e-01 -2.90107e-02 1.59374e-02 -9.84319e-02 4 4 0 19.82846 2 4 4
47 5 6.82483e-01 -3.37296e-02 1.85312e-02 -9.81560e-02 4 4 0 19.83106 2 4 4
47 5 6.81888e-01 -3.89190e-02 2.13843e-02 -9.78043e-02 4 4 0 19.83438 2 4 4
47 5 6.81134e-01 -4.46256e-02 2.45227e-02 -9.73589e-02 4 4 0 19.83859 2 4 4
47 5 6.80187e-01 -5.09002e-02 2.79750e-02 -9.67980e-02 4 4 0 19.84387 2 4 4
47 5 6.79000e-01 -5.77986e-02 3.17725e-02 -9.60949e-02 4 4 0 19.85050 2 4 4
47 5 6.77521e-01 -6.53818e-02 3.59497e-02 -9.52166e-02 4 4 0 19.85878 2 4 4
47 5 6.75684e-01 -7.37162e-02 4.05447e-02 -9.41226e-02 4 4 0 19.86908 2 4 4
47 5 6.73409e-01 -8.28740e-02 4.55992e-02 -9.27630e-02 4 4 0 19.88188 2 4 4
47 5 6.70601e-01 -9.29334e-02 5.11591e-02 -9.10759e-02 4 4 0 19.89776 2 4 4
47 5 6.67146e-01 -1.03978e-01 5.72750e-02 -8.89836e-02 4 4 0 19.91749 2 4 4
47 5 6.62909e-01 -1.16098e-01 6.40025e-02 -8.63879e-02 4 4 0 19.94207 2 4 4
47 5 6.57738e-01 -1.29386e-01 7.14028e-02 -8.31615e-02 4 4 0 19.97289 2 4 4
47 5 6.51469e-01 -1.43933e-01 7.95430e-02 -7.91336e-02 4 4 0 20.01218 2 4 4
47 5 6.43956e-01 -1.59822e-01 8.84973e-02 -7.40636e-02 4 4 0 20.06387 2 4 4
47 5 6.35127e-01 -1.77093e-01 9.83471e-02 -6.75984e-02 4 4 0 20.13613 2 4 4
47 5 6.24965e-01 -1.95694e-01 1.09182e-01 -5.92911e-02 4 4 0 20.24490 2 4 4
47 5 6.12674e-01 -2.15486e-01 1.21100e-01 -4.91054e-02 4 4 0 20.39807 2 4 4
47 5 5.95821e-01 -2.36556e-01 1.34210e-01 -3.77911e-02 4 4 0 20.55202 2 4 4
48 5 7.33154e-01 -1.28947e-03 1.00000e-03 -6.45699e-02 5 5 0 30.77923 5 5 5
48 5 7.33136e-01 -2.70790e-03 2.10000e-03 -6.45634e-02 5 5 0 30.77916 5 5 5
48 5 7.33101e-01 -4.26819e-03 3.31000e-03 -6.45510e-02 5 5 0 30.77902 5 5 5
48 5 7.33044e-01 -5.98456e-03 4.64100e-03 -6.45309e-02 5 5 0 30.77878 5 5 5
48 5 7.32960e-01 -7.87264e-03 6.10510e-03 -6.45011e-02 5 5 0 30.77844 5 5 5
48 5 7.32840e-01 -9.94965e-03 7.71561e-03 -6.44589e-02 5 5 0 30.77795 5 5 5
48 5 7.32676e-01 -1.22346e-02 9.48717e-03 -6.44012e-02 5 5 0 30.77728 5 5 5
48 5 7.32457e-01 -1.47482e-02 1.14359e-02 -6.43239e-02 5 5 0 30.77638 5 5 5
48 5 7.32169e-01 -1.75137e-02 1.35795e-02 -6.42223e-02 5 5 0 30.77519 5 5 5
48 5 7.31795e-01 -2.05562e-02 1.59374e-02 -6.40904e-02 5 5 0 30.77364 5 5 5
48 5 7.31313e-01 -2.39039e-02 1.85312e-02 -6.39209e-02 5 5 0 30.77163 5 5 5
48 5 7.30700e-01 -2.75874e-02 2.13843e-02 -6.37050e-02 5 5 0 30.76905 5 5 5
48 5 7.29923e-01 -3.16410e-02 2.45227e-02 -6.34319e-02 5 5 0 30.76575 5 5 5
48 5 7.28945e-01 -3.61022e-02 2.79750e-02 -6.30882e-02 5 5 0 30.76154 5 5 5
48 5 7.27718e-01 -4.10126e-02 3.17725e-02 -6.26579e-02 5 5 0 30.75616 5 5 5
48 5 7.26186e-01 -4.64184e-02 3.59497e-02 -6.21211e-02 5 5 0 30.74932 5 5 5
48 5 7.24277e-01 -5.23708e-02 4.05447e-02 -6.14540e-02 5 5 0 30.74058 5 5 5
48 5 7.21905e-01 -5.89265e-02 4.55992e-02 -6.06272e-02 5 5 0 30.72939 5 5 5
48 5 7.18964e-01 -6.61491e-02 5.11591e-02 -5.96049e-02 5 5 0 30.71500 5 5 5
48 5 7.15320e-01 -7.41093e-02 5.72750e-02 -5.83437e-02 5 5 0 30.69641 5 5 5
48 5 7.10811e-01 -8.28865e-02 6.40025e-02 -5.67902e-02 5 5 0 30.67220 5 5 5
48 5 7.05234e-01 -9.25704e-02 7.14028e-02 -5.48793e-02 5 5 0 30.64042 5 5 5
48 5 6.98334e-01 -1.03262e-01 7.95430e-02 -5.25312e-02 5 5 0 30.59827 5 5 5
48 5 6.89791e-01 -1.15078e-01 8.84973e-02 -4.96472e-02 5 5 0 30.54174 5 5 5
49 5 7.47316e-01 -8.61947e-03 1.00000e-03 -5.40506e-02 1 6 0 36.55404 1 2 6
49 5 7.47169e-01 -1.80886e-02 2.10000e-03 -5.40168e-02 1 6 0 36.55624 1 2 6
49 5 7.46888e-01 -2.84741e-02 3.31000e-03 -5.39522e-02 1 6 0 36.56043 1 2 6
49 5 7.46436e-01 -3.98406e-02 4.64100e-03 -5.38483e-02 1 6 0 36.56719 1 2 6
49 5 7.45771e-01 -5.22471e-02 6.10510e-03 -5.36950e-02 1 6 0 36.57717 1 2 6
49 5 7.44841e-01 -6.57433e-02 7.71561e-03 -5.34807e-02 1 6 0 36.59114 1 2 6
49 5 7.43589e-01 -8.03635e-02 9.48717e-03 -5.31919e-02 1 6 0 36.61001 1 2 6
49 5 7.41952e-01 -9.61203e-02 1.14359e-02 -5.28135e-02 1 6 0 36.63479 1 2 6
49 5 7.39862e-01 -1.12998e-01 1.35795e-02 -5.23294e-02 1 6 0 36.66658 1 2 6
49 5 7.37248e-01 -1.30944e-01 1.59374e-02 -5.17225e-02 1 6 0 36.70653 1 2 6
49 5 7.34044e-01 -1.49869e-01 1.85312e-02 -5.09759e-02 1 6 0 36.75579 1 2 6
49 5 7.30185e-01 -1.69638e-01 2.13843e-02 -5.00734e-02 1 6 0 36.81538 1 2 6
49 5 7.25617e-01 -1.90085e-01 2.45227e-02 -4.90007e-02 1 6 0 36.88613 1 2 6
49 5 7.20294e-01 -2.11013e-01 2.79750e-02 -4.77454e-02 1 6 0 36.96855 1 2 6
49 5 7.14179e-01 -2.32218e-01 3.17725e-02 -4.62972e-02 1 6 0 37.06276 1 2 6
49 5 7.07238e-01 -2.53500e-01 3.59497e-02 -4.46478e-02 1 6 0 37.16849 1 2 6
49 5 6.99429e-01 -2.74674e-01 4.05447e-02 -4.27905e-02 1 6 0 37.28499 1 2 6
49 5 6.90700e-01 -2.95569e-01 4.55992e-02 -4.07228e-02 1 6 0 37.41108 1 2 6
49 5 6.80973e-01 -3.16011e-01 5.11591e-02 -3.84538e-02 1 6 0 37.54506 1 2 6
49 5 6.70121e-01 -3.35781e-01 5.72750e-02 -3.60256e-02 1 6 0 37.68507 1 2 6
49 5 6.57908e-01 -3.54668e-01 6.40025e-02 -3.35360e-02 1 6 0 37.83284 1 2 6
49 5 6.43859e-01 -3.72917e-01 7.14028e-02 -3.10311e-02 1 6 0 38.00679 1 2 6
49 5 6.27375e-01 -3.91574e-01 7.95430e-02 -2.82330e-02 1 6 0 38.24108 1 2 6
49 5 6.08077e-01 -4.11280e-01 8.84973e-02 -2.47202e-02 1 6 0 38.55011 1 2 6
50 5 7.59054e-01 2.11261e-03 1.00000e-03 -4.52449e-02 1 6 1 43.24648 1 2 6
50 5 7.59029e-01 4.43678e-03 2.10000e-03 -4.52387e-02 1 6 1 43.24704 1 2 6
50 5 7.58983e-01 6.99409e-03 3.31000e-03 -4.52268e-02 1 6 1 43.24811 1 2 6
50 5 7.58907e-01 9.80855e-03 4.64100e-03 -4.52075e-02 1 6 1 43.24986 1 2 6
50 5 7.58795e-01 1.29068e-02 6.10510e-03 -4.51789e-02 1 6 1 43.25246 1 2 6
50 5 7.58636e-01 1.63188e-02 7.71561e-03 -4.51384e-02 1 6 1 43.25615 1 2 6
50 5 7.58418e-01 2.00780e-02 9.48717e-03 -4.50828e-02 1 6 1 43.26123 1 2 6
50 5 7.58126e-01 2.42221e-02 1.14359e-02 -4.50085e-02 1 6 1 43.26809 1 2 6
50 5 7.57742e-01 2.87942e-02 1.35795e-02 -4.49105e-02 1 6 1 43.27719 1 2 6
50 5 7.57242e-01 3.38439e-02 1.59374e-02 -4.47832e-02 1 6 1 43.28917 1 2 6
50 5 7.56597e-01 3.94286e-02 1.85312e-02 -4.46192e-02 1 6 1 43.30484 1 2 6
50 5 7.55774e-01 4.56168e-02 2.13843e-02 -4.44096e-02 1 6 1 43.32526 1 2 6
50 5 7.54726e-01 5.24915e-02 2.45227e-02 -4.41434e-02 1 6 1 43.35188 1 2 6
50 5 7.53398e-01 6.01567e-02 2.79750e-02 -4.38064e-02 1 6 1 43.38670 1 2 6
50 5 7.51720e-01 6.87476e-02 3.17725e-02 -4.33810e-02 1 6 1 43.43255 1 2 6
50 5 7.49600e-01 7.84495e-02 3.59497e-02 -4.28444e-02 1 6 1 43.49365 1 2 6
50 5 7.46914e-01 8.95331e-02 4.05447e-02 -4.21660e-02 1 6 1 43.57660 1 2 6
50 5 7.43489e-01 1.02427e-01 4.55992e-02 -4.13030e-02 1 6 1 43.69252 1 2 6
50 5 7.39065e-01 1.17890e-01 5.11591e-02 -4.01898e-02 1 6 1 43.86235 1 2 6
50 5 7.33170e-01 1.37518e-01 5.72750e-02 -3.87064e-02 1 6 1 44.13305 1 2 6
50 5 7.24622e-01 1.66004e-01 6.40025e-02 -3.65346e-02 1 6 1 44.65605 1 2 6
51 5 7.69011e-01 -1.70901e-03 1.00000e-03 -3.76376e-02 7 7 0 51.28346 5 7 7
51 5 7.68994e-01 -3.58963e-03 2.10000e-03 -3.76293e-02 7 7 0 51.28410 5 7 7
51 5 7.68959e-01 -5.66012e-03 3.31000e-03 -3.76133e-02 7 7 0 51.28532 5 7 7
51 5 7.68904e-01 -7.94110e-03 4.64100e-03 -3.75875e-02 7 7 0 51.28730 5 7 7
51 5 7.68821e-01 -1.04560e-02 6.10510e-03 -3.75491e-02 7 7 0 51.29026 5 7 7
51 5 7.68705e-01 -1.32318e-02 7.71561e-03 -3.74947e-02 7 7 0 51.29448 5 7 7
51 5 7.68545e-01 -1.62996e-02 9.48717e-03 -3.74199e-02 7 7 0 51.30030 5 7 7
51 5 7.68330e-01 -1.96960e-02 1.14359e-02 -3.73197e-02 7 7 0 51.30819 5 7 7
51 5 7.68048e-01 -2.34645e-02 1.35795e-02 -3.71873e-02 7 7 0 51.31874 5 7 7
51 5 7.67680e-01 -2.76578e-02 1.59374e-02 -3.70145e-02 7 7 0 51.33273 5 7 7
51 5 7.67206e-01 -3.23409e-02 1.85312e-02 -3.67911e-02 7 7 0 51.35122 5 7 7
51 5 7.66598e-01 -3.75958e-02 2.13843e-02 -3.65039e-02 7 7 0 51.37563 5 7 7
51 5 7.65823e-01 -4.35290e-02 2.45227e-02 -3.61365e-02 7 7 0 51.40798 5 7 7
51 5 7.64838e-01 -5.02823e-02 2.79750e-02 -3.56677e-02 7 7 0 51.45118 5 7 7
51 5 7.63584e-01 -5.80503e-02 3.17725e-02 -3.50703e-02 7 7 0 51.50950 5 7 7
51 5 7.61985e-01 -6.71064e-02 3.59497e-02 -3.43096e-02 7 7 0 51.58946 5 7 7
51 5 7.59926e-01 -7.78343e-02 4.05447e-02 -3.33415e-02 7 7 0 51.70108 5 7 7
51 5 7.57239e-01 -9.07319e-02 4.55992e-02 -3.21154e-02 7 7 0 51.85883 5 7 7
51 5 7.53674e-01 -1.06239e-01 5.11591e-02 -3.05918e-02 7 7 0 52.07734 3 7 7
51 5 7.48914e-01 -1.24193e-01 5.72750e-02 -2.87834e-02 7 7 0 52.35049 3 7 7
51 5 7.42674e-01 -1.43618e-01 6.40025e-02 -2.67564e-02 7 7 0 52.63174 3 7 7
51 5 7.34709e-01 -1.63740e-01 7.14028e-02 -2.45374e-02 7 7 0 52.86580 3 7 7
51 5 7.24708e-01 -1.84510e-01 7.95430e-02 -2.20748e-02 7 7 0 53.01992 3 7 7
52 5 7.81261e-01 -1.66737e-03 1.00000e-03 -2.81428e-02 8 8 0 66.75763 4 8 8
52 5 7.81238e-01 -3.50156e-03 2.10000e-03 -2.81391e-02 8 8 0 66.75798 4 8 8
52 5 7.81193e-01 -5.51941e-03 3.31000e-03 -2.81321e-02 8 8 0 66.75867 4 8 8
52 5 7.81121e-01 -7.73946e-03 4.64100e-03 -2.81208e-02 8 8 0 66.75977 4 8 8
52 5 7.81014e-01 -1.01823e-02 6.10510e-03 -2.81040e-02 8 8 0 66.76142 4 8 8
52 5 7.80862e-01 -1.28705e-02 7.71561e-03 -2.80802e-02 8 8 0 66.76374 4 8 8
52 5 7.80654e-01 -1.58293e-02 9.48717e-03 -2.80475e-02 8 8 0 66.76691 4 8 8
52 5 7.80376e-01 -1.90866e-02 1.14359e-02 -2.80039e-02 8 8 0 66.77114 4 8 8
52 5 7.80010e-01 -2.26735e-02 1.35795e-02 -2.79464e-02 8 8 0 66.77667 4 8 8
52 5 7.79535e-01 -2.66246e-02 1.59374e-02 -2.78717e-02 8 8 0 66.78382 4 8 8
52 5 7.78924e-01 -3.09785e-02 1.85312e-02 -2.77755e-02 8 8 0 66.79292 4 8 8
52 5 7.78144e-01 -3.57786e-02 2.13843e-02 -2.76528e-02 8 8 0 66.80440 4 8 8
52 5 7.77156e-01 -4.10739e-02 2.45227e-02 -2.74971e-02 8 8 0 66.81873 4 8 8
52 5 7.75911e-01 -4.69196e-02 2.79750e-02 -2.73006e-02 8 8 0 66.83646 4 8 8
52 5 7.74349e-01 -5.33784e-02 3.17725e-02 -2.70534e-02 8 8 0 66.85815 4 8 8
52 5 7.72394e-01 -6.05220e-02 3.59497e-02 -2.67434e-02 8 8 0 66.88441 4 8 8
52 5 7.69957e-01 -6.84326e-02 4.05447e-02 -2.63552e-02 8 8 0 66.91581 4 8 8
52 5 7.66925e-01 -7.72052e-02 4.55992e-02 -2.58698e-02 8 8 0 66.95282 4 8 8
52 5 7.63157e-01 -8.69503e-02 5.11591e-02 -2.52627e-02 8 8 0 66.99570 4 8 8
52 5 7.58480e-01 -9.77975e-02 5.72750e-02 -2.45027e-02 8 8 0 67.04440 4 8 8
52 5 7.52679e-01 -1.09900e-01 6.40025e-02 -2.35498e-02 8 8 0 67.09850 6 8 8
52 5 7.45480e-01 -1.23444e-01 7.14028e-02 -2.23520e-02 8 8 0 67.15715 6 8 8
52 5 7.36539e-01 -1.38648e-01 7.95430e-02 -2.08416e-02 8 8 0 67.21863 6 8 8
52 5 7.25413e-01 -1.55768e-01 8.84973e-02 -1.89303e-02 8 8 0 67.27780 6 8 8
53 5 7.89021e-01 -1.27201e-03 1.00000e-03 -2.20508e-02 9 9 0 82.95307 5 9 9
53 5 7.89001e-01 -2.67112e-03 2.10000e-03 -2.20466e-02 9 9 0 82.95326 5 9 9
53 5 7.88963e-01 -4.20991e-03 3.31000e-03 -2.20386e-02 9 9 0 82.95362 5 9 9
53 5 7.88901e-01 -5.90213e-03 4.64100e-03 -2.20255e-02 9 9 0 82.95420 5 9 9
53 5 7.88810e-01 -7.76283e-03 6.10510e-03 -2.20062e-02 9 9 0 82.95507 5 9 9
53 5 7.88681e-01 -9.80839e-03 7.71561e-03 -2.19787e-02 9 9 0 82.95630 5 9 9
53 5 7.88504e-01 -1.20567e-02 9.48717e-03 -2.19411e-02 9 9 0 82.95799 5 9 9
53 5 7.88268e-01 -1.45270e-02 1.14359e-02 -2.18908e-02 9 9 0 82.96025 5 9 9
53 5 7.87957e-01 -1.72402e-02 1.35795e-02 -2.18245e-02 9 9 0 82.96324 5 9 9
53 5 7.87554e-01 -2.02186e-02 1.59374e-02 -2.17382e-02 9 9 0 82.96714 5 9 9
53 5 7.87037e-01 -2.34861e-02 1.85312e-02 -2.16271e-02 9 9 0 82.97220 5 9 9
53 5 7.86378e-01 -2.70675e-02 2.13843e-02 -2.14850e-02 9 9 0 82.97871 5 9 9
53 5 7.85547e-01 -3.09881e-02 2.45227e-02 -2.13044e-02 9 9 0 82.98711 5 9 9
53 5 7.84503e-01 -3.52730e-02 2.79750e-02 -2.10755e-02 9 9 0 82.99796 5 9 9
53 5 7.83201e-01 -3.99446e-02 3.17725e-02 -2.07864e-02 9 9 0 83.01214 5 9 9
53 5 7.81584e-01 -4.50197e-02 3.59497e-02 -2.04210e-02 9 9 0 83.03105 5 9 9
53 5 7.79590e-01 -5.05016e-02 4.05447e-02 -1.99582e-02 9 9 0 83.05717 5 9 9
53 5 7.77148e-01 -5.63668e-02 4.55992e-02 -1.93685e-02 9 9 0 83.09550 5 9 9
53 5 7.74187e-01 -6.25375e-02 5.11591e-02 -1.86088e-02 9 9 0 83.15685 5 9 9
53 5 7.70642e-01 -6.88493e-02 5.72750e-02 -1.76167e-02 9 9 0 83.26463 5 9 9
53 5 7.66417e-01 -7.51467e-02 6.40025e-02 -1.63308e-02 9 9 0 83.45320 5 9 9
53 5 7.61211e-01 -8.17508e-02 7.14028e-02 -1.47789e-02 9 9 0 83.70727 5 9 9
53 5 7.54512e-01 -8.94213e-02 7.95430e-02 -1.30558e-02 9 9 0 83.92175 5 9 9
54 5 7.95825e-01 -1.41129e-03 1.00000e-03 -1.66588e-02 10 10 0 106.11742 10 10 10
54 5 7.95803e-01 -2.96371e-03 2.10000e-03 -1.66556e-02 10 10 0 106.11673 10 10 10
54 5 7.95762e-01 -4.67141e-03 3.31000e-03 -1.66494e-02 10 10 0 106.11541 10 10 10
54 5 7.95694e-01 -6.54992e-03 4.64100e-03 -1.66394e-02 10 10 0 106.11327 10 10 10
54 5 7.95594e-01 -8.61636e-03 6.10510e-03 -1.66246e-02 10 10 0 106.11009 10 10 10
54 5 7.95453e-01 -1.08896e-02 7.71561e-03 -1.66036e-02 10 10 0 106.10558 10 10 10
54 5 7.95260e-01 -1.33903e-02 9.48717e-03 -1.65748e-02 10 10 0 106.09938 10 10 10
54 5 7.95000e-01 -1.61414e-02 1.14359e-02 -1.65363e-02 10 10 0 106.09106 10 10 10
54 5 7.94660e-01 -1.91680e-02 1.35795e-02 -1.64856e-02 10 10 0 106.08007 10 10 10
54 5 7.94217e-01 -2.24979e-02 1.59374e-02 -1.64199e-02 10 10 0 106.06570 10 10 10
54 5 7.93648e-01 -2.61616e-02 1.85312e-02 -1.63354e-02 10 10 0 106.04709 10 10 10
54 5 7.92923e-01 -3.01929e-02 2.13843e-02 -1.62278e-02 10 10 0 106.02312 10 10 10
54 5 7.92004e-01 -3.46290e-02 2.45227e-02 -1.60916e-02 10 10 0 105.99239 10 10 10
54 5 7.90847e-01 -3.95111e-02 2.79750e-02 -1.59203e-02 10 10 0 105.95308 10 10 10
54 5 7.89396e-01 -4.48847e-02 3.17725e-02 -1.57057e-02 10 10 0 105.90282 10 10 10
54 5 7.87582e-01 -5.08000e-02 3.59497e-02 -1.54380e-02 10 10 0 105.83852 10 10 10
54 5 7.85323e-01 -5.73129e-02 4.05447e-02 -1.51053e-02 10 10 0 105.75606 10 10 10
54 5 7.82515e-01 -6.44855e-02 4.55992e-02 -1.46926e-02 10 10 0 105.64991 10 10 10
54 5 7.79031e-01 -7.23866e-02 5.11591e-02 -1.41822e-02 10 10 0 105.51253 10 10 10
55 5 7.99164e-01 -1.23330e-03 1.00000e-03 -1.39960e-02 11 11 0 123.47650 5 11 11
55 5 7.99143e-01 -2.58994e-03 2.10000e-03 -1.39933e-02 11 11 0 123.47662 5 11 11
55 5 7.99102e-01 -4.08226e-03 3.31000e-03 -1.39880e-02 11 11 0 123.47687 5 11 11
55 5 7.99037e-01 -5.72383e-03 4.64100e-03 -1.39794e-02 11 11 0 123.47725 5 11 11
55 5 7.98939e-01 -7.52960e-03 6.10510e-03 -1.39667e-02 11 11 0 123.47783 5 11 11
55 5 7.98801e-01 -9.51601e-03 7.71561e-03 -1.39487e-02 11 11 0 123.47862 5 11 11
55 5 7.98612e-01 -1.17012e-02 9.48717e-03 -1.39241e-02 11 11 0 123.47969 5 11 11
55 5 7.98359e-01 -1.41049e-02 1.14359e-02 -1.38913e-02 11 11 0 123.48107 5 11 11
55 5 7.98026e-01 -1.67492e-02 1.35795e-02 -1.38481e-02 11 11 0 123.48281 5 11 11
55 5 7.97594e-01 -1.96581e-02 1.59374e-02 -1.37922e-02 11 11 0 123.48495 5 11 11
55 5 7.97038e-01 -2.28581e-02 1.85312e-02 -1.37207e-02 11 11 0 123.48750 5 11 11
55 5 7.96328e-01 -2.63779e-02 2.13843e-02 -1.36299e-02 11 11 0 123.49047 5 11 11
55 5 7.95429e-01 -3.02493e-02 2.45227e-02 -1.35155e-02 11 11 0 123.49382 5 11 11
55 5 7.94295e-01 -3.45064e-02 2.79750e-02 -1.33727e-02 11 11 0 123.49750 5 11 11
55 5 7.92871e-01 -3.91853e-02 3.17725e-02 -1.31956e-02 11 11 0 123.50158 5 11 11
55 5 7.91090e-01 -4.43238e-02 3.59497e-02 -1.29775e-02 11 11 0 123.50641 5 11 11
55 5 7.88866e-01 -4.99581e-02 4.05447e-02 -1.27109e-02 11 11 0 123.51336 5 11 11
55 5 7.86097e-01 -5.61196e-02 4.55992e-02 -1.23878e-02 11 11 0 123.52610 5 11 11
55 5 7.82655e-01 -6.28279e-02 5.11591e-02 -1.19992e-02 11 11 0 123.55302 5 11 11
55 5 7.78385e-01 -7.00865e-02 5.72750e-02 -1.15333e-02 11 11 0 123.60922 5 11 11
55 5 7.73108e-01 -7.78929e-02 6.40025e-02 -1.09701e-02 11 11 0 123.71164 5 11 11
56 5 8.02125e-01 -1.85833e-03 1.00000e-03 -1.16241e-02 12 12 0 144.97092 2 12 12
56 5 8.02102e-01 -3.90298e-03 2.10000e-03 -1.16195e-02 12 12 0 144.97321 2 12 12
56 5 8.02059e-01 -6.15333e-03 3.31000e-03 -1.16106e-02 12 12 0 144.97761 2 12 12
56 5 8.01988e-01 -8.63106e-03 4.64100e-03 -1.15962e-02 12 12 0 144.98479 2 12 12
56 5 8.01882e-01 -1.13605e-02 6.10510e-03 -1.15748e-02 12 12 0 144.99558 2 12 12
56 5 8.01733e-01 -1.43694e-02 7.71561e-03 -1.15444e-02 12 12 0 145.01112 2 12 12
56 5 8.01529e-01 -1.76889e-02 9.48717e-03 -1.15027e-02 12 12 0 145.03289 2 12 12
56 5 8.01255e-01 -2.13553e-02 1.14359e-02 -1.14466e-02 12 12 0 145.06295 2 12 12
56 5 8.00895e-01 -2.54103e-02 1.35795e-02 -1.13724e-02 12 12 0 145.10414 2 12 12
56 5 8.00426e-01 -2.99030e-02 1.59374e-02 -1.12754e-02 12 12 0 145.16049 2 12 12
56 5 7.99822e-01 -3.48915e-02 1.85312e-02 -1.11499e-02 12 12 0 145.23784 4 12 12
56 5 7.99050e-01 -4.04450e-02 2.13843e-02 -1.09888e-02 12 12 0 145.34476 4 12 12
56 5 7.98067e-01 -4.66454e-02 2.45227e-02 -1.07834e-02 12 12 0 145.49404 4 12 12
56 5 7.96819e-01 -5.35862e-02 2.79750e-02 -1.05243e-02 12 12 0 145.70432 4 12 12
56 5 7.95237e-01 -6.13579e-02 3.17725e-02 -1.02029e-02 12 12 0 145.99947 4 12 12
56 5 7.93228e-01 -7.00035e-02 3.59497e-02 -9.81549e-03 12 12 0 146.39401 6 12 12
56 5 7.90682e-01 -7.94619e-02 4.05447e-02 -9.36784e-03 12 12 0 146.85391 6 12 12
56 5 7.87469e-01 -8.96245e-02 4.55992e-02 -8.86724e-03 12 12 0 147.28773 6 12 12
56 5 7.83443e-01 -1.00468e-01 5.11591e-02 -8.30830e-03 12 12 0 147.60986 6 12 12
56 5 7.78434e-01 -1.12058e-01 5.72750e-02 -7.67272e-03 12 12 0 147.77170 6 12 12
56 5 7.72229e-01 -1.24487e-01 6.40025e-02 -6.93471e-03 12 12 0 147.74125 6 12 12
57 5 8.04790e-01 -1.74731e-03 1.00000e-03 -9.48349e-03 13 13 0 172.69470 5 13 13
57 5 8.04765e-01 -3.66950e-03 2.10000e-03 -9.48137e-03 13 13 0 172.69603 5 13 13
57 5 8.04717e-01 -5.78426e-03 3.31000e-03 -9.47732e-03 13 13 0 172.69859 5 13 13
57 5 8.04639e-01 -8.11116e-03 4.64100e-03 -9.47076e-03 13 13 0 172.70271 5 13 13
57 5 8.04523e-01 -1.06719e-02 6.10510e-03 -9.46100e-03 13 13 0 172.70882 5 13 13
57 5 8.04360e-01 -1.34905e-02 7.71561e-03 -9.44718e-03 13 13 0 172.71741 5 13 13
57 5 8.04136e-01 -1.65936e-02 9.48717e-03 -9.42824e-03 13 13 0 172.72907 5 13 13
57 5 8.03836e-01 -2.00111e-02 1.14359e-02 -9.40285e-03 13 13 0 172.74451 5 13 13
57 5 8.03442e-01 -2.37761e-02 1.35795e-02 -9.36939e-03 13 13 0 172.76451 5 13 13
57 5 8.02929e-01 -2.79257e-02 1.59374e-02 -9.32583e-03 13 13 0 172.78997 5 13 13
57 5 8.02270e-01 -3.25017e-02 1.85312e-02 -9.26965e-03 13 13 0 172.82179 5 13 13
57 5 8.01429e-01 -3.75509e-02 2.13843e-02 -9.19771e-03 13 13 0 172.86090 5 13 13
57 5 8.00363e-01 -4.31260e-02 2.45227e-02 -9.10610e-03 13 13 0 172.90805 5 13 13
57 5 7.99019e-01 -4.92865e-02 2.79750e-02 -8.98985e-03 13 13 0 172.96369 5 13 13
57 5 7.97333e-01 -5.60995e-02 3.17725e-02 -8.84270e-03 13 13 0 173.02767 5 13 13
57 5 7.95223e-01 -6.36408e-02 3.59497e-02 -8.65667e-03 13 13 0 173.09905 5 13 13
57 5 7.92592e-01 -7.19956e-02 4.05447e-02 -8.42160e-03 13 13 0 173.17582 5 13 13
57 5 7.89317e-01 -8.12604e-02 4.55992e-02 -8.12446e-03 13 13 0 173.25475 5 13 13
57 5 7.85249e-01 -9.15444e-02 5.11591e-02 -7.74868e-03 13 13 0 173.33075 5 13 13
57 5 7.80201e-01 -1.02969e-01 5.72750e-02 -7.27320e-03 13 13 0 173.39313 5 13 13
58 5 8.06655e-01 -1.46509e-03 1.00000e-03 -7.98114e-03 14 14 0 200.14974 12 14 14
58 5 8.06632e-01 -3.07648e-03 2.10000e-03 -7.97858e-03 14 14 0 200.15006 12 14 14
58 5 8.06589e-01 -4.84849e-03 3.31000e-03 -7.97366e-03 14 14 0 200.15066 12 14 14
58 5 8.06519e-01 -6.79671e-03 4.64100e-03 -7.96571e-03 14 14 0 200.15164 12 14 14
58 5 8.06416e-01 -8.93806e-03 6.10510e-03 -7.95387e-03 14 14 0 200.15311 12 14 14
58 5 8.06269e-01 -1.12908e-02 7.71561e-03 -7.93710e-03 14 14 0 200.15521 12 14 14
58 5 8.06068e-01 -1.38746e-02 9.48717e-03 -7.91409e-03 14 14 0 200.15814 12 14 14
58 5 8.05800e-01 -1.67103e-02 1.14359e-02 -7.88321e-03 14 14 0 200.16215 12 14 14
58 5 8.05447e-01 -1.98198e-02 1.35795e-02 -7.84245e-03 14 14 0 200.16762 12 14 14
58 5 8.04990e-01 -2.32254e-02 1.59374e-02 -7.78923e-03 14 14 0 200.17509 12 14 14
58 5 8.04404e-01 -2.69490e-02 1.85312e-02 -7.72034e-03 14 14 0 200.18543 12 14 14
58 5 8.03660e-01 -3.10103e-02 2.13843e-02 -7.63158e-03 14 14 0 200.20014 11 14 14
58 5 8.02722e-01 -3.54229e-02 2.45227e-02 -7.51746e-03 14 14 0 200.22202 10 14 14
58 5 8.01552e-01 -4.01869e-02 2.79750e-02 -7.37036e-03 14 14 0 200.25688 10 14 14
58 5 8.00102e-01 -4.52735e-02 3.17725e-02 -7.17927e-03 14 14 0 200.31787 10 14 14
58 5 7.98328e-01 -5.05973e-02 3.59497e-02 -6.92750e-03 14 14 0 200.43593 12 14 14
58 5 7.96181e-01 -5.60154e-02 4.05447e-02 -6.59321e-03 14 14 0 200.67188 12 14 14
58 5 7.93564e-01 -6.15616e-02 4.55992e-02 -6.16993e-03 14 14 0 201.05506 10 14 14
58 5 7.90281e-01 -6.76918e-02 5.11591e-02 -5.68413e-03 14 14 0 201.44540 10 14 14
58 5 7.86111e-01 -7.47933e-02 5.72750e-02 -5.14884e-03 14 14 0 201.66282 10 14 14
59 5 8.08481e-01 -1.46888e-03 1.00000e-03 -6.50656e-03 15 15 0 238.21090 15 15 15
59 5 8.08458e-01 -3.08467e-03 2.10000e-03 -6.50453e-03 15 15 0 238.20854 15 15 15
59 5 8.08413e-01 -4.86205e-03 3.31000e-03 -6.50064e-03 15 15 0 238.20402 15 15 15
59 5 8.08342e-01 -6.81722e-03 4.64100e-03 -6.49435e-03 15 15 0 238.19669 15 15 15
59 5 8.08235e-01 -8.96800e-03 6.10510e-03 -6.48500e-03 15 15 0 238.18578 15 15 15
59 5 8.08084e-01 -1.13340e-02 7.71561e-03 -6.47177e-03 15 15 0 238.17029 15 15 15
59 5 8.07877e-01 -1.39368e-02 9.48717e-03 -6.45366e-03 15 15 0 238.14899 15 15 15
59 5 8.07600e-01 -1.68001e-02 1.14359e-02 -6.42942e-03 15 15 0 238.12034 15 15 15
59 5 8.07236e-01 -1.99502e-02 1.35795e-02 -6.39754e-03 15 15 0 238.08238 15 15 15
59 5 8.06763e-01 -2.34160e-02 1.59374e-02 -6.35616e-03 15 15 0 238.03263 15 15 15
59 5 8.06155e-01 -2.72292e-02 1.85312e-02 -6.30300e-03 15 15 0 237.96794 15 15 15
59 5 8.05379e-01 -3.14250e-02 2.13843e-02 -6.23527e-03 15 15 0 237.88423 15 15 15
59 5 8.04397e-01 -3.60422e-02 2.45227e-02 -6.14955e-03 15 15 0 237.77624 15 15 15
59 5 8.03160e-01 -4.11234e-02 2.79750e-02 -6.04169e-03 15 15 0 237.63702 15 15 15
59 5 8.01609e-01 -4.67160e-02 3.17725e-02 -5.90658e-03 15 15 0 237.45739 15 15 15
59 5 7.99670e-01 -5.28725e-02 3.59497e-02 -5.73799e-03 15 15 0 237.22497 15 15 15
60 5 8.11241e-01 -2.19688e-03 1.00000e-03 -4.26970e-03 14 18 0 340.46810 2 18 18
60 5 8.11212e-01 -4.61513e-03 2.10000e-03 -4.26813e-03 14 18 0 340.46988 2 18 18
60 5 8.11156e-01 -7.27938e-03 3.31000e-03 -4.26511e-03 14 18 0 340.47325 2 18 18
60 5 8.11065e-01 -1.02180e-02 4.64100e-03 -4.26021e-03 13 18 0 340.47862 2 18 18
60 5 8.10930e-01 -1.34641e-02 6.10510e-03 -4.25291e-03 13 18 0 340.48638 2 18 18
60 5 8.10738e-01 -1.70563e-02 7.71561e-03 -4.24255e-03 12 18 0 340.49692 2 18 18
60 5 8.10473e-01 -2.10408e-02 9.48717e-03 -4.22830e-03 12 18 0 340.51051 2 18 18
60 5 8.10118e-01 -2.54735e-02 1.14359e-02 -4.20910e-03 12 18 0 340.52713 2 18 18
60 5 8.09648e-01 -3.04228e-02 1.35795e-02 -4.18361e-03 12 18 0 340.54622 2 18 18
60 5 8.09032e-01 -3.59737e-02 1.59374e-02 -4.15012e-03 12 18 0 340.56621 2 18 18
60 5 8.08230e-01 -4.22344e-02 1.85312e-02 -4.10640e-03 12 18 0 340.58376 2 18 18
60 5 8.07193e-01 -4.93449e-02 2.13843e-02 -4.04953e-03 12 18 0 340.59255 2 18 18
60 5 8.05851e-01 -5.74920e-02 2.45227e-02 -3.97560e-03 11 18 0 340.58135 2 18 18
60 5 8.04116e-01 -6.69334e-02 2.79750e-02 -3.87927e-03 10 18 0 340.53068 2 18 18
61 5 8.12586e-01 -1.50407e-03 1.00000e-03 -3.17959e-03 20 20 0 436.63745 10 20 20
61 5 8.12562e-01 -3.15856e-03 2.10000e-03 -3.17816e-03 20 20 0 436.63166 10 20 20
61 5 8.12516e-01 -4.97852e-03 3.31000e-03 -3.17542e-03 20 20 0 436.62053 10 20 20
61 5 8.12441e-01 -6.98054e-03 4.64100e-03 -3.17099e-03 20 20 0 436.60249 10 20 20
61 5 8.12330e-01 -9.18284e-03 6.10510e-03 -3.16441e-03 20 20 0 436.57561 10 20 20
61 5 8.12174e-01 -1.16055e-02 7.71561e-03 -3.15509e-03 20 20 0 436.53740 10 20 20
61 5 8.11960e-01 -1.42707e-02 9.48717e-03 -3.14234e-03 20 20 0 436.48479 10 20 20
61 5 8.11673e-01 -1.72027e-02 1.14359e-02 -3.12527e-03 20 20 0 436.41384 10 20 20
61 5 8.11295e-01 -2.04284e-02 1.35795e-02 -3.10283e-03 20 20 0 436.31955 10 20 20
61 5 8.10805e-01 -2.39773e-02 1.59374e-02 -3.07369e-03 20 20 0 436.19551 10 20 20
61 5 8.10174e-01 -2.78820e-02 1.85312e-02 -3.03625e-03 20 20 0 436.03339 10 20 20
61 5 8.09371e-01 -3.21786e-02 2.13843e-02 -2.98855e-03 20 20 0 435.82231 10 20 20
61 5 8.08353e-01 -3.69067e-02 2.45227e-02 -2.92818e-03 20 20 0 435.54787 10 20 20
62 5 8.14839e-01 -1.71155e-03 1.00000e-03 -1.34531e-03 28 28 0 899.28408 6 28 28
62 5 8.14813e-01 -3.59422e-03 2.10000e-03 -1.34452e-03 28 28 0 899.30504 6 28 28
62 5 8.14763e-01 -5.66508e-03 3.31000e-03 -1.34301e-03 28 28 0 899.34501 6 28 28
62 5 8.14682e-01 -7.94287e-03 4.64100e-03 -1.34056e-03 28 28 0 899.40887 6 28 28
62 5 8.14562e-01 -1.04482e-02 6.10510e-03 -1.33691e-03 28 28 0 899.50202 6 28 28
62 5 8.14392e-01 -1.32036e-02 7.71561e-03 -1.33173e-03 28 28 0 899.63009 6 28 28
62 5 8.14158e-01 -1.62339e-02 9.48717e-03 -1.32460e-03 28 28 0 899.79829 6 28 28
62 5 8.13846e-01 -1.95662e-02 1.14359e-02 -1.31497e-03 28 28 0 900.01034 6 28 28
62 5 8.13436e-01 -2.32299e-02 1.35795e-02 -1.30218e-03 28 28 0 900.26708 6 28 28
62 5 8.12904e-01 -2.72573e-02 1.59374e-02 -1.28533e-03 28 28 0 900.56525 6 28 28
62 5 8.12221e-01 -3.16832e-02 1.85312e-02 -1.26330e-03 28 28 0 900.89709 6 28 28
62 5 8.11350e-01 -3.65451e-02 2.13843e-02 -1.23463e-03 28 28 0 901.25090 6 28 28
62 5 8.10249e-01 -4.18835e-02 2.45227e-02 -1.19751e-03 28 28 0 901.60759 6 28 28
62 5 8.08865e-01 -4.77419e-02 2.79750e-02 -1.14966e-03 28 28 0 901.91846 6 28 28
