57 63 2.12999e-01 -1.59410e-03 1.00000e-03 -3.10643e-01 9 9 0 28.57182 9 9 9
57 63 2.12995e-01 -3.34760e-03 2.10000e-03 -3.10622e-01 9 9 0 28.57205 9 9 9
57 63 2.12988e-01 -5.27644e-03 3.31000e-03 -3.10583e-01 9 9 0 28.57251 9 9 9
57 63 2.12976e-01 -7.39814e-03 4.64100e-03 -3.10519e-01 9 9 0 28.57324 9 9 9
57 63 2.12958e-01 -9.73197e-03 6.10510e-03 -3.10424e-01 9 9 0 28.57434 9 9 9
57 63 2.12933e-01 -1.22991e-02 7.71561e-03 -3.10290e-01 9 9 0 28.57589 9 9 9
57 63 2.12899e-01 -1.51229e-02 9.48717e-03 -3.10106e-01 9 9 0 28.57800 9 9 9
57 63 2.12853e-01 -1.82289e-02 1.14359e-02 -3.09860e-01 9 9 0 28.58084 9 9 9
57 63 2.12793e-01 -2.16453e-02 1.35795e-02 -3.09537e-01 9 9 0 28.58457 9 9 9
57 63 2.12715e-01 -2.54031e-02 1.59374e-02 -3.09117e-01 9 9 0 28.58942 9 9 9
57 63 2.12614e-01 -2.95362e-02 1.85312e-02 -3.08578e-01 9 9 0 28.59565 9 9 9
57 63 2.12486e-01 -3.40820e-02 2.13843e-02 -3.07891e-01 9 9 0 28.60360 9 9 9
57 63 2.12323e-01 -3.90816e-02 2.45227e-02 -3.07022e-01 9 9 0 28.61366 9 9 9
57 63 2.12119e-01 -4.45800e-02 2.79750e-02 -3.05929e-01 9 9 0 28.62634 9 9 9
57 63 2.11862e-01 -5.06267e-02 3.17725e-02 -3.04562e-01 9 9 0 28.64226 9 9 9
57 63 2.11541e-01 -5.72758e-02 3.59497e-02 -3.02856e-01 9 9 0 28.66215 9 9 9
57 63 2.11141e-01 -6.45869e-02 4.05447e-02 -3.00738e-01 9 9 0 28.68694 9 9 9
57 63 2.10643e-01 -7.26249e-02 4.55992e-02 -2.98114e-01 9 9 0 28.71779 9 9 9
57 63 2.10026e-01 -8.14611e-02 5.11591e-02 -2.94874e-01 9 9 0 28.75609 9 9 9
57 63 2.09260e-01 -9.11732e-02 5.72750e-02 -2.90880e-01 9 9 0 28.80360 9 9 9
57 63 2.08310e-01 -1.01846e-01 6.40025e-02 -2.85969e-01 9 9 0 28.86252 9 9 9
57 63 2.07133e-01 -1.13571e-01 7.14028e-02 -2.79940e-01 9 9 0 28.93558 9 9 9
57 63 2.05673e-01 -1.26450e-01 7.95430e-02 -2.72552e-01 9 9 0 29.02626 9 9 9
57 63 2.03860e-01 -1.40588e-01 8.84973e-02 -2.63513e-01 9 9 0 29.13896 9 9 9
57 63 2.01603e-01 -1.56104e-01 9.83471e-02 -2.52467e-01 9 9 0 29.27937 9 9 9
57 63 1.98787e-01 -1.73118e-01 1.09182e-01 -2.38987e-01 9 9 0 29.45493 9 9 9
58 63 2.12999e-01 -1.59410e-03 1.00000e-03 -3.10643e-01 9 9 0 28.57182 9 9 9
58 63 2.12995e-01 -3.34760e-03 2.10000e-03 -3.10622e-01 9 9 0 28.57205 9 9 9
58 63 2.12988e-01 -5.27644e-03 3.31000e-03 -3.10583e-01 9 9 0 28.57251 9 9 9
58 63 2.12976e-01 -7.39814e-03 4.64100e-03 -3.10519e-01 9 9 0 28.57324 9 9 9
58 63 2.12958e-01 -9.73197e-03 6.10510e-03 -3.10424e-01 9 9 0 28.57434 9 9 9
58 63 2.12933e-01 -1.22991e-02 7.71561e-03 -3.10290e-01 9 9 0 28.57589 9 9 9
58 63 2.12899e-01 -1.51229e-02 9.48717e-03 -3.10106e-01 9 9 0 28.57800 9 9 9
58 63 2.12853e-01 -1.82289e-02 1.14359e-02 -3.09860e-01 9 9 0 28.58084 9 9 9
58 63 2.12793e-01 -2.16453e-02 1.35795e-02 -3.09537e-01 9 9 0 28.58457 9 9 9
58 63 2.12715e-01 -2.54031e-02 1.59374e-02 -3.09117e-01 9 9 0 28.58942 9 9 9
58 63 2.12614e-01 -2.95362e-02 1.85312e-02 -3.08578e-01 9 9 0 28.59565 9 9 9
58 63 2.12486e-01 -3.40820e-02 2.13843e-02 -3.07891e-01 9 9 0 28.60360 9 9 9
58 63 2.12323e-01 -3.90816e-02 2.45227e-02 -3.07022e-01 9 9 0 28.61366 9 9 9
58 63 2.12119e-01 -4.45800e-02 2.79750e-02 -3.05929e-01 9 9 0 28.62634 9 9 9
58 63 2.11862e-01 -5.06267e-02 3.17725e-02 -3.04562e-01 9 9 0 28.64226 9 9 9
58 63 2.11541e-01 -5.72758e-02 3.59497e-02 -3.02856e-01 9 9 0 28.66215 9 9 9
58 63 2.11141e-01 -6.45869e-02 4.05447e-02 -3.00738e-01 9 9 0 28.68694 9 9 9
58 63 2.10643e-01 -7.26249e-02 4.55992e-02 -2.98114e-01 9 9 0 28.71779 9 9 9
58 63 2.10026e-01 -8.14611e-02 5.11591e-02 -2.94874e-01 9 9 0 28.75609 9 9 9
58 63 2.09260e-01 -9.11732e-02 5.72750e-02 -2.90880e-01 9 9 0 28.80360 9 9 9
58 63 2.08310e-01 -1.01846e-01 6.40025e-02 -2.85969e-01 9 9 0 28.86252 9 9 9
58 63 2.07133e-01 -1.13571e-01 7.14028e-02 -2.79940e-01 9 9 0 28.93558 9 9 9
58 63 2.05673e-01 -1.26450e-01 7.95430e-02 -2.72552e-01 9 9 0 29.02626 9 9 9
58 63 2.03860e-01 -1.40588e-01 8.84973e-02 -2.63513e-01 9 9 0 29.13896 9 9 9
58 63 2.01603e-01 -1.56104e-01 9.83471e-02 -2.52467e-01 9 9 0 29.27937 9 9 9
58 63 1.98787e-01 -1.73118e-01 1.09182e-01 -2.38987e-01 9 9 0 29.45493 9 9 9
59 63 2.16077e-01 6.48289e-03 1.00000e-03 -3.09963e-01 2 2 1 29.04101 2 2 2
59 63 2.16058e-01 1.36145e-02 2.10000e-03 -3.09878e-01 2 2 1 29.04380 2 2 2
59 63 2.16020e-01 2.14602e-02 3.31000e-03 -3.09716e-01 2 2 1 29.04917 2 2 2
59 63 2.15960e-01 3.00924e-02 4.64100e-03 -3.09454e-01 2 2 1 29.05786 2 2 2
59 63 2.15870e-01 3.95910e-02 6.10510e-03 -3.09063e-01 2 2 1 29.07082 2 2 2
59 63 2.15743e-01 5.00447e-02 7.71561e-03 -3.08511e-01 2 2 1 29.08924 2 2 2
59 63 2.15569e-01 6.15517e-02 9.48717e-03 -3.07754e-01 2 2 1 29.11461 2 2 2
59 63 2.15337e-01 7.42216e-02 1.14359e-02 -3.06740e-01 2 2 1 29.14883 2 2 2
59 63 2.15033e-01 8.81766e-02 1.35795e-02 -3.05404e-01 2 2 1 29.19433 2 2 2
59 63 2.14639e-01 1.03554e-01 1.59374e-02 -3.03667e-01 2 2 1 29.25426 2 2 2
59 63 2.14134e-01 1.20509e-01 1.85312e-02 -3.01428e-01 2 2 1 29.33274 2 2 2
59 63 2.13494e-01 1.39218e-01 2.13843e-02 -2.98566e-01 2 2 1 29.43523 2 2 2
59 63 2.12691e-01 1.59886e-01 2.45227e-02 -2.94926e-01 2 2 1 29.56919 2 2 2
59 63 2.11689e-01 1.82753e-01 2.79750e-02 -2.90315e-01 2 2 1 29.74509 2 2 2
59 63 2.10452e-01 2.08110e-01 3.17725e-02 -2.84486e-01 2 2 1 29.97807 2 2 2
59 63 2.08941e-01 2.36323e-01 3.59497e-02 -2.77119e-01 2 2 1 30.29124 2 2 2
59 63 2.07123e-01 2.67883e-01 4.05447e-02 -2.67784e-01 2 2 1 30.72226 2 2 2
59 63 2.04989e-01 3.03554e-01 4.55992e-02 -2.55854e-01 2 2 1 31.33913 2 2 2
59 63 2.02596e-01 3.45254e-01 5.11591e-02 -2.40125e-01 2 2 1 32.29733 2 2 2
60 63 2.16077e-01 6.48289e-03 1.00000e-03 -3.09963e-01 2 2 1 29.04101 2 2 2
60 63 2.16058e-01 1.36145e-02 2.10000e-03 -3.09878e-01 2 2 1 29.04380 2 2 2
60 63 2.16020e-01 2.14602e-02 3.31000e-03 -3.09716e-01 2 2 1 29.04917 2 2 2
60 63 2.15960e-01 3.00924e-02 4.64100e-03 -3.09454e-01 2 2 1 29.05786 2 2 2
60 63 2.15870e-01 3.95910e-02 6.10510e-03 -3.09063e-01 2 2 1 29.07082 2 2 2
60 63 2.15743e-01 5.00447e-02 7.71561e-03 -3.08511e-01 2 2 1 29.08924 2 2 2
60 63 2.15569e-01 6.15517e-02 9.48717e-03 -3.07754e-01 2 2 1 29.11461 2 2 2
60 63 2.15337e-01 7.42216e-02 1.14359e-02 -3.06740e-01 2 2 1 29.14883 2 2 2
60 63 2.15033e-01 8.81766e-02 1.35795e-02 -3.05404e-01 2 2 1 29.19433 2 2 2
60 63 2.14639e-01 1.03554e-01 1.59374e-02 -3.03667e-01 2 2 1 29.25426 2 2 2
60 63 2.14134e-01 1.20509e-01 1.85312e-02 -3.01428e-01 2 2 1 29.33274 2 2 2
60 63 2.13494e-01 1.39218e-01 2.13843e-02 -2.98566e-01 2 2 1 29.43523 2 2 2
60 63 2.12691e-01 1.59886e-01 2.45227e-02 -2.94926e-01 2 2 1 29.56919 2 2 2
60 63 2.11689e-01 1.82753e-01 2.79750e-02 -2.90315e-01 2 2 1 29.74509 2 2 2
60 63 2.10452e-01 2.08110e-01 3.17725e-02 -2.84486e-01 2 2 1 29.97807 2 2 2
60 63 2.08941e-01 2.36323e-01 3.59497e-02 -2.77119e-01 2 2 1 30.29124 2 2 2
60 63 2.07123e-01 2.67883e-01 4.05447e-02 -2.67784e-01 2 2 1 30.72226 2 2 2
60 63 2.04989e-01 3.03554e-01 4.55992e-02 -2.55854e-01 2 2 1 31.33913 2 2 2
60 63 2.02596e-01 3.45254e-01 5.11591e-02 -2.40125e-01 2 2 1 32.29733 2 2 2
61 63 2.16077e-01 6.48289e-03 1.00000e-03 -3.09963e-01 2 2 1 29.04101 2 2 2
61 63 2.16058e-01 1.36145e-02 2.10000e-03 -3.09878e-01 2 2 1 29.04380 2 2 2
61 63 2.16020e-01 2.14602e-02 3.31000e-03 -3.09716e-01 2 2 1 29.04917 2 2 2
61 63 2.15960e-01 3.00924e-02 4.64100e-03 -3.09454e-01 2 2 1 29.05786 2 2 2
61 63 2.15870e-01 3.95910e-02 6.10510e-03 -3.09063e-01 2 2 1 29.07082 2 2 2
61 63 2.15743e-01 5.00447e-02 7.71561e-03 -3.08511e-01 2 2 1 29.08924 2 2 2
61 63 2.15569e-01 6.15517e-02 9.48717e-03 -3.07754e-01 2 2 1 29.11461 2 2 2
61 63 2.15337e-01 7.42216e-02 1.14359e-02 -3.06740e-01 2 2 1 29.14883 2 2 2
61 63 2.15033e-01 8.81766e-02 1.35795e-02 -3.05404e-01 2 2 1 29.19433 2 2 2
61 63 2.14639e-01 1.03554e-01 1.59374e-02 -3.03667e-01 2 2 1 29.25426 2 2 2
61 63 2.14134e-01 1.20509e-01 1.85312e-02 -3.01428e-01 2 2 1 29.33274 2 2 2
61 63 2.13494e-01 1.39218e-01 2.13843e-02 -2.98566e-01 2 2 1 29.43523 2 2 2
61 63 2.12691e-01 1.59886e-01 2.45227e-02 -2.94926e-01 2 2 1 29.56919 2 2 2
61 63 2.11689e-01 1.82753e-01 2.79750e-02 -2.90315e-01 2 2 1 29.74509 2 2 2
61 63 2.10452e-01 2.08110e-01 3.17725e-02 -2.84486e-01 2 2 1 29.97807 2 2 2
61 63 2.08941e-01 2.36323e-01 3.59497e-02 -2.77119e-01 2 2 1 30.29124 2 2 2
61 63 2.07123e-01 2.67883e-01 4.05447e-02 -2.67784e-01 2 2 1 30.72226 2 2 2
61 63 2.04989e-01 3.03554e-01 4.55992e-02 -2.55854e-01 2 2 1 31.33913 2 2 2
61 63 2.02596e-01 3.45254e-01 5.11591e-02 -2.40125e-01 2 2 1 32.29733 2 2 2
62 63 2.34766e-01 -1.59355e-03 1.00000e-03 -3.05770e-01 10 10 0 31.93664 10 10 10
62 63 2.34762e-01 -3.34645e-03 2.10000e-03 -3.05749e-01 10 10 0 31.93690 10 10 10
62 63 2.34754e-01 -5.27462e-03 3.31000e-03 -3.05710e-01 10 10 0 31.93741 10 10 10
62 63 2.34741e-01 -7.39559e-03 4.64100e-03 -3.05647e-01 10 10 0 31.93823 10 10 10
62 63 2.34722e-01 -9.72862e-03 6.10510e-03 -3.05553e-01 10 10 0 31.93946 10 10 10
62 63 2.34694e-01 -1.22949e-02 7.71561e-03 -3.05419e-01 10 10 0 31.94119 10 10 10
62 63 2.34657e-01 -1.51177e-02 9.48717e-03 -3.05237e-01 10 10 0 31.94355 10 10 10
62 63 2.34607e-01 -1.82226e-02 1.14359e-02 -3.04993e-01 10 10 0 31.94672 10 10 10
62 63 2.34542e-01 -2.16379e-02 1.35795e-02 -3.04672e-01 10 10 0 31.95089 10 10 10
62 63 2.34457e-01 -2.53943e-02 1.59374e-02 -3.04256e-01 10 10 0 31.95631 10 10 10
62 63 2.34347e-01 -2.95260e-02 1.85312e-02 -3.03721e-01 10 10 0 31.96327 10 10 10
62 63 2.34207e-01 -3.40703e-02 2.13843e-02 -3.03040e-01 10 10 0 31.97215 10 10 10
62 63 2.34030e-01 -3.90682e-02 2.45227e-02 -3.02178e-01 10 10 0 31.98340 10 10 10
62 63 2.33807e-01 -4.45647e-02 2.79750e-02 -3.01094e-01 10 10 0 31.99757 10 10 10
62 63 2.33528e-01 -5.06093e-02 3.17725e-02 -2.99738e-01 10 10 0 32.01534 10 10 10
62 63 2.33178e-01 -5.72561e-02 3.59497e-02 -2.98046e-01 10 10 0 32.03757 10 10 10
62 63 2.32742e-01 -6.45647e-02 4.05447e-02 -2.95945e-01 10 10 0 32.06527 10 10 10
62 63 2.32200e-01 -7.25999e-02 4.55992e-02 -2.93343e-01 10 10 0 32.09973 10 10 10
62 63 2.31527e-01 -8.14331e-02 5.11591e-02 -2.90129e-01 10 10 0 32.14252 10 10 10
62 63 2.30692e-01 -9.11418e-02 5.72750e-02 -2.86168e-01 10 10 0 32.19560 10 10 10
62 63 2.29657e-01 -1.01811e-01 6.40025e-02 -2.81298e-01 10 10 0 32.26142 10 10 10
62 63 2.28375e-01 -1.13532e-01 7.14028e-02 -2.75319e-01 10 10 0 32.34304 10 10 10
62 63 2.26787e-01 -1.26406e-01 7.95430e-02 -2.67993e-01 10 10 0 32.44434 10 10 10
62 63 2.24817e-01 -1.40540e-01 8.84973e-02 -2.59027e-01 10 10 0 32.57024 10 10 10
62 63 2.22376e-01 -1.56049e-01 9.83471e-02 -2.48072e-01 10 10 0 32.72713 10 10 10
62 63 2.19347e-01 -1.73056e-01 1.09182e-01 -2.34699e-01 10 10 0 32.92334 10 10 10
