0 1 7.33154e-01 -1.28947e-03 1.00000e-03 -6.45699e-02 1 1 0 6.15585 1 1 1
0 1 7.33136e-01 -2.70790e-03 2.10000e-03 -6.45634e-02 1 1 0 6.15583 1 1 1
0 1 7.33101e-01 -4.26819e-03 3.31000e-03 -6.45510e-02 1 1 0 6.15580 1 1 1
0 1 7.33044e-01 -5.98456e-03 4.64100e-03 -6.45309e-02 1 1 0 6.15576 1 1 1
0 1 7.32960e-01 -7.87264e-03 6.10510e-03 -6.45011e-02 1 1 0 6.15569 1 1 1
0 1 7.32840e-01 -9.94965e-03 7.71561e-03 -6.44589e-02 1 1 0 6.15559 1 1 1
0 1 7.32676e-01 -1.22346e-02 9.48717e-03 -6.44012e-02 1 1 0 6.15546 1 1 1
0 1 7.32457e-01 -1.47482e-02 1.14359e-02 -6.43239e-02 1 1 0 6.15528 1 1 1
0 1 7.32169e-01 -1.75137e-02 1.35795e-02 -6.42223e-02 1 1 0 6.15504 1 1 1
0 1 7.31795e-01 -2.05562e-02 1.59374e-02 -6.40904e-02 1 1 0 6.15473 1 1 1
0 1 7.31313e-01 -2.39039e-02 1.85312e-02 -6.39209e-02 1 1 0 6.15433 1 1 1
0 1 7.30700e-01 -2.75874e-02 2.13843e-02 -6.37050e-02 1 1 0 6.15381 1 1 1
0 1 7.29923e-01 -3.16410e-02 2.45227e-02 -6.34319e-02 1 1 0 6.15315 1 1 1
0 1 7.28945e-01 -3.61022e-02 2.79750e-02 -6.30882e-02 1 1 0 6.15231 1 1 1
0 1 7.27718e-01 -4.10126e-02 3.17725e-02 -6.26579e-02 1 1 0 6.15123 1 1 1
0 1 7.26186e-01 -4.64184e-02 3.59497e-02 -6.21211e-02 1 1 0 6.14986 1 1 1
0 1 7.24277e-01 -5.23708e-02 4.05447e-02 -6.14540e-02 1 1 0 6.14812 1 1 1
0 1 7.21905e-01 -5.89265e-02 4.55992e-02 -6.06272e-02 1 1 0 6.14588 1 1 1
0 1 7.18964e-01 -6.61491e-02 5.11591e-02 -5.96049e-02 1 1 0 6.14300 1 1 1
0 1 7.15320e-01 -7.41093e-02 5.72750e-02 -5.83437e-02 1 1 0 6.13928 1 1 1
0 1 7.10811e-01 -8.28865e-02 6.40025e-02 -5.67902e-02 1 1 0 6.13444 1 1 1
0 1 7.05234e-01 -9.25704e-02 7.14028e-02 -5.48793e-02 1 1 0 6.12808 1 1 1
0 1 6.98334e-01 -1.03262e-01 7.95430e-02 -5.25312e-02 1 1 0 6.11965 1 1 1
0 1 6.89791e-01 -1.15078e-01 8.84973e-02 -4.96472e-02 1 1 0 6.10835 1 1 1
0 1 6.79200e-01 -1.28152e-01 9.83471e-02 -4.61051e-02 1 1 0 6.09299 1 1 1
0 1 6.66042e-01 -1.42638e-01 1.09182e-01 -4.17516e-02 1 1 0 6.07186 1 1 1
0 1 6.49646e-01 -1.58719e-01 1.21100e-01 -3.63913e-02 1 1 0 6.04233 1 1 1
0 1 6.29136e-01 -1.76617e-01 1.34210e-01 -2.97688e-02 1 1 0 6.00047 1 1 1
0 1 6.03346e-01 -1.96600e-01 1.48631e-01 -2.15383e-02 1 1 0 5.94024 1 1 1
0 1 5.70707e-01 -2.19008e-01 1.64494e-01 -1.12064e-02 1 1 0 5.85244 1 1 1
1 1 7.95825e-01 -1.41129e-03 1.00000e-03 -1.66588e-02 2 2 0 21.22348 2 2 2
1 1 7.95803e-01 -2.96371e-03 2.10000e-03 -1.66556e-02 2 2 0 21.22335 2 2 2
1 1 7.95762e-01 -4.67141e-03 3.31000e-03 -1.66494e-02 2 2 0 21.22308 2 2 2
1 1 7.95694e-01 -6.54992e-03 4.64100e-03 -1.66394e-02 2 2 0 21.22265 2 2 2
1 1 7.95594e-01 -8.61636e-03 6.10510e-03 -1.66246e-02 2 2 0 21.22202 2 2 2
1 1 7.95453e-01 -1.08896e-02 7.71561e-03 -1.66036e-02 2 2 0 21.22112 2 2 2
1 1 7.95260e-01 -1.33903e-02 9.48717e-03 -1.65748e-02 2 2 0 21.21988 2 2 2
1 1 7.95000e-01 -1.61414e-02 1.14359e-02 -1.65363e-02 2 2 0 21.21821 2 2 2
1 1 7.94660e-01 -1.91680e-02 1.35795e-02 -1.64856e-02 2 2 0 21.21601 2 2 2
1 1 7.94217e-01 -2.24979e-02 1.59374e-02 -1.64199e-02 2 2 0 21.21314 2 2 2
1 1 7.93648e-01 -2.61616e-02 1.85312e-02 -1.63354e-02 2 2 0 21.20942 2 2 2
1 1 7.92923e-01 -3.01929e-02 2.13843e-02 -1.62278e-02 2 2 0 21.20462 2 2 2
1 1 7.92004e-01 -3.46290e-02 2.45227e-02 -1.60916e-02 2 2 0 21.19848 2 2 2
1 1 7.90847e-01 -3.95111e-02 2.79750e-02 -1.59203e-02 2 2 0 21.19062 2 2 2
1 1 7.89396e-01 -4.48847e-02 3.17725e-02 -1.57057e-02 2 2 0 21.18056 2 2 2
1 1 7.87582e-01 -5.08000e-02 3.59497e-02 -1.54380e-02 2 2 0 21.16770 2 2 2
1 1 7.85323e-01 -5.73129e-02 4.05447e-02 -1.51053e-02 2 2 0 21.15121 2 2 2
1 1 7.82515e-01 -6.44855e-02 4.55992e-02 -1.46926e-02 2 2 0 21.12998 2 2 2
1 1 7.79031e-01 -7.23866e-02 5.11591e-02 -1.41822e-02 2 2 0 21.10251 2 2 2
1 1 7.74714e-01 -8.10933e-02 5.72750e-02 -1.35519e-02 2 2 0 21.06670 2 2 2
1 1 7.69369e-01 -9.06914e-02 6.40025e-02 -1.27746e-02 2 2 0 21.01963 2 2 2
1 1 7.62753e-01 -1.01277e-01 7.14028e-02 -1.18166e-02 2 2 0 20.95714 2 2 2
1 1 7.54562e-01 -1.12960e-01 7.95430e-02 -1.06360e-02 2 2 0 20.87319 2 2 2
1 1 7.44412e-01 -1.25861e-01 8.84973e-02 -9.17961e-03 2 2 0 20.75894 2 2 2
1 1 7.31816e-01 -1.40119e-01 9.83471e-02 -7.37837e-03 2 2 0 20.60132 2 2 2
1 1 7.16155e-01 -1.55891e-01 1.09182e-01 -5.14004e-03 2 2 0 20.38083 2 2 2
1 1 6.96630e-01 -1.73351e-01 1.21100e-01 -2.33533e-03 2 2 0 20.06855 2 2 2
2 1 8.08481e-01 -1.46888e-03 1.00000e-03 -6.50656e-03 3 3 0 47.64218 3 3 3
2 1 8.08458e-01 -3.08467e-03 2.10000e-03 -6.50453e-03 3 3 0 47.64171 3 3 3
2 1 8.08413e-01 -4.86205e-03 3.31000e-03 -6.50064e-03 3 3 0 47.64080 3 3 3
2 1 8.08342e-01 -6.81722e-03 4.64100e-03 -6.49435e-03 3 3 0 47.63934 3 3 3
2 1 8.08235e-01 -8.96800e-03 6.10510e-03 -6.48500e-03 3 3 0 47.63716 3 3 3
2 1 8.08084e-01 -1.13340e-02 7.71561e-03 -6.47177e-03 3 3 0 47.63406 3 3 3
2 1 8.07877e-01 -1.39368e-02 9.48717e-03 -6.45366e-03 3 3 0 47.62980 3 3 3
2 1 8.07600e-01 -1.68001e-02 1.14359e-02 -6.42942e-03 3 3 0 47.62407 3 3 3
2 1 8.07236e-01 -1.99502e-02 1.35795e-02 -6.39754e-03 3 3 0 47.61648 3 3 3
2 1 8.06763e-01 -2.34160e-02 1.59374e-02 -6.35616e-03 3 3 0 47.60653 3 3 3
2 1 8.06155e-01 -2.72292e-02 1.85312e-02 -6.30300e-03 3 3 0 47.59359 3 3 3
2 1 8.05379e-01 -3.14250e-02 2.13843e-02 -6.23527e-03 3 3 0 47.57685 3 3 3
2 1 8.04397e-01 -3.60422e-02 2.45227e-02 -6.14955e-03 3 3 0 47.55525 3 3 3
2 1 8.03160e-01 -4.11234e-02 2.79750e-02 -6.04169e-03 3 3 0 47.52740 3 3 3
2 1 8.01609e-01 -4.67160e-02 3.17725e-02 -5.90658e-03 3 3 0 47.49148 3 3 3
2 1 7.99670e-01 -5.28725e-02 3.59497e-02 -5.73799e-03 3 3 0 47.44499 3 3 3
2 1 7.97253e-01 -5.96508e-02 4.05447e-02 -5.52832e-03 3 3 0 47.38458 3 3 3
2 1 7.94250e-01 -6.71154e-02 4.55992e-02 -5.26819e-03 3 3 0 47.30557 3 3 3
2 1 7.90523e-01 -7.53377e-02 5.11591e-02 -4.94612e-03 3 3 0 47.20139 3 3 3
2 1 7.85903e-01 -8.43976e-02 5.72750e-02 -4.54786e-03 3 3 0 47.06270 3 3 3
2 1 7.80182e-01 -9.43837e-02 6.40025e-02 -4.05562e-03 3 3 0 46.87592 3 3 3
2 1 7.73098e-01 -1.05395e-01 7.14028e-02 -3.44690e-03 3 3 0 46.62118 3 3 3
2 1 7.64326e-01 -1.17543e-01 7.95430e-02 -2.69252e-03 3 3 0 46.26895 3 3 3
2 1 7.53455e-01 -1.30951e-01 8.84973e-02 -1.75348e-03 3 3 0 45.77523 3 3 3
2 1 7.39967e-01 -1.45754e-01 9.83471e-02 -5.75073e-04 3 3 0 45.07484 3 3 3
3 1 8.12586e-01 -1.50407e-03 1.00000e-03 -3.17959e-03 4 4 0 87.32749 2 4 4
3 1 8.12562e-01 -3.15856e-03 2.10000e-03 -3.17816e-03 4 4 0 87.32633 2 4 4
3 1 8.12516e-01 -4.97852e-03 3.31000e-03 -3.17542e-03 4 4 0 87.32411 2 4 4
3 1 8.12441e-01 -6.98054e-03 4.64100e-03 -3.17099e-03 4 4 0 87.32050 2 4 4
3 1 8.12330e-01 -9.18284e-03 6.10510e-03 -3.16441e-03 4 4 0 87.31512 2 4 4
3 1 8.12174e-01 -1.16055e-02 7.71561e-03 -3.15509e-03 4 4 0 87.30748 2 4 4
3 1 8.11960e-01 -1.42707e-02 9.48717e-03 -3.14234e-03 4 4 0 87.29696 2 4 4
3 1 8.11673e-01 -1.72027e-02 1.14359e-02 -3.12527e-03 4 4 0 87.28277 2 4 4
3 1 8.11295e-01 -2.04284e-02 1.35795e-02 -3.10283e-03 4 4 0 87.26391 2 4 4
3 1 8.10805e-01 -2.39773e-02 1.59374e-02 -3.07369e-03 4 4 0 87.23910 2 4 4
3 1 8.10174e-01 -2.78820e-02 1.85312e-02 -3.03625e-03 4 4 0 87.20668 2 4 4
3 1 8.09371e-01 -3.21786e-02 2.13843e-02 -2.98855e-03 4 4 0 87.16446 2 4 4
3 1 8.08353e-01 -3.69067e-02 2.45227e-02 -2.92818e-03 4 4 0 87.10957 2 4 4
3 1 8.07071e-01 -4.21102e-02 2.79750e-02 -2.85220e-03 4 4 0 87.03815 2 4 4
3 1 8.05462e-01 -4.78376e-02 3.17725e-02 -2.75700e-03 4 4 0 86.94494 2 4 4
3 1 8.03452e-01 -5.41427e-02 3.59497e-02 -2.63818e-03 4 4 0 86.82268 2 4 4
3 1 8.00947e-01 -6.10848e-02 4.05447e-02 -2.49032e-03 4 4 0 86.66121 2 4 4
3 1 7.97832e-01 -6.87301e-02 4.55992e-02 -2.30672e-03 4 4 0 86.44606 2 4 4
3 1 7.93967e-01 -7.71519e-02 5.11591e-02 -2.07906e-03 4 4 0 86.15631 2 4 4
3 1 7.89176e-01 -8.64317e-02 5.72750e-02 -1.79691e-03 4 4 0 85.76127 2 4 4
3 1 7.83241e-01 -9.66604e-02 6.40025e-02 -1.44686e-03 4 4 0 85.21536 2 4 4
3 1 7.75893e-01 -1.07939e-01 7.14028e-02 -1.01130e-03 4 4 0 84.45037 2 4 4
3 1 7.66794e-01 -1.20379e-01 7.95430e-02 -4.66029e-04 4 4 0 83.36432 2 4 4
4 1 8.16045e-01 -1.58776e-03 1.00000e-03 -3.62365e-04 9 9 0 538.44180 1 9 9
4 1 8.16019e-01 -3.33432e-03 2.10000e-03 -3.61874e-04 9 9 0 538.42400 1 9 9
4 1 8.15970e-01 -5.25559e-03 3.31000e-03 -3.60931e-04 9 9 0 538.38973 1 9 9
4 1 8.15891e-01 -7.36909e-03 4.64100e-03 -3.59406e-04 9 9 0 538.33397 1 9 9
4 1 8.15773e-01 -9.69411e-03 6.10510e-03 -3.57139e-04 9 9 0 538.25031 1 9 9
4 1 8.15606e-01 -1.22519e-02 7.71561e-03 -3.53931e-04 9 9 0 538.13036 1 9 9
4 1 8.15378e-01 -1.50659e-02 9.48717e-03 -3.49539e-04 9 9 0 537.96311 1 9 9
4 1 8.15072e-01 -1.81619e-02 1.14359e-02 -3.43662e-04 9 9 0 537.73381 1 9 9
4 1 8.14669e-01 -2.15684e-02 1.35795e-02 -3.35932e-04 9 9 0 537.42252 1 9 9
4 1 8.14146e-01 -2.53168e-02 1.59374e-02 -3.25895e-04 9 9 0 537.00172 1 9 9
4 1 8.13474e-01 -2.94419e-02 1.85312e-02 -3.12994e-04 9 9 0 536.43291 1 9 9
4 1 8.12617e-01 -3.39820e-02 2.13843e-02 -2.96547e-04 9 9 0 535.66117 1 9 9
4 1 8.11531e-01 -3.89798e-02 2.45227e-02 -2.75708e-04 9 9 0 534.60682 1 9 9
4 1 8.10162e-01 -4.44822e-02 2.79750e-02 -2.49433e-04 9 9 0 533.15232 1 9 9
4 1 8.08446e-01 -5.05416e-02 3.17725e-02 -2.16410e-04 9 9 0 531.12136 1 9 9
4 1 8.06300e-01 -5.72159e-02 3.59497e-02 -1.74970e-04 9 9 0 528.24585 1 9 9
4 1 8.03625e-01 -6.45696e-02 4.05447e-02 -1.22930e-04 9 9 0 524.11408 1 9 9
4 1 8.00299e-01 -7.26740e-02 4.55992e-02 -5.73066e-05 9 9 0 518.09329 1 9 9
