48 55 2.41386e-01 -1.59337e-03 1.00000e-03 -3.04193e-01 9 9 0 28.79912 9 9 9
48 55 2.41382e-01 -3.34607e-03 2.10000e-03 -3.04173e-01 9 9 0 28.79936 9 9 9
48 55 2.41373e-01 -5.27403e-03 3.31000e-03 -3.04134e-01 9 9 0 28.79981 9 9 9
48 55 2.41360e-01 -7.39477e-03 4.64100e-03 -3.04071e-01 9 9 0 28.80055 9 9 9
48 55 2.41341e-01 -9.72754e-03 6.10510e-03 -3.03977e-01 9 9 0 28.80166 9 9 9
48 55 2.41313e-01 -1.22935e-02 7.71561e-03 -3.03844e-01 9 9 0 28.80322 9 9 9
48 55 2.41275e-01 -1.51160e-02 9.48717e-03 -3.03662e-01 9 9 0 28.80535 9 9 9
48 55 2.41224e-01 -1.82206e-02 1.14359e-02 -3.03419e-01 9 9 0 28.80821 9 9 9
48 55 2.41156e-01 -2.16355e-02 1.35795e-02 -3.03099e-01 9 9 0 28.81197 9 9 9
48 55 2.41069e-01 -2.53915e-02 1.59374e-02 -3.02684e-01 9 9 0 28.81685 9 9 9
48 55 2.40957e-01 -2.95227e-02 1.85312e-02 -3.02150e-01 9 9 0 28.82313 9 9 9
48 55 2.40814e-01 -3.40665e-02 2.13843e-02 -3.01471e-01 9 9 0 28.83114 9 9 9
48 55 2.40633e-01 -3.90638e-02 2.45227e-02 -3.00611e-01 9 9 0 28.84128 9 9 9
48 55 2.40404e-01 -4.45597e-02 2.79750e-02 -2.99530e-01 9 9 0 28.85406 9 9 9
48 55 2.40118e-01 -5.06036e-02 3.17725e-02 -2.98177e-01 9 9 0 28.87009 9 9 9
48 55 2.39760e-01 -5.72497e-02 3.59497e-02 -2.96490e-01 9 9 0 28.89013 9 9 9
48 55 2.39314e-01 -6.45575e-02 4.05447e-02 -2.94395e-01 9 9 0 28.91511 9 9 9
48 55 2.38759e-01 -7.25918e-02 4.55992e-02 -2.91799e-01 9 9 0 28.94619 9 9 9
48 55 2.38071e-01 -8.14240e-02 5.11591e-02 -2.88593e-01 9 9 0 28.98478 9 9 9
48 55 2.37218e-01 -9.11317e-02 5.72750e-02 -2.84643e-01 9 9 0 29.03265 9 9 9
48 55 2.36162e-01 -1.01800e-01 6.40025e-02 -2.79784e-01 9 9 0 29.09202 9 9 9
48 55 2.34858e-01 -1.13520e-01 7.14028e-02 -2.73819e-01 9 9 0 29.16564 9 9 9
48 55 2.33250e-01 -1.26392e-01 7.95430e-02 -2.66508e-01 9 9 0 29.25704 9 9 9
48 55 2.31270e-01 -1.40524e-01 8.84973e-02 -2.57558e-01 9 9 0 29.37069 9 9 9
48 55 2.28844e-01 -1.56031e-01 9.83471e-02 -2.46615e-01 9 9 0 29.51242 9 9 9
48 55 2.25889e-01 -1.73036e-01 1.09182e-01 -2.33246e-01 9 9 0 29.68993 9 9 9
48 55 2.22311e-01 -1.91669e-01 1.21100e-01 -2.16928e-01 9 9 0 29.91367 9 9 9
49 55 2.41386e-01 -1.59337e-03 1.00000e-03 -3.04193e-01 9 9 0 28.79912 9 9 9
49 55 2.41382e-01 -3.34607e-03 2.10000e-03 -3.04173e-01 9 9 0 28.79936 9 9 9
49 55 2.41373e-01 -5.27403e-03 3.31000e-03 -3.04134e-01 9 9 0 28.79981 9 9 9
49 55 2.41360e-01 -7.39477e-03 4.64100e-03 -3.04071e-01 9 9 0 28.80055 9 9 9
49 55 2.41341e-01 -9.72754e-03 6.10510e-03 -3.03977e-01 9 9 0 28.80166 9 9 9
49 55 2.41313e-01 -1.22935e-02 7.71561e-03 -3.03844e-01 9 9 0 28.80322 9 9 9
49 55 2.41275e-01 -1.51160e-02 9.48717e-03 -3.03662e-01 9 9 0 28.80535 9 9 9
49 55 2.41224e-01 -1.82206e-02 1.14359e-02 -3.03419e-01 9 9 0 28.80821 9 9 9
49 55 2.41156e-01 -2.16355e-02 1.35795e-02 -3.03099e-01 9 9 0 28.81197 9 9 9
49 55 2.41069e-01 -2.53915e-02 1.59374e-02 -3.02684e-01 9 9 0 28.81685 9 9 9
49 55 2.40957e-01 -2.95227e-02 1.85312e-02 -3.02150e-01 9 9 0 28.82313 9 9 9
49 55 2.40814e-01 -3.40665e-02 2.13843e-02 -3.01471e-01 9 9 0 28.83114 9 9 9
49 55 2.40633e-01 -3.90638e-02 2.45227e-02 -3.00611e-01 9 9 0 28.84128 9 9 9
49 55 2.40404e-01 -4.45597e-02 2.79750e-02 -2.99530e-01 9 9 0 28.85406 9 9 9
49 55 2.40118e-01 -5.06036e-02 3.17725e-02 -2.98177e-01 9 9 0 28.87009 9 9 9
49 55 2.39760e-01 -5.72497e-02 3.59497e-02 -2.96490e-01 9 9 0 28.89013 9 9 9
49 55 2.39314e-01 -6.45575e-02 4.05447e-02 -2.94395e-01 9 9 0 28.91511 9 9 9
49 55 2.38759e-01 -7.25918e-02 4.55992e-02 -2.91799e-01 9 9 0 28.94619 9 9 9
49 55 2.38071e-01 -8.14240e-02 5.11591e-02 -2.88593e-01 9 9 0 28.98478 9 9 9
49 55 2.37218e-01 -9.11317e-02 5.72750e-02 -2.84643e-01 9 9 0 29.03265 9 9 9
49 55 2.36162e-01 -1.01800e-01 6.40025e-02 -2.79784e-01 9 9 0 29.09202 9 9 9
49 55 2.34858e-01 -1.13520e-01 7.14028e-02 -2.73819e-01 9 9 0 29.16564 9 9 9
49 55 2.33250e-01 -1.26392e-01 7.95430e-02 -2.66508e-01 9 9 0 29.25704 9 9 9
49 55 2.31270e-01 -1.40524e-01 8.84973e-02 -2.57558e-01 9 9 0 29.37069 9 9 9
49 55 2.28844e-01 -1.56031e-01 9.83471e-02 -2.46615e-01 9 9 0 29.51242 9 9 9
49 55 2.25889e-01 -1.73036e-01 1.09182e-01 -2.33246e-01 9 9 0 29.68993 9 9 9
49 55 2.22311e-01 -1.91669e-01 1.21100e-01 -2.16928e-01 9 9 0 29.91367 9 9 9
50 55 2.45468e-01 6.55279e-03 1.00000e-03 -3.03180e-01 2 2 1 29.37283 2 2 2
50 55 2.45446e-01 1.37612e-02 2.10000e-03 -3.03095e-01 2 2 1 29.37571 2 2 2
50 55 2.45402e-01 2.16916e-02 3.31000e-03 -3.02932e-01 2 2 1 29.38126 2 2 2
50 55 2.45332e-01 3.04168e-02 4.64100e-03 -3.02669e-01 2 2 1 29.39023 2 2 2
50 55 2.45227e-01 4.00178e-02 6.10510e-03 -3.02278e-01 2 2 1 29.40362 2 2 2
50 55 2.45079e-01 5.05842e-02 7.71561e-03 -3.01724e-01 2 2 1 29.42265 2 2 2
50 55 2.44877e-01 6.22153e-02 9.48717e-03 -3.00966e-01 2 2 1 29.44887 2 2 2
50 55 2.44607e-01 7.50218e-02 1.14359e-02 -2.99949e-01 2 2 1 29.48425 2 2 2
50 55 2.44252e-01 8.91274e-02 1.35795e-02 -2.98610e-01 2 2 1 29.53130 2 2 2
50 55 2.43793e-01 1.04671e-01 1.59374e-02 -2.96868e-01 2 2 1 29.59330 2 2 2
50 55 2.43206e-01 1.21809e-01 1.85312e-02 -2.94623e-01 2 2 1 29.67453 2 2 2
50 55 2.42462e-01 1.40722e-01 2.13843e-02 -2.91752e-01 2 2 1 29.78072 2 2 2
50 55 2.41526e-01 1.61617e-01 2.45227e-02 -2.88099e-01 2 2 1 29.91969 2 2 2
50 55 2.40360e-01 1.84740e-01 2.79750e-02 -2.83469e-01 2 2 1 30.10244 2 2 2
50 55 2.38920e-01 2.10389e-01 3.17725e-02 -2.77613e-01 2 2 1 30.34505 2 2 2
50 55 2.37160e-01 2.38946e-01 3.59497e-02 -2.70201e-01 2 2 1 30.67226 2 2 2
50 55 2.35041e-01 2.70938e-01 4.05447e-02 -2.60788e-01 2 2 1 31.12497 2 2 3
50 55 2.32550e-01 3.07248e-01 4.55992e-02 -2.48696e-01 2 2 1 31.77935 2 2 2
50 55 2.29705e-01 3.50954e-01 5.11591e-02 -2.32280e-01 2 2 1 32.83726 2 2 3
51 55 2.65453e-01 -1.59268e-03 1.00000e-03 -2.98094e-01 10 10 0 32.24456 10 10 10
51 55 2.65449e-01 -3.34462e-03 2.10000e-03 -2.98074e-01 10 10 0 32.24483 10 10 10
51 55 2.65440e-01 -5.27175e-03 3.31000e-03 -2.98036e-01 10 10 0 32.24534 10 10 10
51 55 2.65426e-01 -7.39156e-03 4.64100e-03 -2.97973e-01 10 10 0 32.24617 10 10 10
51 55 2.65404e-01 -9.72332e-03 6.10510e-03 -2.97880e-01 10 10 0 32.24740 10 10 10
51 55 2.65374e-01 -1.22882e-02 7.71561e-03 -2.97748e-01 10 10 0 32.24915 10 10 10
51 55 2.65333e-01 -1.51095e-02 9.48717e-03 -2.97568e-01 10 10 0 32.25154 10 10 10
51 55 2.65278e-01 -1.82127e-02 1.14359e-02 -2.97327e-01 10 10 0 32.25475 10 10 10
51 55 2.65205e-01 -2.16261e-02 1.35795e-02 -2.97011e-01 10 10 0 32.25896 10 10 10
51 55 2.65111e-01 -2.53805e-02 1.59374e-02 -2.96599e-01 10 10 0 32.26443 10 10 10
51 55 2.64989e-01 -2.95099e-02 1.85312e-02 -2.96071e-01 10 10 0 32.27147 10 10 10
51 55 2.64835e-01 -3.40517e-02 2.13843e-02 -2.95398e-01 10 10 0 32.28044 10 10 10
51 55 2.64639e-01 -3.90469e-02 2.45227e-02 -2.94547e-01 10 10 0 32.29181 10 10 10
51 55 2.64392e-01 -4.45404e-02 2.79750e-02 -2.93477e-01 10 10 0 32.30613 10 10 10
51 55 2.64081e-01 -5.05817e-02 3.17725e-02 -2.92137e-01 10 10 0 32.32409 10 10 10
51 55 2.63693e-01 -5.72249e-02 3.59497e-02 -2.90467e-01 10 10 0 32.34654 10 10 10
51 55 2.63209e-01 -6.45295e-02 4.05447e-02 -2.88392e-01 10 10 0 32.37453 10 10 10
51 55 2.62607e-01 -7.25604e-02 4.55992e-02 -2.85823e-01 10 10 0 32.40934 10 10 10
51 55 2.61857e-01 -8.13888e-02 5.11591e-02 -2.82650e-01 10 10 0 32.45257 10 10 10
51 55 2.60926e-01 -9.10924e-02 5.72750e-02 -2.78741e-01 10 10 0 32.50618 10 10 10
51 55 2.59768e-01 -1.01756e-01 6.40025e-02 -2.73935e-01 10 10 0 32.57263 10 10 10
51 55 2.58326e-01 -1.13471e-01 7.14028e-02 -2.68037e-01 10 10 0 32.65502 10 10 10
51 55 2.56528e-01 -1.26339e-01 7.95430e-02 -2.60814e-01 10 10 0 32.75721 10 10 10
51 55 2.54277e-01 -1.40466e-01 8.84973e-02 -2.51981e-01 10 10 0 32.88415 10 10 10
51 55 2.51442e-01 -1.55969e-01 9.83471e-02 -2.41198e-01 10 10 0 33.04215 10 10 10
51 55 2.47841e-01 -1.72972e-01 1.09182e-01 -2.28058e-01 10 10 0 33.23944 10 10 10
51 55 2.43207e-01 -1.91606e-01 1.21100e-01 -2.12076e-01 10 10 0 33.48683 10 10 10
