77 111 1.76639e-01 -1.59489e-03 1.00000e-03 -3.17726e-01 13 13 0 40.92022 13 13 13
77 111 1.76636e-01 -3.34926e-03 2.10000e-03 -3.17706e-01 13 13 0 40.92056 13 13 13
77 111 1.76630e-01 -5.27906e-03 3.31000e-03 -3.17666e-01 13 13 0 40.92121 13 13 13
77 111 1.76620e-01 -7.40181e-03 4.64100e-03 -3.17601e-01 13 13 0 40.92226 13 13 13
77 111 1.76605e-01 -9.73680e-03 6.10510e-03 -3.17505e-01 13 13 0 40.92383 13 13 13
77 111 1.76584e-01 -1.23052e-02 7.71561e-03 -3.17369e-01 13 13 0 40.92605 13 13 13
77 111 1.76555e-01 -1.51304e-02 9.48717e-03 -3.17183e-01 13 13 0 40.92909 13 13 13
77 111 1.76516e-01 -1.82380e-02 1.14359e-02 -3.16934e-01 13 13 0 40.93316 13 13 13
77 111 1.76466e-01 -2.16561e-02 1.35795e-02 -3.16607e-01 13 13 0 40.93851 13 13 13
77 111 1.76400e-01 -2.54157e-02 1.59374e-02 -3.16182e-01 13 13 0 40.94547 13 13 13
77 111 1.76315e-01 -2.95508e-02 1.85312e-02 -3.15636e-01 13 13 0 40.95440 13 13 13
77 111 1.76207e-01 -3.40989e-02 2.13843e-02 -3.14941e-01 13 13 0 40.96580 13 13 13
77 111 1.76070e-01 -3.91010e-02 2.45227e-02 -3.14062e-01 13 13 0 40.98024 13 13 13
77 111 1.75898e-01 -4.46021e-02 2.79750e-02 -3.12956e-01 13 13 0 40.99844 13 13 13
77 111 1.75681e-01 -5.06518e-02 3.17725e-02 -3.11571e-01 13 13 0 41.02126 13 13 13
77 111 1.75411e-01 -5.73042e-02 3.59497e-02 -3.09845e-01 13 13 0 41.04980 13 13 13
77 111 1.75074e-01 -6.46189e-02 4.05447e-02 -3.07701e-01 13 13 0 41.08537 13 13 13
77 111 1.74655e-01 -7.26609e-02 4.55992e-02 -3.05045e-01 13 13 0 41.12962 13 13 13
77 111 1.74136e-01 -8.15015e-02 5.11591e-02 -3.01764e-01 13 13 0 41.18458 13 13 13
77 111 1.73491e-01 -9.12184e-02 5.72750e-02 -2.97721e-01 13 13 0 41.25276 13 13 13
77 111 1.72693e-01 -1.01896e-01 6.40025e-02 -2.92749e-01 13 13 0 41.33731 13 13 13
77 111 1.71704e-01 -1.13628e-01 7.14028e-02 -2.86645e-01 13 13 0 41.44216 13 13 13
78 111 1.85323e-01 6.42182e-03 1.00000e-03 -3.16135e-01 3 3 1 43.12333 3 3 3
78 111 1.85306e-01 1.34862e-02 2.10000e-03 -3.16051e-01 3 3 1 43.12740 3 3 3
78 111 1.85275e-01 2.12580e-02 3.31000e-03 -3.15889e-01 3 3 1 43.13522 3 3 3
78 111 1.85224e-01 2.98089e-02 4.64100e-03 -3.15627e-01 3 3 1 43.14789 3 3 3
78 111 1.85149e-01 3.92181e-02 6.10510e-03 -3.15238e-01 3 3 1 43.16677 3 3 3
78 111 1.85042e-01 4.95733e-02 7.71561e-03 -3.14687e-01 3 3 1 43.19361 3 3 3
78 111 1.84896e-01 6.09719e-02 9.48717e-03 -3.13931e-01 3 3 1 43.23057 3 3 3
78 111 1.84702e-01 7.35225e-02 1.14359e-02 -3.12919e-01 3 3 1 43.28042 3 3 3
78 111 1.84446e-01 8.73459e-02 1.35795e-02 -3.11586e-01 3 3 1 43.34668 3 3 3
78 111 1.84115e-01 1.02578e-01 1.59374e-02 -3.09853e-01 3 3 1 43.43391 3 3 3
78 111 1.83692e-01 1.19373e-01 1.85312e-02 -3.07620e-01 3 3 1 43.54806 3 3 3
78 111 1.83155e-01 1.37904e-01 2.13843e-02 -3.04765e-01 3 3 1 43.69704 3 3 3
78 111 1.82480e-01 1.58374e-01 2.45227e-02 -3.01136e-01 3 3 1 43.89159 3 3 3
78 111 1.81640e-01 1.81018e-01 2.79750e-02 -2.96540e-01 3 3 1 44.14667 3 3 3
78 111 1.80602e-01 2.06122e-01 3.17725e-02 -2.90734e-01 3 3 1 44.48389 3 3 3
78 111 1.79334e-01 2.34038e-01 3.59497e-02 -2.83404e-01 3 3 1 44.93594 3 3 3
78 111 1.77809e-01 2.65232e-01 4.05447e-02 -2.74132e-01 3 3 1 45.55540 3 3 3
78 111 1.76020e-01 3.00391e-01 4.55992e-02 -2.62328e-01 3 3 1 46.43520 3 3 3
78 111 1.74027e-01 3.40928e-01 5.11591e-02 -2.46988e-01 3 3 1 47.77190 3 3 3
79 111 1.89507e-01 -1.59463e-03 1.00000e-03 -3.15371e-01 14 14 0 44.19207 14 14 14
79 111 1.89503e-01 -3.34871e-03 2.10000e-03 -3.15350e-01 14 14 0 44.19244 14 14 14
79 111 1.89496e-01 -5.27819e-03 3.31000e-03 -3.15310e-01 14 14 0 44.19314 14 14 14
79 111 1.89486e-01 -7.40059e-03 4.64100e-03 -3.15246e-01 14 14 0 44.19428 14 14 14
79 111 1.89470e-01 -9.73520e-03 6.10510e-03 -3.15150e-01 14 14 0 44.19597 14 14 14
79 111 1.89447e-01 -1.23032e-02 7.71561e-03 -3.15015e-01 14 14 0 44.19837 14 14 14
79 111 1.89417e-01 -1.51279e-02 9.48717e-03 -3.14830e-01 14 14 0 44.20165 14 14 14
79 111 1.89375e-01 -1.82350e-02 1.14359e-02 -3.14582e-01 14 14 0 44.20604 14 14 14
79 111 1.89321e-01 -2.16525e-02 1.35795e-02 -3.14256e-01 14 14 0 44.21182 14 14 14
79 111 1.89251e-01 -2.54115e-02 1.59374e-02 -3.13832e-01 14 14 0 44.21932 14 14 14
79 111 1.89160e-01 -2.95460e-02 1.85312e-02 -3.13289e-01 14 14 0 44.22897 14 14 14
79 111 1.89045e-01 -3.40933e-02 2.13843e-02 -3.12597e-01 14 14 0 44.24127 14 14 14
79 111 1.88899e-01 -3.90946e-02 2.45227e-02 -3.11721e-01 14 14 0 44.25685 14 14 14
79 111 1.88715e-01 -4.45948e-02 2.79750e-02 -3.10619e-01 14 14 0 44.27649 14 14 14
79 111 1.88484e-01 -5.06435e-02 3.17725e-02 -3.09240e-01 14 14 0 44.30112 14 14 14
79 111 1.88195e-01 -5.72948e-02 3.59497e-02 -3.07521e-01 14 14 0 44.33192 14 14 14
79 111 1.87836e-01 -6.46083e-02 4.05447e-02 -3.05386e-01 14 14 0 44.37031 14 14 14
79 111 1.87389e-01 -7.26490e-02 4.55992e-02 -3.02741e-01 14 14 0 44.41806 14 14 14
79 111 1.86834e-01 -8.14881e-02 5.11591e-02 -2.99473e-01 14 14 0 44.47737 14 14 14
79 111 1.86146e-01 -9.12034e-02 5.72750e-02 -2.95447e-01 14 14 0 44.55095 14 14 14
79 111 1.85293e-01 -1.01880e-01 6.40025e-02 -2.90495e-01 14 14 0 44.64218 14 14 14
79 111 1.84238e-01 -1.13609e-01 7.14028e-02 -2.84416e-01 14 14 0 44.75533 14 14 14
80 111 2.02224e-01 -1.59435e-03 1.00000e-03 -3.12880e-01 15 15 0 47.49076 15 15 15
80 111 2.02220e-01 -3.34812e-03 2.10000e-03 -3.12859e-01 15 15 0 47.49115 15 15 15
80 111 2.02213e-01 -5.27727e-03 3.31000e-03 -3.12820e-01 15 15 0 47.49191 15 15 15
80 111 2.02202e-01 -7.39930e-03 4.64100e-03 -3.12756e-01 15 15 0 47.49313 15 15 15
80 111 2.02185e-01 -9.73350e-03 6.10510e-03 -3.12660e-01 15 15 0 47.49495 15 15 15
80 111 2.02161e-01 -1.23011e-02 7.71561e-03 -3.12525e-01 15 15 0 47.49752 15 15 15
80 111 2.02128e-01 -1.51253e-02 9.48717e-03 -3.12341e-01 15 15 0 47.50104 15 15 15
80 111 2.02085e-01 -1.82318e-02 1.14359e-02 -3.12094e-01 15 15 0 47.50576 15 15 15
80 111 2.02027e-01 -2.16487e-02 1.35795e-02 -3.11770e-01 15 15 0 47.51197 15 15 15
80 111 2.01952e-01 -2.54071e-02 1.59374e-02 -3.11348e-01 15 15 0 47.52003 15 15 15
80 111 2.01856e-01 -2.95408e-02 1.85312e-02 -3.10807e-01 15 15 0 47.53039 15 15 15
80 111 2.01734e-01 -3.40874e-02 2.13843e-02 -3.10118e-01 15 15 0 47.54360 15 15 15
80 111 2.01579e-01 -3.90877e-02 2.45227e-02 -3.09246e-01 15 15 0 47.56034 15 15 15
80 111 2.01384e-01 -4.45870e-02 2.79750e-02 -3.08149e-01 15 15 0 47.58142 15 15 15
80 111 2.01139e-01 -5.06346e-02 3.17725e-02 -3.06776e-01 15 15 0 47.60788 15 15 15
80 111 2.00832e-01 -5.72848e-02 3.59497e-02 -3.05064e-01 15 15 0 47.64096 15 15 15
80 111 2.00451e-01 -6.45970e-02 4.05447e-02 -3.02937e-01 15 15 0 47.68219 15 15 15
80 111 1.99976e-01 -7.26363e-02 4.55992e-02 -3.00304e-01 15 15 0 47.73348 15 15 15
80 111 1.99387e-01 -8.14739e-02 5.11591e-02 -2.97051e-01 15 15 0 47.79717 15 15 15
80 111 1.98656e-01 -9.11875e-02 5.72750e-02 -2.93042e-01 15 15 0 47.87618 15 15 15
80 111 1.97750e-01 -1.01862e-01 6.40025e-02 -2.88111e-01 15 15 0 47.97416 15 15 15
80 111 1.96628e-01 -1.13589e-01 7.14028e-02 -2.82059e-01 15 15 0 48.09567 15 15 15
80 111 1.95236e-01 -1.26469e-01 7.95430e-02 -2.74642e-01 15 15 0 48.24646 15 15 15
80 111 1.93508e-01 -1.40610e-01 8.84973e-02 -2.65566e-01 15 15 0 48.43390 15 15 15
80 111 1.91357e-01 -1.56126e-01 9.83471e-02 -2.54476e-01 15 15 0 48.66744 15 15 15
80 111 1.88674e-01 -1.73142e-01 1.09182e-01 -2.40942e-01 15 15 0 48.95943 15 15 15
80 111 1.85315e-01 -1.91785e-01 1.21100e-01 -2.24446e-01 15 15 0 49.32626 15 15 15
80 111 1.70034e-01 -2.12227e-01 1.34210e-01 -2.06296e-01 14 14 0 46.33531 14 14 14
