19 111 1.39219e-02 -1.59660e-03 1.00000e-03 -3.33230e-01 1 1 0 3.09149 1 1 1
19 111 1.39217e-02 -3.35285e-03 2.10000e-03 -3.33209e-01 1 1 0 3.09151 1 1 1
19 111 1.39211e-02 -5.28472e-03 3.31000e-03 -3.33168e-01 1 1 0 3.09156 1 1 1
19 111 1.39203e-02 -7.40975e-03 4.64100e-03 -3.33101e-01 1 1 0 3.09164 1 1 1
19 111 1.39191e-02 -9.74724e-03 6.10510e-03 -3.33003e-01 1 1 0 3.09176 1 1 1
19 111 1.39174e-02 -1.23184e-02 7.71561e-03 -3.32863e-01 1 1 0 3.09193 1 1 1
19 111 1.39151e-02 -1.51466e-02 9.48717e-03 -3.32672e-01 1 1 0 3.09216 1 1 1
19 111 1.39119e-02 -1.82575e-02 1.14359e-02 -3.32416e-01 1 1 0 3.09247 1 1 1
19 111 1.39078e-02 -2.16793e-02 1.35795e-02 -3.32080e-01 1 1 0 3.09288 1 1 1
19 111 1.39025e-02 -2.54429e-02 1.59374e-02 -3.31643e-01 1 1 0 3.09341 1 1 1
19 111 1.38956e-02 -2.95825e-02 1.85312e-02 -3.31082e-01 1 1 0 3.09409 1 1 1
19 111 1.38868e-02 -3.41355e-02 2.13843e-02 -3.30368e-01 1 1 0 3.09496 1 1 1
20 111 2.78314e-02 -1.59657e-03 1.00000e-03 -3.32940e-01 2 2 0 6.18502 2 2 2
20 111 2.78309e-02 -3.35278e-03 2.10000e-03 -3.32918e-01 2 2 0 6.18507 2 2 2
20 111 2.78299e-02 -5.28461e-03 3.31000e-03 -3.32877e-01 2 2 0 6.18517 2 2 2
20 111 2.78283e-02 -7.40960e-03 4.64100e-03 -3.32811e-01 2 2 0 6.18533 2 2 2
20 111 2.78259e-02 -9.74704e-03 6.10510e-03 -3.32712e-01 2 2 0 6.18557 2 2 2
20 111 2.78225e-02 -1.23182e-02 7.71561e-03 -3.32573e-01 2 2 0 6.18591 2 2 2
20 111 2.78178e-02 -1.51463e-02 9.48717e-03 -3.32382e-01 2 2 0 6.18637 2 2 2
20 111 2.78115e-02 -1.82571e-02 1.14359e-02 -3.32126e-01 2 2 0 6.18699 2 2 2
20 111 2.78033e-02 -2.16788e-02 1.35795e-02 -3.31790e-01 2 2 0 6.18780 2 2 2
20 111 2.77926e-02 -2.54424e-02 1.59374e-02 -3.31353e-01 2 2 0 6.18886 2 2 2
20 111 2.77788e-02 -2.95819e-02 1.85312e-02 -3.30793e-01 2 2 0 6.19022 2 2 2
20 111 2.77612e-02 -3.41348e-02 2.13843e-02 -3.30079e-01 2 2 0 6.19195 2 2 2
21 111 4.17162e-02 -1.59651e-03 1.00000e-03 -3.32457e-01 3 3 0 9.28262 3 3 3
21 111 4.17155e-02 -3.35267e-03 2.10000e-03 -3.32436e-01 3 3 0 9.28270 3 3 3
21 111 4.17140e-02 -5.28444e-03 3.31000e-03 -3.32395e-01 3 3 0 9.28285 3 3 3
21 111 4.17115e-02 -7.40935e-03 4.64100e-03 -3.32328e-01 3 3 0 9.28309 3 3 3
21 111 4.17079e-02 -9.74672e-03 6.10510e-03 -3.32230e-01 3 3 0 9.28345 3 3 3
21 111 4.17028e-02 -1.23178e-02 7.71561e-03 -3.32090e-01 3 3 0 9.28396 3 3 3
21 111 4.16958e-02 -1.51458e-02 9.48717e-03 -3.31899e-01 3 3 0 9.28465 3 3 3
21 111 4.16864e-02 -1.82565e-02 1.14359e-02 -3.31644e-01 3 3 0 9.28558 3 3 3
21 111 4.16740e-02 -2.16781e-02 1.35795e-02 -3.31308e-01 3 3 0 9.28680 3 3 3
21 111 4.16580e-02 -2.54416e-02 1.59374e-02 -3.30872e-01 3 3 0 9.28839 3 3 3
21 111 4.16374e-02 -2.95809e-02 1.85312e-02 -3.30312e-01 3 3 0 9.29043 3 3 3
21 111 4.16111e-02 -3.41337e-02 2.13843e-02 -3.29599e-01 3 3 0 9.29303 3 3 3
21 111 4.15779e-02 -3.91408e-02 2.45227e-02 -3.28696e-01 3 3 0 9.29633 3 3 3
21 111 4.15360e-02 -4.46475e-02 2.79750e-02 -3.27561e-01 3 3 0 9.30048 3 3 3
21 111 4.14834e-02 -5.07034e-02 3.17725e-02 -3.26140e-01 3 3 0 9.30570 3 3 3
