28 4 3.48702e-01 -1.58976e-03 1.00000e-03 -2.72531e-01 1 1 0 3.33512 1 1 1
28 4 3.48696e-01 -3.33848e-03 2.10000e-03 -2.72511e-01 1 1 0 3.33515 1 1 1
28 4 3.48685e-01 -5.26207e-03 3.31000e-03 -2.72474e-01 1 1 0 3.33520 1 1 1
28 4 3.48668e-01 -7.37799e-03 4.64100e-03 -2.72414e-01 1 1 0 3.33528 1 1 1
28 4 3.48642e-01 -9.70547e-03 6.10510e-03 -2.72324e-01 1 1 0 3.33540 1 1 1
28 4 3.48605e-01 -1.22656e-02 7.71561e-03 -2.72198e-01 1 1 0 3.33557 1 1 1
28 4 3.48554e-01 -1.50817e-02 9.48717e-03 -2.72024e-01 1 1 0 3.33581 1 1 1
28 4 3.48487e-01 -1.81792e-02 1.14359e-02 -2.71793e-01 1 1 0 3.33612 1 1 1
28 4 3.48398e-01 -2.15863e-02 1.35795e-02 -2.71488e-01 1 1 0 3.33654 1 1 1
28 4 3.48283e-01 -2.53338e-02 1.59374e-02 -2.71092e-01 1 1 0 3.33707 1 1 1
28 4 3.48135e-01 -2.94556e-02 1.85312e-02 -2.70584e-01 1 1 0 3.33777 1 1 1
28 4 3.47946e-01 -3.39889e-02 2.13843e-02 -2.69936e-01 1 1 0 3.33865 1 1 1
28 4 3.47707e-01 -3.89748e-02 2.45227e-02 -2.69117e-01 1 1 0 3.33976 1 1 1
28 4 3.47406e-01 -4.44580e-02 2.79750e-02 -2.68086e-01 1 1 0 3.34117 1 1 1
28 4 3.47029e-01 -5.04879e-02 3.17725e-02 -2.66797e-01 1 1 0 3.34294 1 1 1
28 4 3.46558e-01 -5.71186e-02 3.59497e-02 -2.65189e-01 1 1 0 3.34514 1 1 1
28 4 3.45972e-01 -6.44091e-02 4.05447e-02 -2.63191e-01 1 1 0 3.34789 1 1 1
28 4 3.45244e-01 -7.24245e-02 4.55992e-02 -2.60717e-01 1 1 0 3.35131 1 1 1
28 4 3.44342e-01 -8.12354e-02 5.11591e-02 -2.57662e-01 1 1 0 3.35555 1 1 1
28 4 3.43226e-01 -9.09195e-02 5.72750e-02 -2.53896e-01 1 1 0 3.36080 1 1 1
28 4 3.41847e-01 -1.01561e-01 6.40025e-02 -2.49265e-01 1 1 0 3.36731 1 1 1
28 4 3.40143e-01 -1.13251e-01 7.14028e-02 -2.43580e-01 1 1 0 3.37537 1 1 1
28 4 3.38040e-01 -1.26090e-01 7.95430e-02 -2.36613e-01 1 1 0 3.38537 1 1 1
28 4 3.35441e-01 -1.40184e-01 8.84973e-02 -2.28088e-01 1 1 0 3.39776 1 1 1
28 4 3.32228e-01 -1.55648e-01 9.83471e-02 -2.17672e-01 1 1 0 3.41316 1 1 1
28 4 3.28249e-01 -1.72604e-01 1.09182e-01 -2.04960e-01 1 1 0 3.43234 1 1 1
28 4 3.23310e-01 -1.91178e-01 1.21100e-01 -1.89468e-01 1 1 0 3.45633 1 1 1
28 4 3.17155e-01 -2.11503e-01 1.34210e-01 -1.70611e-01 1 1 0 3.48648 1 1 1
28 4 3.09449e-01 -2.33705e-01 1.48631e-01 -1.47689e-01 1 1 0 3.52461 1 1 1
28 4 2.99733e-01 -2.57905e-01 1.64494e-01 -1.19865e-01 1 1 0 3.57323 1 1 1
28 4 2.87361e-01 -2.84195e-01 1.81943e-01 -8.61447e-02 1 1 0 3.63590 1 1 1
29 4 5.79358e-01 -1.58100e-03 1.00000e-03 -1.65499e-01 2 2 0 8.59587 2 2 2
29 4 5.79342e-01 -3.32009e-03 2.10000e-03 -1.65487e-01 2 2 0 8.59588 2 2 2
29 4 5.79312e-01 -5.23308e-03 3.31000e-03 -1.65464e-01 2 2 0 8.59590 2 2 2
29 4 5.79264e-01 -7.33734e-03 4.64100e-03 -1.65425e-01 2 2 0 8.59594 2 2 2
29 4 5.79192e-01 -9.65198e-03 6.10510e-03 -1.65369e-01 2 2 0 8.59600 2 2 2
29 4 5.79090e-01 -1.21980e-02 7.71561e-03 -1.65289e-01 2 2 0 8.59608 2 2 2
29 4 5.78950e-01 -1.49986e-02 9.48717e-03 -1.65179e-01 2 2 0 8.59619 2 2 2
29 4 5.78764e-01 -1.80790e-02 1.14359e-02 -1.65032e-01 2 2 0 8.59634 2 2 2
29 4 5.78518e-01 -2.14673e-02 1.35795e-02 -1.64839e-01 2 2 0 8.59653 2 2 2
29 4 5.78199e-01 -2.51941e-02 1.59374e-02 -1.64589e-01 2 2 0 8.59679 2 2 2
29 4 5.77790e-01 -2.92931e-02 1.85312e-02 -1.64267e-01 2 2 0 8.59711 2 2 2
29 4 5.77267e-01 -3.38014e-02 2.13843e-02 -1.63857e-01 2 2 0 8.59751 2 2 2
29 4 5.76606e-01 -3.87596e-02 2.45227e-02 -1.63338e-01 2 2 0 8.59803 2 2 2
29 4 5.75773e-01 -4.42125e-02 2.79750e-02 -1.62686e-01 2 2 0 8.59866 2 2 2
29 4 5.74729e-01 -5.02089e-02 3.17725e-02 -1.61869e-01 2 2 0 8.59945 2 2 2
29 4 5.73425e-01 -5.68026e-02 3.59497e-02 -1.60850e-01 2 2 0 8.60042 2 2 2
29 4 5.71802e-01 -6.40525e-02 4.05447e-02 -1.59584e-01 2 2 0 8.60159 2 2 2
29 4 5.69786e-01 -7.20229e-02 4.55992e-02 -1.58015e-01 2 2 0 8.60301 2 2 2
29 4 5.67286e-01 -8.07844e-02 5.11591e-02 -1.56077e-01 2 2 0 8.60470 2 2 2
29 4 5.64193e-01 -9.04137e-02 5.72750e-02 -1.53687e-01 2 2 0 8.60669 2 2 2
29 4 5.60369e-01 -1.00995e-01 6.40025e-02 -1.50745e-01 2 2 0 8.60900 2 2 2
29 4 5.55643e-01 -1.12618e-01 7.14028e-02 -1.47131e-01 2 2 0 8.61161 2 2 2
29 4 5.49805e-01 -1.25383e-01 7.95430e-02 -1.42695e-01 2 2 0 8.61447 2 2 2
29 4 5.42588e-01 -1.39395e-01 8.84973e-02 -1.37258e-01 2 2 0 8.61744 2 2 2
29 4 5.33661e-01 -1.54769e-01 9.83471e-02 -1.30599e-01 2 2 0 8.62023 2 2 2
29 4 5.22600e-01 -1.71625e-01 1.09182e-01 -1.22447e-01 2 2 0 8.62233 2 2 2
29 4 5.08864e-01 -1.90092e-01 1.21100e-01 -1.12469e-01 2 2 0 8.62279 2 2 2
29 4 4.91751e-01 -2.10299e-01 1.34210e-01 -1.00250e-01 2 2 0 8.62001 2 2 2
29 4 4.70344e-01 -2.32381e-01 1.48631e-01 -8.52657e-02 2 2 0 8.61119 2 2 2
30 4 6.70605e-01 -1.65532e-03 1.00000e-03 -1.08471e-01 3 3 0 14.38215 3 3 3
30 4 6.70587e-01 -3.47617e-03 2.10000e-03 -1.08462e-01 3 3 0 14.38218 3 3 3
30 4 6.70553e-01 -5.47906e-03 3.31000e-03 -1.08443e-01 3 3 0 14.38224 3 3 3
30 4 6.70498e-01 -7.68219e-03 4.64100e-03 -1.08412e-01 3 3 0 14.38235 3 3 3
30 4 6.70416e-01 -1.01055e-02 6.10510e-03 -1.08367e-01 3 3 0 14.38250 3 3 3
30 4 6.70300e-01 -1.27710e-02 7.71561e-03 -1.08303e-01 3 3 0 14.38272 3 3 3
30 4 6.70141e-01 -1.57029e-02 9.48717e-03 -1.08215e-01 3 3 0 14.38302 3 3 3
30 4 6.69929e-01 -1.89275e-02 1.14359e-02 -1.08098e-01 3 3 0 14.38341 3 3 3
30 4 6.69649e-01 -2.24741e-02 1.35795e-02 -1.07944e-01 3 3 0 14.38393 3 3 3
30 4 6.69286e-01 -2.63746e-02 1.59374e-02 -1.07744e-01 3 3 0 14.38461 3 3 3
30 4 6.68819e-01 -3.06640e-02 1.85312e-02 -1.07487e-01 3 3 0 14.38547 3 3 3
30 4 6.68225e-01 -3.53809e-02 2.13843e-02 -1.07159e-01 3 3 0 14.38657 3 3 3
30 4 6.67471e-01 -4.05674e-02 2.45227e-02 -1.06745e-01 3 3 0 14.38795 3 3 3
30 4 6.66523e-01 -4.62695e-02 2.79750e-02 -1.06223e-01 3 3 0 14.38967 3 3 3
30 4 6.65335e-01 -5.25378e-02 3.17725e-02 -1.05571e-01 3 3 0 14.39181 3 3 3
30 4 6.63850e-01 -5.94273e-02 3.59497e-02 -1.04757e-01 3 3 0 14.39445 3 3 3
30 4 6.62002e-01 -6.69981e-02 4.05447e-02 -1.03746e-01 3 3 0 14.39769 3 3 3
30 4 6.59707e-01 -7.53154e-02 4.55992e-02 -1.02494e-01 3 3 0 14.40163 3 3 3
30 4 6.56862e-01 -8.44499e-02 5.11591e-02 -1.00947e-01 3 3 0 14.40638 3 3 3
30 4 6.53342e-01 -9.44781e-02 5.72750e-02 -9.90405e-02 3 3 0 14.41207 3 3 3
30 4 6.48990e-01 -1.05482e-01 6.40025e-02 -9.66945e-02 3 3 0 14.41881 3 3 3
30 4 6.43614e-01 -1.17550e-01 7.14028e-02 -9.38132e-02 3 3 0 14.42668 3 3 3
30 4 6.36973e-01 -1.30773e-01 7.95430e-02 -9.02796e-02 3 3 0 14.43568 3 3 3
30 4 6.28768e-01 -1.45251e-01 8.84973e-02 -8.59508e-02 3 3 0 14.44571 3 3 3
30 4 6.18621e-01 -1.61081e-01 9.83471e-02 -8.06529e-02 3 3 0 14.45641 3 3 3
30 4 6.06054e-01 -1.78365e-01 1.09182e-01 -7.41722e-02 3 3 0 14.46697 3 3 3
30 4 5.90455e-01 -1.97200e-01 1.21100e-01 -6.62449e-02 3 3 0 14.47587 3 3 3
30 4 5.71034e-01 -2.17674e-01 1.34210e-01 -5.65410e-02 3 3 0 14.48027 3 3 3
30 4 5.46757e-01 -2.39862e-01 1.48631e-01 -4.46393e-02 3 3 0 14.47510 3 3 3
30 4 5.16254e-01 -2.63814e-01 1.64494e-01 -2.99837e-02 3 3 0 14.45156 3 3 3
31 4 7.33154e-01 -1.28947e-03 1.00000e-03 -6.45699e-02 4 4 0 24.62339 4 4 4
31 4 7.33136e-01 -2.70790e-03 2.10000e-03 -6.45634e-02 4 4 0 24.62333 4 4 4
31 4 7.33101e-01 -4.26819e-03 3.31000e-03 -6.45510e-02 4 4 0 24.62321 4 4 4
31 4 7.33044e-01 -5.98456e-03 4.64100e-03 -6.45309e-02 4 4 0 24.62303 4 4 4
31 4 7.32960e-01 -7.87264e-03 6.10510e-03 -6.45011e-02 4 4 0 24.62275 4 4 4
31 4 7.32840e-01 -9.94965e-03 7.71561e-03 -6.44589e-02 4 4 0 24.62236 4 4 4
31 4 7.32676e-01 -1.22346e-02 9.48717e-03 -6.44012e-02 4 4 0 24.62182 4 4 4
31 4 7.32457e-01 -1.47482e-02 1.14359e-02 -6.43239e-02 4 4 0 24.62110 4 4 4
31 4 7.32169e-01 -1.75137e-02 1.35795e-02 -6.42223e-02 4 4 0 24.62015 4 4 4
31 4 7.31795e-01 -2.05562e-02 1.59374e-02 -6.40904e-02 4 4 0 24.61891 4 4 4
31 4 7.31313e-01 -2.39039e-02 1.85312e-02 -6.39209e-02 4 4 0 24.61731 4 4 4
31 4 7.30700e-01 -2.75874e-02 2.13843e-02 -6.37050e-02 4 4 0 24.61524 4 4 4
31 4 7.29923e-01 -3.16410e-02 2.45227e-02 -6.34319e-02 4 4 0 24.61260 4 4 4
31 4 7.28945e-01 -3.61022e-02 2.79750e-02 -6.30882e-02 4 4 0 24.60923 4 4 4
31 4 7.27718e-01 -4.10126e-02 3.17725e-02 -6.26579e-02 4 4 0 24.60493 4 4 4
31 4 7.26186e-01 -4.64184e-02 3.59497e-02 -6.21211e-02 4 4 0 24.59945 4 4 4
31 4 7.24277e-01 -5.23708e-02 4.05447e-02 -6.14540e-02 4 4 0 24.59246 4 4 4
31 4 7.21905e-01 -5.89265e-02 4.55992e-02 -6.06272e-02 4 4 0 24.58351 4 4 4
31 4 7.18964e-01 -6.61491e-02 5.11591e-02 -5.96049e-02 4 4 0 24.57200 4 4 4
31 4 7.15320e-01 -7.41093e-02 5.72750e-02 -5.83437e-02 4 4 0 24.55713 4 4 4
31 4 7.10811e-01 -8.28865e-02 6.40025e-02 -5.67902e-02 4 4 0 24.53776 4 4 4
31 4 7.05234e-01 -9.25704e-02 7.14028e-02 -5.48793e-02 4 4 0 24.51233 4 4 4
31 4 6.98334e-01 -1.03262e-01 7.95430e-02 -5.25312e-02 4 4 0 24.47861 4 4 4
31 4 6.89791e-01 -1.15078e-01 8.84973e-02 -4.96472e-02 4 4 0 24.43339 4 4 4
31 4 6.79200e-01 -1.28152e-01 9.83471e-02 -4.61051e-02 4 4 0 24.37198 4 4 4
31 4 6.66042e-01 -1.42638e-01 1.09182e-01 -4.17516e-02 4 4 0 24.28743 4 4 4
32 4 7.56854e-01 -2.21514e-03 1.00000e-03 -4.69118e-02 5 5 0 33.44409 1 5 5
32 4 7.56829e-01 -4.65171e-03 2.10000e-03 -4.69052e-02 5 5 0 33.44408 1 5 5
32 4 7.56782e-01 -7.33176e-03 3.31000e-03 -4.68923e-02 5 5 0 33.44407 1 5 5
32 4 7.56705e-01 -1.02795e-02 4.64100e-03 -4.68716e-02 5 5 0 33.44405 1 5 5
32 4 7.56591e-01 -1.35213e-02 6.10510e-03 -4.68408e-02 5 5 0 33.44402 1 5 5
32 4 7.56429e-01 -1.70864e-02 7.71561e-03 -4.67973e-02 5 5 0 33.44397 1 5 5
32 4 7.56208e-01 -2.10065e-02 9.48717e-03 -4.67377e-02 5 5 0 33.44391 1 5 5
32 4 7.55911e-01 -2.53165e-02 1.14359e-02 -4.66579e-02 5 5 0 33.44382 1 5 5
32 4 7.55522e-01 -3.00543e-02 1.35795e-02 -4.65530e-02 5 5 0 33.44370 1 5 5
32 4 7.55016e-01 -3.52614e-02 1.59374e-02 -4.64169e-02 5 5 0 33.44352 1 5 5
32 4 7.54367e-01 -4.09826e-02 1.85312e-02 -4.62421e-02 5 5 0 33.44327 1 5 5
32 4 7.53539e-01 -4.72669e-02 2.13843e-02 -4.60194e-02 5 5 0 33.44291 1 5 5
32 4 7.52491e-01 -5.41670e-02 2.45227e-02 -4.57379e-02 5 5 0 33.44240 1 5 5
32 4 7.51173e-01 -6.17394e-02 2.79750e-02 -4.53840e-02 5 5 0 33.44165 1 5 5
32 4 7.49522e-01 -7.00448e-02 3.17725e-02 -4.49412e-02 5 5 0 33.44055 1 5 5
32 4 7.47462e-01 -7.91474e-02 3.59497e-02 -4.43896e-02 5 5 0 33.43893 1 5 5
32 4 7.44901e-01 -8.91145e-02 4.05447e-02 -4.37048e-02 5 5 0 33.43654 1 5 5
32 4 7.41725e-01 -1.00016e-01 4.55992e-02 -4.28576e-02 5 5 0 33.43296 1 5 5
32 4 7.37796e-01 -1.11923e-01 5.11591e-02 -4.18123e-02 5 5 0 33.42760 1 5 5
32 4 7.32946e-01 -1.24905e-01 5.72750e-02 -4.05257e-02 5 5 0 33.41955 1 5 5
32 4 7.26968e-01 -1.39030e-01 6.40025e-02 -3.89460e-02 5 5 0 33.40738 1 5 5
32 4 7.19609e-01 -1.54357e-01 7.14028e-02 -3.70099e-02 5 5 0 33.38895 1 5 5
32 4 7.10559e-01 -1.70934e-01 7.95430e-02 -3.46414e-02 5 5 0 33.36091 1 5 5
32 4 6.99438e-01 -1.88787e-01 8.84973e-02 -3.17476e-02 5 5 0 33.31813 1 5 5
32 4 6.85773e-01 -2.07917e-01 9.83471e-02 -2.82154e-02 5 5 0 33.25260 1 5 5
32 4 6.68984e-01 -2.28281e-01 1.09182e-01 -2.39044e-02 5 5 0 33.15187 1 5 5
32 4 6.48343e-01 -2.49783e-01 1.21100e-01 -1.86373e-02 5 5 0 32.99650 1 5 5
33 4 7.77892e-01 -1.65615e-03 1.00000e-03 -3.07687e-02 6 6 0 49.28532 2 6 6
33 4 7.77870e-01 -3.47791e-03 2.10000e-03 -3.07641e-02 6 6 0 49.28512 2 6 6
33 4 7.77828e-01 -5.48180e-03 3.31000e-03 -3.07552e-02 6 6 0 49.28472 2 6 6
33 4 7.77760e-01 -7.68602e-03 4.64100e-03 -3.07409e-02 6 6 0 49.28408 2 6 6
33 4 7.77658e-01 -1.01106e-02 6.10510e-03 -3.07195e-02 6 6 0 49.28313 2 6 6
33 4 7.77515e-01 -1.27774e-02 7.71561e-03 -3.06893e-02 6 6 0 49.28178 2 6 6
33 4 7.77318e-01 -1.57106e-02 9.48717e-03 -3.06479e-02 6 6 0 49.27993 2 6 6
33 4 7.77055e-01 -1.89367e-02 1.14359e-02 -3.05926e-02 6 6 0 49.27744 2 6 6
33 4 7.76709e-01 -2.24849e-02 1.35795e-02 -3.05198e-02 6 6 0 49.27414 2 6 6
33 4 7.76260e-01 -2.63871e-02 1.59374e-02 -3.04253e-02 6 6 0 49.26984 2 6 6
33 4 7.75683e-01 -3.06783e-02 1.85312e-02 -3.03040e-02 6 6 0 49.26427 2 6 6
33 4 7.74946e-01 -3.53970e-02 2.13843e-02 -3.01494e-02 6 6 0 49.25710 2 6 6
33 4 7.74014e-01 -4.05853e-02 2.45227e-02 -2.99538e-02 6 6 0 49.24790 2 6 6
33 4 7.72840e-01 -4.62892e-02 2.79750e-02 -2.97078e-02 6 6 0 49.23613 2 6 6
33 4 7.71369e-01 -5.25590e-02 3.17725e-02 -2.93997e-02 6 6 0 49.22109 2 6 6
33 4 7.69531e-01 -5.94497e-02 3.59497e-02 -2.90156e-02 6 6 0 49.20184 2 6 6
33 4 7.67242e-01 -6.70212e-02 4.05447e-02 -2.85382e-02 6 6 0 49.17715 2 6 6
33 4 7.64398e-01 -7.53384e-02 4.55992e-02 -2.79467e-02 6 6 0 49.14538 2 6 6
33 4 7.60873e-01 -8.44717e-02 5.11591e-02 -2.72155e-02 6 6 0 49.10427 2 6 6
33 4 7.56509e-01 -9.44973e-02 5.72750e-02 -2.63135e-02 6 6 0 49.05072 2 6 6
33 4 7.51111e-01 -1.05497e-01 6.40025e-02 -2.52028e-02 6 6 0 48.98040 2 6 6
33 4 7.44440e-01 -1.17557e-01 7.14028e-02 -2.38365e-02 6 6 0 48.88714 2 6 6
33 4 7.36193e-01 -1.30771e-01 7.95430e-02 -2.21573e-02 6 6 0 48.76206 2 6 6
34 4 7.84607e-01 -3.56967e-02 1.00000e-03 -2.48872e-02 1 7 0 59.44553 1 3 7
34 4 7.82542e-01 -7.07599e-02 2.10000e-03 -2.46217e-02 1 7 0 59.52591 1 3 7
34 4 7.79551e-01 -1.01941e-01 3.31000e-03 -2.42326e-02 1 7 0 59.64889 1 3 7
34 4 7.76173e-01 -1.28189e-01 4.64100e-03 -2.37867e-02 1 7 0 59.79614 1 3 7
34 4 7.72734e-01 -1.50080e-01 6.10510e-03 -2.33257e-02 1 7 0 59.95341 1 3 7
34 4 7.69355e-01 -1.68620e-01 7.71561e-03 -2.28658e-02 1 7 0 60.11270 1 3 7
34 4 7.66052e-01 -1.84694e-01 9.48717e-03 -2.24099e-02 1 7 0 60.26999 1 3 7
34 4 7.62799e-01 -1.98963e-01 1.14359e-02 -2.19548e-02 1 7 0 60.42325 1 3 7
34 4 7.59558e-01 -2.11906e-01 1.35795e-02 -2.14954e-02 1 7 0 60.57131 1 3 7
34 4 7.56280e-01 -2.23867e-01 1.59374e-02 -2.10253e-02 3 7 0 60.71334 1 3 7
34 4 7.52919e-01 -2.35100e-01 1.85312e-02 -2.05371e-02 3 7 0 60.84856 1 3 7
34 4 7.49421e-01 -2.45797e-01 2.13843e-02 -2.00231e-02 3 7 0 60.97614 1 3 7
34 4 7.45731e-01 -2.56105e-01 2.45227e-02 -1.94744e-02 3 7 0 61.09504 1 3 7
34 4 7.41788e-01 -2.66139e-01 2.79750e-02 -1.88810e-02 3 7 0 61.20397 1 3 7
34 4 7.37523e-01 -2.75987e-01 3.17725e-02 -1.82314e-02 3 7 0 61.30124 1 3 7
34 4 7.32859e-01 -2.85720e-01 3.59497e-02 -1.75122e-02 3 7 0 61.38467 1 3 7
34 4 7.27707e-01 -2.95388e-01 4.05447e-02 -1.67081e-02 3 7 0 61.45134 1 3 7
34 4 7.21963e-01 -3.05028e-01 4.55992e-02 -1.58006e-02 3 7 0 61.49735 1 3 7
34 4 7.15507e-01 -3.14655e-01 5.11591e-02 -1.47683e-02 3 7 0 61.51742 1 3 7
34 4 7.08195e-01 -3.24271e-01 5.72750e-02 -1.35852e-02 3 7 0 61.50437 1 3 7
34 4 6.99862e-01 -3.33851e-01 6.40025e-02 -1.22206e-02 3 7 0 61.44829 1 3 7
34 4 6.90306e-01 -3.43347e-01 7.14028e-02 -1.06370e-02 3 7 0 61.33550 1 5 7
34 4 6.79290e-01 -3.52679e-01 7.95430e-02 -8.78886e-03 3 7 0 61.14699 1 7 7
34 4 6.66531e-01 -3.61729e-01 8.84973e-02 -6.61907e-03 3 7 0 60.85635 1 7 7
35 4 7.87979e-01 9.60977e-04 1.00000e-03 -2.28727e-02 1 7 1 64.24809 1 5 7
35 4 7.87959e-01 2.01822e-03 2.10000e-03 -2.28692e-02 1 7 1 64.24791 1 5 7
35 4 7.87922e-01 3.18163e-03 3.31000e-03 -2.28627e-02 1 7 1 64.24757 1 5 7
35 4 7.87862e-01 4.46220e-03 4.64100e-03 -2.28520e-02 1 7 1 64.24701 1 5 7
35 4 7.87773e-01 5.87225e-03 6.10510e-03 -2.28362e-02 1 7 1 64.24619 1 5 7
35 4 7.87647e-01 7.42557e-03 7.71561e-03 -2.28139e-02 1 7 1 64.24503 1 5 7
35 4 7.87475e-01 9.13775e-03 9.48717e-03 -2.27833e-02 1 7 1 64.24344 1 5 7
35 4 7.87244e-01 1.10265e-02 1.14359e-02 -2.27423e-02 1 7 1 64.24131 1 5 7
35 4 7.86940e-01 1.31123e-02 1.35795e-02 -2.26885e-02 1 7 1 64.23852 1 5 7
35 4 7.86544e-01 1.54188e-02 1.59374e-02 -2.26185e-02 1 7 1 64.23490 1 5 7
35 4 7.86036e-01 1.79740e-02 1.85312e-02 -2.25285e-02 1 7 1 64.23026 1 5 7
35 4 7.85387e-01 2.08121e-02 2.13843e-02 -2.24138e-02 1 7 1 64.22437 1 5 7
35 4 7.84564e-01 2.39753e-02 2.45227e-02 -2.22686e-02 1 7 1 64.21695 1 5 7
35 4 7.83526e-01 2.75186e-02 2.79750e-02 -2.20855e-02 1 7 1 64.20769 1 5 7
35 4 7.82219e-01 3.15161e-02 3.17725e-02 -2.18557e-02 1 7 1 64.19625 1 5 7
35 4 7.80580e-01 3.60742e-02 3.59497e-02 -2.15683e-02 1 7 1 64.18230 1 5 7
35 4 7.78524e-01 4.13564e-02 4.05447e-02 -2.12094e-02 1 7 1 64.16564 1 5 7
35 4 7.75939e-01 4.76382e-02 4.55992e-02 -2.07612e-02 1 7 1 64.14652 1 5 7
35 4 7.72671e-01 5.54438e-02 5.11591e-02 -2.02000e-02 1 7 1 64.12662 1 5 7
35 4 7.68458e-01 6.59903e-02 5.72750e-02 -1.94898e-02 1 7 1 64.11260 1 5 7
35 4 7.62627e-01 8.37054e-02 6.40025e-02 -1.85482e-02 1 7 1 64.13896 1 5 7
36 4 7.95825e-01 -1.41129e-03 1.00000e-03 -1.66588e-02 8 8 0 84.89393 8 8 8
36 4 7.95803e-01 -2.96371e-03 2.10000e-03 -1.66556e-02 8 8 0 84.89338 8 8 8
36 4 7.95762e-01 -4.67141e-03 3.31000e-03 -1.66494e-02 8 8 0 84.89233 8 8 8
36 4 7.95694e-01 -6.54992e-03 4.64100e-03 -1.66394e-02 8 8 0 84.89062 8 8 8
36 4 7.95594e-01 -8.61636e-03 6.10510e-03 -1.66246e-02 8 8 0 84.88807 8 8 8
36 4 7.95453e-01 -1.08896e-02 7.71561e-03 -1.66036e-02 8 8 0 84.88446 8 8 8
36 4 7.95260e-01 -1.33903e-02 9.48717e-03 -1.65748e-02 8 8 0 84.87951 8 8 8
36 4 7.95000e-01 -1.61414e-02 1.14359e-02 -1.65363e-02 8 8 0 84.87285 8 8 8
36 4 7.94660e-01 -1.91680e-02 1.35795e-02 -1.64856e-02 8 8 0 84.86405 8 8 8
36 4 7.94217e-01 -2.24979e-02 1.59374e-02 -1.64199e-02 8 8 0 84.85256 8 8 8
36 4 7.93648e-01 -2.61616e-02 1.85312e-02 -1.63354e-02 8 8 0 84.83767 8 8 8
36 4 7.92923e-01 -3.01929e-02 2.13843e-02 -1.62278e-02 8 8 0 84.81850 8 8 8
36 4 7.92004e-01 -3.46290e-02 2.45227e-02 -1.60916e-02 8 8 0 84.79392 8 8 8
36 4 7.90847e-01 -3.95111e-02 2.79750e-02 -1.59203e-02 8 8 0 84.76247 8 8 8
36 4 7.89396e-01 -4.48847e-02 3.17725e-02 -1.57057e-02 8 8 0 84.72226 8 8 8
36 4 7.87582e-01 -5.08000e-02 3.59497e-02 -1.54380e-02 8 8 0 84.67082 8 8 8
36 4 7.85323e-01 -5.73129e-02 4.05447e-02 -1.51053e-02 8 8 0 84.60485 8 8 8
36 4 7.82515e-01 -6.44855e-02 4.55992e-02 -1.46926e-02 8 8 0 84.51993 8 8 8
36 4 7.79031e-01 -7.23866e-02 5.11591e-02 -1.41822e-02 8 8 0 84.41003 8 8 8
36 4 7.74714e-01 -8.10933e-02 5.72750e-02 -1.35519e-02 8 8 0 84.26680 8 8 8
36 4 7.69369e-01 -9.06914e-02 6.40025e-02 -1.27746e-02 8 8 0 84.07853 8 8 8
37 4 8.00084e-01 -9.38058e-04 1.00000e-03 -1.32607e-02 9 9 0 103.50920 3 9 9
37 4 8.00064e-01 -1.96996e-03 2.10000e-03 -1.32580e-02 9 9 0 103.50860 3 9 9
37 4 8.00026e-01 -3.10515e-03 3.31000e-03 -1.32528e-02 9 9 0 103.50745 3 9 9
37 4 7.99965e-01 -4.35405e-03 4.64100e-03 -1.32445e-02 9 9 0 103.50560 3 9 9
37 4 7.99873e-01 -5.72815e-03 6.10510e-03 -1.32320e-02 9 9 0 103.50283 3 9 9
37 4 7.99744e-01 -7.24016e-03 7.71561e-03 -1.32145e-02 9 9 0 103.49891 3 9 9
37 4 7.99566e-01 -8.90414e-03 9.48717e-03 -1.31904e-02 9 9 0 103.49352 3 9 9
37 4 7.99329e-01 -1.07357e-02 1.14359e-02 -1.31582e-02 9 9 0 103.48628 3 9 9
37 4 7.99017e-01 -1.27520e-02 1.35795e-02 -1.31158e-02 9 9 0 103.47670 3 9 9
37 4 7.98612e-01 -1.49723e-02 1.59374e-02 -1.30608e-02 9 9 0 103.46418 3 9 9
37 4 7.98091e-01 -1.74181e-02 1.85312e-02 -1.29902e-02 9 9 0 103.44793 3 9 9
37 4 7.97426e-01 -2.01132e-02 2.13843e-02 -1.29002e-02 9 9 0 103.42698 3 9 9
37 4 7.96585e-01 -2.30844e-02 2.45227e-02 -1.27863e-02 9 9 0 103.40006 3 9 9
37 4 7.95525e-01 -2.63619e-02 2.79750e-02 -1.26430e-02 9 9 0 103.36553 3 9 9
37 4 7.94195e-01 -2.99799e-02 3.17725e-02 -1.24635e-02 9 9 0 103.32126 3 9 9
37 4 7.92533e-01 -3.39771e-02 3.59497e-02 -1.22396e-02 9 9 0 103.26441 3 9 9
37 4 7.90463e-01 -3.83978e-02 4.05447e-02 -1.19611e-02 9 9 0 103.19119 3 9 9
37 4 7.87888e-01 -4.32931e-02 4.55992e-02 -1.16157e-02 9 9 0 103.09644 3 9 9
37 4 7.84693e-01 -4.87218e-02 5.11591e-02 -1.11884e-02 9 9 0 102.97307 3 9 9
37 4 7.80733e-01 -5.47529e-02 5.72750e-02 -1.06606e-02 9 9 0 102.81116 3 9 9
37 4 7.75826e-01 -6.14671e-02 6.40025e-02 -1.00093e-02 9 9 0 102.59663 3 9 9
37 4 7.69750e-01 -6.89599e-02 7.14028e-02 -9.20631e-03 9 9 0 102.30920 3 9 9
37 4 7.62222e-01 -7.73444e-02 7.95430e-02 -8.21596e-03 9 9 0 101.91919 3 9 9
38 4 8.04039e-01 -1.70493e-03 1.00000e-03 -1.00875e-02 10 10 0 131.02555 2 10 10
38 4 8.04015e-01 -3.58031e-03 2.10000e-03 -1.00849e-02 10 10 0 131.02452 2 10 10
38 4 8.03969e-01 -5.64317e-03 3.31000e-03 -1.00798e-02 10 10 0 131.02252 2 10 10
38 4 8.03894e-01 -7.91219e-03 4.64100e-03 -1.00716e-02 10 10 0 131.01930 2 10 10
38 4 8.03783e-01 -1.04079e-02 6.10510e-03 -1.00595e-02 10 10 0 131.01450 2 10 10
38 4 8.03625e-01 -1.31528e-02 7.71561e-03 -1.00422e-02 10 10 0 131.00769 2 10 10
38 4 8.03410e-01 -1.61717e-02 9.48717e-03 -1.00187e-02 10 10 0 130.99833 2 10 10
38 4 8.03122e-01 -1.94917e-02 1.14359e-02 -9.98717e-03 10 10 0 130.98574 2 10 10
38 4 8.02743e-01 -2.31426e-02 1.35795e-02 -9.94571e-03 10 10 0 130.96907 2 10 10
38 4 8.02250e-01 -2.71569e-02 1.59374e-02 -9.89191e-03 10 10 0 130.94723 2 10 10
38 4 8.01617e-01 -3.15704e-02 1.85312e-02 -9.82280e-03 10 10 0 130.91886 2 10 10
38 4 8.00811e-01 -3.64219e-02 2.13843e-02 -9.73476e-03 10 10 0 130.88219 2 10 10
38 4 7.99789e-01 -4.17540e-02 2.45227e-02 -9.62337e-03 10 10 0 130.83495 2 10 10
38 4 7.98503e-01 -4.76130e-02 2.79750e-02 -9.48325e-03 10 10 0 130.77415 2 10 10
38 4 7.96891e-01 -5.40493e-02 3.17725e-02 -9.30782e-03 10 10 0 130.69588 2 10 10
38 4 7.94877e-01 -6.11173e-02 3.59497e-02 -9.08904e-03 10 10 0 130.59486 2 10 10
38 4 7.92370e-01 -6.88759e-02 4.05447e-02 -8.81713e-03 10 10 0 130.46399 2 10 10
38 4 7.89256e-01 -7.73882e-02 4.55992e-02 -8.48012e-03 10 10 0 130.29349 2 10 10
38 4 7.85396e-01 -8.67218e-02 5.11591e-02 -8.06337e-03 10 10 0 130.06972 2 10 10
39 4 8.06232e-01 -1.41893e-03 1.00000e-03 -8.32239e-03 11 11 0 154.49476 7 11 11
39 4 8.06209e-01 -2.97978e-03 2.10000e-03 -8.32011e-03 11 11 0 154.49357 7 11 11
39 4 8.06166e-01 -4.69680e-03 3.31000e-03 -8.31572e-03 11 11 0 154.49130 7 11 11
39 4 8.06096e-01 -6.58565e-03 4.64100e-03 -8.30863e-03 11 11 0 154.48761 7 11 11
39 4 8.05992e-01 -8.66363e-03 6.10510e-03 -8.29808e-03 11 11 0 154.48213 7 11 11
39 4 8.05844e-01 -1.09498e-02 7.71561e-03 -8.28316e-03 11 11 0 154.47434 7 11 11
39 4 8.05643e-01 -1.34652e-02 9.48717e-03 -8.26272e-03 11 11 0 154.46364 7 11 11
39 4 8.05372e-01 -1.62329e-02 1.14359e-02 -8.23538e-03 11 11 0 154.44924 7 11 11
39 4 8.05017e-01 -1.92787e-02 1.35795e-02 -8.19943e-03 11 11 0 154.43015 7 11 11
39 4 8.04555e-01 -2.26309e-02 1.59374e-02 -8.15275e-03 11 11 0 154.40514 7 11 11
39 4 8.03962e-01 -2.63209e-02 1.85312e-02 -8.09277e-03 11 11 0 154.37261 7 11 11
39 4 8.03205e-01 -3.03835e-02 2.13843e-02 -8.01636e-03 11 11 0 154.33051 7 11 11
39 4 8.02246e-01 -3.48573e-02 2.45227e-02 -7.91966e-03 11 11 0 154.27617 7 11 11
39 4 8.01038e-01 -3.97855e-02 2.79750e-02 -7.79796e-03 11 11 0 154.20612 7 11 11
39 4 7.99523e-01 -4.52162e-02 3.17725e-02 -7.64551e-03 11 11 0 154.11569 7 11 11
39 4 7.97628e-01 -5.12030e-02 3.59497e-02 -7.45529e-03 11 11 0 153.99865 7 11 11
39 4 7.95267e-01 -5.78063e-02 4.05447e-02 -7.21868e-03 11 11 0 153.84648 7 11 11
39 4 7.92330e-01 -6.50943e-02 4.55992e-02 -6.92516e-03 11 11 0 153.64736 7 11 11
39 4 7.88683e-01 -7.31437e-02 5.11591e-02 -6.56175e-03 11 11 0 153.38470 7 11 11
39 4 7.84160e-01 -8.20419e-02 5.72750e-02 -6.11247e-03 11 11 0 153.03481 7 11 11
39 4 7.78553e-01 -9.18884e-02 6.40025e-02 -5.55742e-03 11 11 0 152.56332 7 11 11
40 4 8.08481e-01 -1.46888e-03 1.00000e-03 -6.50656e-03 12 12 0 190.56872 12 12 12
40 4 8.08458e-01 -3.08467e-03 2.10000e-03 -6.50453e-03 12 12 0 190.56684 12 12 12
40 4 8.08413e-01 -4.86205e-03 3.31000e-03 -6.50064e-03 12 12 0 190.56321 12 12 12
40 4 8.08342e-01 -6.81722e-03 4.64100e-03 -6.49435e-03 12 12 0 190.55735 12 12 12
40 4 8.08235e-01 -8.96800e-03 6.10510e-03 -6.48500e-03 12 12 0 190.54862 12 12 12
40 4 8.08084e-01 -1.13340e-02 7.71561e-03 -6.47177e-03 12 12 0 190.53623 12 12 12
40 4 8.07877e-01 -1.39368e-02 9.48717e-03 -6.45366e-03 12 12 0 190.51919 12 12 12
40 4 8.07600e-01 -1.68001e-02 1.14359e-02 -6.42942e-03 12 12 0 190.49627 12 12 12
40 4 8.07236e-01 -1.99502e-02 1.35795e-02 -6.39754e-03 12 12 0 190.46590 12 12 12
40 4 8.06763e-01 -2.34160e-02 1.59374e-02 -6.35616e-03 12 12 0 190.42611 12 12 12
40 4 8.06155e-01 -2.72292e-02 1.85312e-02 -6.30300e-03 12 12 0 190.37435 12 12 12
40 4 8.05379e-01 -3.14250e-02 2.13843e-02 -6.23527e-03 12 12 0 190.30739 12 12 12
40 4 8.04397e-01 -3.60422e-02 2.45227e-02 -6.14955e-03 12 12 0 190.22099 12 12 12
40 4 8.03160e-01 -4.11234e-02 2.79750e-02 -6.04169e-03 12 12 0 190.10962 12 12 12
40 4 8.01609e-01 -4.67160e-02 3.17725e-02 -5.90658e-03 12 12 0 189.96591 12 12 12
40 4 7.99670e-01 -5.28725e-02 3.59497e-02 -5.73799e-03 12 12 0 189.77998 12 12 12
40 4 7.97253e-01 -5.96508e-02 4.05447e-02 -5.52832e-03 12 12 0 189.53832 12 12 12
40 4 7.94250e-01 -6.71154e-02 4.55992e-02 -5.26819e-03 12 12 0 189.22227 12 12 12
41 4 8.10997e-01 -1.74544e-03 1.00000e-03 -4.46856e-03 14 14 0 262.08566 2 14 14
41 4 8.10972e-01 -3.66537e-03 2.10000e-03 -4.46679e-03 14 14 0 262.08268 2 14 14
41 4 8.10924e-01 -5.77717e-03 3.31000e-03 -4.46340e-03 14 14 0 262.07696 2 14 14
41 4 8.10845e-01 -8.09994e-03 4.64100e-03 -4.45792e-03 14 14 0 262.06770 2 14 14
41 4 8.10729e-01 -1.06546e-02 6.10510e-03 -4.44977e-03 14 14 0 262.05389 2 14 14
41 4 8.10564e-01 -1.34642e-02 7.71561e-03 -4.43825e-03 14 14 0 262.03428 2 14 14
41 4 8.10338e-01 -1.65538e-02 9.48717e-03 -4.42247e-03 14 14 0 262.00728 2 14 14
41 4 8.10036e-01 -1.99510e-02 1.14359e-02 -4.40135e-03 14 14 0 261.97089 2 14 14
41 4 8.09638e-01 -2.36860e-02 1.35795e-02 -4.37359e-03 14 14 0 261.92257 2 14 14
41 4 8.09122e-01 -2.77917e-02 1.59374e-02 -4.33755e-03 14 14 0 261.85904 2 14 14
41 4 8.08459e-01 -3.23040e-02 1.85312e-02 -4.29126e-03 14 14 0 261.77612 2 14 14
41 4 8.07614e-01 -3.72619e-02 2.13843e-02 -4.23230e-03 14 14 0 261.66830 2 14 14
41 4 8.06544e-01 -4.27079e-02 2.45227e-02 -4.15770e-03 14 14 0 261.52837 2 14 14
41 4 8.05197e-01 -4.86878e-02 2.79750e-02 -4.06386e-03 14 14 0 261.34667 2 14 14
41 4 8.03509e-01 -5.52509e-02 3.17725e-02 -3.94638e-03 14 14 0 261.11019 2 14 14
41 4 8.01401e-01 -6.24503e-02 3.59497e-02 -3.79986e-03 14 14 0 260.80105 2 14 14
42 4 8.12586e-01 -1.50407e-03 1.00000e-03 -3.17959e-03 16 16 0 349.30996 8 16 16
42 4 8.12562e-01 -3.15856e-03 2.10000e-03 -3.17816e-03 16 16 0 349.30533 8 16 16
42 4 8.12516e-01 -4.97852e-03 3.31000e-03 -3.17542e-03 16 16 0 349.29642 8 16 16
42 4 8.12441e-01 -6.98054e-03 4.64100e-03 -3.17099e-03 16 16 0 349.28200 8 16 16
42 4 8.12330e-01 -9.18284e-03 6.10510e-03 -3.16441e-03 16 16 0 349.26048 8 16 16
42 4 8.12174e-01 -1.16055e-02 7.71561e-03 -3.15509e-03 16 16 0 349.22992 8 16 16
42 4 8.11960e-01 -1.42707e-02 9.48717e-03 -3.14234e-03 16 16 0 349.18783 8 16 16
42 4 8.11673e-01 -1.72027e-02 1.14359e-02 -3.12527e-03 16 16 0 349.13107 8 16 16
42 4 8.11295e-01 -2.04284e-02 1.35795e-02 -3.10283e-03 16 16 0 349.05564 8 16 16
42 4 8.10805e-01 -2.39773e-02 1.59374e-02 -3.07369e-03 16 16 0 348.95640 8 16 16
42 4 8.10174e-01 -2.78820e-02 1.85312e-02 -3.03625e-03 16 16 0 348.82671 8 16 16
42 4 8.09371e-01 -3.21786e-02 2.13843e-02 -2.98855e-03 16 16 0 348.65785 8 16 16
42 4 8.08353e-01 -3.69067e-02 2.45227e-02 -2.92818e-03 16 16 0 348.43830 8 16 16
42 4 8.07071e-01 -4.21102e-02 2.79750e-02 -2.85220e-03 16 16 0 348.15260 8 16 16
42 4 8.05462e-01 -4.78376e-02 3.17725e-02 -2.75700e-03 16 16 0 347.77974 8 16 16
43 4 8.14949e-01 -1.60502e-03 1.00000e-03 -1.25634e-03 23 23 0 761.82965 7 23 23
43 4 8.14924e-01 -3.37055e-03 2.10000e-03 -1.25543e-03 23 23 0 761.81532 7 23 23
43 4 8.14875e-01 -5.31267e-03 3.31000e-03 -1.25367e-03 23 23 0 761.78776 7 23 23
43 4 8.14797e-01 -7.44908e-03 4.64100e-03 -1.25083e-03 23 23 0 761.74307 7 23 23
43 4 8.14681e-01 -9.79924e-03 6.10510e-03 -1.24660e-03 23 23 0 761.67629 7 23 23
43 4 8.14516e-01 -1.23846e-02 7.71561e-03 -1.24062e-03 23 23 0 761.58113 7 23 23
43 4 8.14291e-01 -1.52288e-02 9.48717e-03 -1.23243e-03 23 23 0 761.44953 7 23 23
43 4 8.13990e-01 -1.83579e-02 1.14359e-02 -1.22147e-03 23 23 0 761.27109 7 23 23
43 4 8.13593e-01 -2.18005e-02 1.35795e-02 -1.20706e-03 23 23 0 761.03226 7 23 23
43 4 8.13078e-01 -2.55883e-02 1.59374e-02 -1.18835e-03 23 23 0 760.71516 7 23 23
43 4 8.12415e-01 -2.97560e-02 1.85312e-02 -1.16432e-03 23 23 0 760.29592 7 23 23
