25 157 9.77213e-02 -1.59609e-03 1.00000e-03 -3.28552e-01 10 10 0 31.08071 10 10 10
25 157 9.77194e-02 -3.35177e-03 2.10000e-03 -3.28531e-01 10 10 0 31.08097 10 10 10
25 157 9.77159e-02 -5.28302e-03 3.31000e-03 -3.28490e-01 10 10 0 31.08147 10 10 10
25 157 9.77103e-02 -7.40737e-03 4.64100e-03 -3.28425e-01 10 10 0 31.08228 10 10 10
25 157 9.77019e-02 -9.74411e-03 6.10510e-03 -3.28327e-01 10 10 0 31.08347 10 10 10
25 157 9.76899e-02 -1.23145e-02 7.71561e-03 -3.28188e-01 10 10 0 31.08517 10 10 10
25 157 9.76736e-02 -1.51418e-02 9.48717e-03 -3.27999e-01 10 10 0 31.08749 10 10 10
25 157 9.76518e-02 -1.82516e-02 1.14359e-02 -3.27745e-01 10 10 0 31.09059 10 10 10
25 157 9.76231e-02 -2.16723e-02 1.35795e-02 -3.27411e-01 10 10 0 31.09467 10 10 10
25 157 9.75858e-02 -2.54348e-02 1.59374e-02 -3.26978e-01 10 10 0 31.09998 10 10 10
25 157 9.75379e-02 -2.95730e-02 1.85312e-02 -3.26422e-01 10 10 0 31.10680 10 10 10
25 157 9.74768e-02 -3.41245e-02 2.13843e-02 -3.25714e-01 10 10 0 31.11549 10 10 10
25 157 9.73994e-02 -3.91303e-02 2.45227e-02 -3.24818e-01 10 10 0 31.12651 10 10 10
25 157 9.73019e-02 -4.46356e-02 2.79750e-02 -3.23690e-01 10 10 0 31.14039 10 10 10
25 157 9.71797e-02 -5.06898e-02 3.17725e-02 -3.22279e-01 10 10 0 31.15781 10 10 10
25 157 9.70270e-02 -5.73472e-02 3.59497e-02 -3.20520e-01 10 10 0 31.17959 10 10 10
25 157 9.68367e-02 -6.46673e-02 4.05447e-02 -3.18334e-01 10 10 0 31.20673 10 10 10
25 157 9.66002e-02 -7.27154e-02 4.55992e-02 -3.15627e-01 10 10 0 31.24050 10 10 10
25 157 9.63069e-02 -8.15625e-02 5.11591e-02 -3.12283e-01 10 10 0 31.28244 10 10 10
25 157 9.59433e-02 -9.12866e-02 5.72750e-02 -3.08162e-01 10 10 0 31.33448 10 10 10
25 157 9.54932e-02 -1.01972e-01 6.40025e-02 -3.03093e-01 10 10 0 31.39902 10 10 10
25 157 9.49360e-02 -1.13712e-01 7.14028e-02 -2.96870e-01 10 10 0 31.47906 10 10 10
25 157 8.49345e-02 -1.26614e-01 7.95430e-02 -2.90075e-01 9 9 0 28.39153 9 9 9
26 157 1.07329e-01 -1.59598e-03 1.00000e-03 -3.27567e-01 11 11 0 34.22765 11 11 11
26 157 1.07327e-01 -3.35155e-03 2.10000e-03 -3.27546e-01 11 11 0 34.22793 11 11 11
26 157 1.07323e-01 -5.28266e-03 3.31000e-03 -3.27505e-01 11 11 0 34.22848 11 11 11
26 157 1.07317e-01 -7.40686e-03 4.64100e-03 -3.27440e-01 11 11 0 34.22937 11 11 11
26 157 1.07308e-01 -9.74345e-03 6.10510e-03 -3.27342e-01 11 11 0 34.23068 11 11 11
26 157 1.07295e-01 -1.23136e-02 7.71561e-03 -3.27204e-01 11 11 0 34.23255 11 11 11
26 157 1.07277e-01 -1.51407e-02 9.48717e-03 -3.27015e-01 11 11 0 34.23510 11 11 11
26 157 1.07253e-01 -1.82504e-02 1.14359e-02 -3.26761e-01 11 11 0 34.23852 11 11 11
26 157 1.07221e-01 -2.16708e-02 1.35795e-02 -3.26428e-01 11 11 0 34.24301 11 11 11
26 157 1.07180e-01 -2.54330e-02 1.59374e-02 -3.25996e-01 11 11 0 34.24885 11 11 11
26 157 1.07128e-01 -2.95710e-02 1.85312e-02 -3.25441e-01 11 11 0 34.25636 11 11 11
26 157 1.07061e-01 -3.41222e-02 2.13843e-02 -3.24734e-01 11 11 0 34.26593 11 11 11
26 157 1.06976e-01 -3.91277e-02 2.45227e-02 -3.23839e-01 11 11 0 34.27806 11 11 11
26 157 1.06869e-01 -4.46326e-02 2.79750e-02 -3.22714e-01 11 11 0 34.29334 11 11 11
26 157 1.06735e-01 -5.06863e-02 3.17725e-02 -3.21305e-01 11 11 0 34.31251 11 11 11
26 157 1.06568e-01 -5.73433e-02 3.59497e-02 -3.19549e-01 11 11 0 34.33648 11 11 11
26 157 1.06359e-01 -6.46630e-02 4.05447e-02 -3.17367e-01 11 11 0 34.36636 11 11 11
26 157 1.06100e-01 -7.27104e-02 4.55992e-02 -3.14665e-01 11 11 0 34.40352 11 11 11
27 157 1.16890e-01 -1.59586e-03 1.00000e-03 -3.26495e-01 12 12 0 37.38558 12 12 12
27 157 1.16888e-01 -3.35130e-03 2.10000e-03 -3.26474e-01 12 12 0 37.38589 12 12 12
27 157 1.16884e-01 -5.28227e-03 3.31000e-03 -3.26434e-01 12 12 0 37.38649 12 12 12
27 157 1.16877e-01 -7.40632e-03 4.64100e-03 -3.26368e-01 12 12 0 37.38746 12 12 12
27 157 1.16867e-01 -9.74273e-03 6.10510e-03 -3.26271e-01 12 12 0 37.38890 12 12 12
27 157 1.16853e-01 -1.23127e-02 7.71561e-03 -3.26133e-01 12 12 0 37.39093 12 12 12
27 157 1.16834e-01 -1.51396e-02 9.48717e-03 -3.25944e-01 12 12 0 37.39372 12 12 12
27 157 1.16808e-01 -1.82491e-02 1.14359e-02 -3.25691e-01 12 12 0 37.39745 12 12 12
27 157 1.16773e-01 -2.16692e-02 1.35795e-02 -3.25359e-01 12 12 0 37.40236 12 12 12
27 157 1.16729e-01 -2.54311e-02 1.59374e-02 -3.24927e-01 12 12 0 37.40873 12 12 12
27 157 1.16672e-01 -2.95688e-02 1.85312e-02 -3.24373e-01 12 12 0 37.41693 12 12 12
27 157 1.16599e-01 -3.41197e-02 2.13843e-02 -3.23667e-01 12 12 0 37.42738 12 12 12
27 157 1.16507e-01 -3.91248e-02 2.45227e-02 -3.22774e-01 12 12 0 37.44061 12 12 12
27 157 1.16391e-01 -4.46293e-02 2.79750e-02 -3.21651e-01 12 12 0 37.45730 12 12 12
27 157 1.16245e-01 -5.06826e-02 3.17725e-02 -3.20245e-01 12 12 0 37.47823 12 12 12
27 157 1.16063e-01 -5.73391e-02 3.59497e-02 -3.18492e-01 12 12 0 37.50439 12 12 12
27 157 1.15836e-01 -6.46582e-02 4.05447e-02 -3.16315e-01 12 12 0 37.53701 12 12 12
27 157 1.15555e-01 -7.27051e-02 4.55992e-02 -3.13617e-01 12 12 0 37.57759 12 12 12
