21 9 5.22041e-01 -1.58183e-03 1.00000e-03 -1.97064e-01 4 4 0 14.95240 4 4 4
21 9 5.22055e-01 -3.32183e-03 2.10000e-03 -1.97035e-01 4 4 0 14.95292 4 4 4
21 9 5.22083e-01 -5.23582e-03 3.31000e-03 -1.96979e-01 4 4 0 14.95391 4 4 4
21 9 5.22128e-01 -7.34116e-03 4.64100e-03 -1.96890e-01 4 4 0 14.95551 4 4 4
21 9 5.22195e-01 -9.65698e-03 6.10510e-03 -1.96756e-01 4 4 0 14.95789 4 4 4
21 9 5.22290e-01 -1.22043e-02 7.71561e-03 -1.96568e-01 4 4 0 14.96128 4 4 4
21 9 5.22421e-01 -1.50062e-02 9.48717e-03 -1.96309e-01 4 4 0 14.96593 4 4 4
21 9 5.22596e-01 -1.80880e-02 1.14359e-02 -1.95962e-01 4 4 0 14.97220 4 4 4
21 9 5.22828e-01 -2.14778e-02 1.35795e-02 -1.95506e-01 4 4 0 14.98051 4 4 4
21 9 5.23130e-01 -2.52060e-02 1.59374e-02 -1.94913e-01 4 4 0 14.99140 4 4 4
21 9 5.23521e-01 -2.93064e-02 1.85312e-02 -1.94150e-01 4 4 0 15.00559 4 4 4
21 9 5.24022e-01 -3.38159e-02 2.13843e-02 -1.93176e-01 4 4 0 15.02396 4 4 4
21 9 5.24661e-01 -3.87751e-02 2.45227e-02 -1.91940e-01 4 4 0 15.04767 4 4 4
21 9 5.25468e-01 -4.42282e-02 2.79750e-02 -1.90384e-01 4 4 0 15.07822 4 4 4
21 9 5.26479e-01 -5.02239e-02 3.17725e-02 -1.88434e-01 4 4 0 15.11753 4 4 4
21 9 5.27727e-01 -5.68147e-02 3.59497e-02 -1.86009e-01 4 4 0 15.16803 4 4 4
21 9 5.29228e-01 -6.40572e-02 4.05447e-02 -1.83021e-01 4 4 0 15.23252 4 4 4
21 9 5.30950e-01 -7.20106e-02 4.55992e-02 -1.79390e-01 4 4 0 15.31385 4 4 4
21 9 5.32770e-01 -8.07349e-02 5.11591e-02 -1.75066e-01 4 4 0 15.41388 4 4 4
21 9 5.34418e-01 -9.02880e-02 5.72750e-02 -1.70054e-01 4 4 0 15.53185 4 4 4
21 9 5.35481e-01 -1.00726e-01 6.40025e-02 -1.64409e-01 4 4 0 15.66347 4 4 4
21 9 5.35487e-01 -1.12107e-01 7.14028e-02 -1.58185e-01 4 4 0 15.80191 4 4 4
21 9 5.33993e-01 -1.24503e-01 7.95430e-02 -1.51373e-01 4 4 0 15.94051 4 4 4
21 9 5.30618e-01 -1.38000e-01 8.84973e-02 -1.43875e-01 4 4 0 16.07467 4 4 4
21 9 5.24999e-01 -1.52708e-01 9.83471e-02 -1.35501e-01 4 4 0 16.20201 4 4 4
21 9 5.16736e-01 -1.68762e-01 1.09182e-01 -1.25982e-01 4 4 0 16.32152 4 4 4
21 9 5.05326e-01 -1.86328e-01 1.21100e-01 -1.14971e-01 4 4 0 16.43245 4 4 4
22 9 5.93623e-01 1.00753e-02 1.00000e-03 -1.57083e-01 1 1 1 20.74240 1 1 4
22 9 5.93487e-01 2.11580e-02 2.10000e-03 -1.56974e-01 1 1 1 20.74688 1 1 4
22 9 5.93225e-01 3.33488e-02 3.31000e-03 -1.56765e-01 1 1 1 20.75551 1 1 4
22 9 5.92802e-01 4.67589e-02 4.64100e-03 -1.56425e-01 1 1 1 20.76954 1 1 4
22 9 5.92174e-01 6.15130e-02 6.10510e-03 -1.55920e-01 1 1 1 20.79060 1 1 4
22 9 5.91287e-01 7.77537e-02 7.71561e-03 -1.55203e-01 1 1 1 20.82080 1 1 4
22 9 5.90071e-01 9.56535e-02 9.48717e-03 -1.54216e-01 1 1 1 20.86302 1 1 4
22 9 5.88441e-01 1.15451e-01 1.14359e-02 -1.52883e-01 1 1 1 20.92128 1 1 4
22 9 5.86266e-01 1.37604e-01 1.35795e-02 -1.51090e-01 1 1 1 21.00197 1 1 4
22 9 5.83148e-01 1.64461e-01 1.59374e-02 -1.48509e-01 1 1 1 21.12293 1 1 4
23 9 5.93623e-01 1.00753e-02 1.00000e-03 -1.57083e-01 1 1 1 20.74240 1 1 4
23 9 5.93487e-01 2.11580e-02 2.10000e-03 -1.56974e-01 1 1 1 20.74688 1 1 4
23 9 5.93225e-01 3.33488e-02 3.31000e-03 -1.56765e-01 1 1 1 20.75551 1 1 4
23 9 5.92802e-01 4.67589e-02 4.64100e-03 -1.56425e-01 1 1 1 20.76954 1 1 4
23 9 5.92174e-01 6.15130e-02 6.10510e-03 -1.55920e-01 1 1 1 20.79060 1 1 4
23 9 5.91287e-01 7.77537e-02 7.71561e-03 -1.55203e-01 1 1 1 20.82080 1 1 4
23 9 5.90071e-01 9.56535e-02 9.48717e-03 -1.54216e-01 1 1 1 20.86302 1 1 4
23 9 5.88441e-01 1.15451e-01 1.14359e-02 -1.52883e-01 1 1 1 20.92128 1 1 4
23 9 5.86266e-01 1.37604e-01 1.35795e-02 -1.51090e-01 1 1 1 21.00197 1 1 4
23 9 5.83148e-01 1.64461e-01 1.59374e-02 -1.48509e-01 1 1 1 21.12293 1 1 4
24 9 5.97029e-01 -1.58202e-03 1.00000e-03 -1.55105e-01 5 5 0 21.09492 5 5 5
24 9 5.97009e-01 -3.32224e-03 2.10000e-03 -1.55096e-01 5 5 0 21.09512 5 5 5
24 9 5.96970e-01 -5.23646e-03 3.31000e-03 -1.55078e-01 5 5 0 21.09549 5 5 5
24 9 5.96906e-01 -7.34207e-03 4.64100e-03 -1.55050e-01 5 5 0 21.09609 5 5 5
24 9 5.96812e-01 -9.65819e-03 6.10510e-03 -1.55008e-01 5 5 0 21.09698 5 5 5
24 9 5.96679e-01 -1.22058e-02 7.71561e-03 -1.54948e-01 5 5 0 21.09825 5 5 5
24 9 5.96496e-01 -1.50081e-02 9.48717e-03 -1.54867e-01 5 5 0 21.09998 5 5 5
24 9 5.96252e-01 -1.80904e-02 1.14359e-02 -1.54757e-01 5 5 0 21.10230 5 5 5
24 9 5.95931e-01 -2.14807e-02 1.35795e-02 -1.54614e-01 5 5 0 21.10534 5 5 5
24 9 5.95515e-01 -2.52096e-02 1.59374e-02 -1.54427e-01 5 5 0 21.10929 5 5 5
24 9 5.94980e-01 -2.93108e-02 1.85312e-02 -1.54186e-01 5 5 0 21.11435 5 5 5
24 9 5.94299e-01 -3.38214e-02 2.13843e-02 -1.53879e-01 5 5 0 21.12078 5 5 5
24 9 5.93439e-01 -3.87823e-02 2.45227e-02 -1.53490e-01 5 5 0 21.12889 5 5 5
24 9 5.92357e-01 -4.42382e-02 2.79750e-02 -1.52998e-01 5 5 0 21.13907 5 5 5
24 9 5.91004e-01 -5.02389e-02 3.17725e-02 -1.52381e-01 5 5 0 21.15175 5 5 5
24 9 5.89319e-01 -5.68397e-02 3.59497e-02 -1.51607e-01 5 5 0 21.16747 5 5 5
24 9 5.87230e-01 -6.41032e-02 4.05447e-02 -1.50640e-01 5 5 0 21.18685 5 5 5
24 9 5.84646e-01 -7.21018e-02 4.55992e-02 -1.49432e-01 5 5 0 21.21063 5 5 5
24 9 5.81460e-01 -8.09232e-02 5.11591e-02 -1.47925e-01 5 5 0 21.23965 5 5 5
24 9 5.77540e-01 -9.06811e-02 5.72750e-02 -1.46043e-01 5 5 0 21.27484 5 5 5
24 9 5.72725e-01 -1.01537e-01 6.40025e-02 -1.43690e-01 5 5 0 21.31724 5 5 5
24 9 5.66808e-01 -1.13747e-01 7.14028e-02 -1.40737e-01 5 5 0 21.36794 5 5 5
24 9 5.59510e-01 -1.27773e-01 7.95430e-02 -1.37009e-01 5 5 0 21.42812 5 5 5
24 9 5.50404e-01 -1.44557e-01 8.84973e-02 -1.32254e-01 5 5 0 21.49920 5 5 5
24 9 5.38668e-01 -1.66437e-01 9.83471e-02 -1.26041e-01 5 5 0 21.58388 5 5 5
24 9 5.21717e-01 -2.01887e-01 1.09182e-01 -1.17256e-01 5 5 0 21.69316 5 5 5
25 9 5.97029e-01 -1.58202e-03 1.00000e-03 -1.55105e-01 5 5 0 21.09492 5 5 5
25 9 5.97009e-01 -3.32224e-03 2.10000e-03 -1.55096e-01 5 5 0 21.09512 5 5 5
25 9 5.96970e-01 -5.23646e-03 3.31000e-03 -1.55078e-01 5 5 0 21.09549 5 5 5
25 9 5.96906e-01 -7.34207e-03 4.64100e-03 -1.55050e-01 5 5 0 21.09609 5 5 5
25 9 5.96812e-01 -9.65819e-03 6.10510e-03 -1.55008e-01 5 5 0 21.09698 5 5 5
25 9 5.96679e-01 -1.22058e-02 7.71561e-03 -1.54948e-01 5 5 0 21.09825 5 5 5
25 9 5.96496e-01 -1.50081e-02 9.48717e-03 -1.54867e-01 5 5 0 21.09998 5 5 5
25 9 5.96252e-01 -1.80904e-02 1.14359e-02 -1.54757e-01 5 5 0 21.10230 5 5 5
25 9 5.95931e-01 -2.14807e-02 1.35795e-02 -1.54614e-01 5 5 0 21.10534 5 5 5
25 9 5.95515e-01 -2.52096e-02 1.59374e-02 -1.54427e-01 5 5 0 21.10929 5 5 5
25 9 5.94980e-01 -2.93108e-02 1.85312e-02 -1.54186e-01 5 5 0 21.11435 5 5 5
25 9 5.94299e-01 -3.38214e-02 2.13843e-02 -1.53879e-01 5 5 0 21.12078 5 5 5
25 9 5.93439e-01 -3.87823e-02 2.45227e-02 -1.53490e-01 5 5 0 21.12889 5 5 5
25 9 5.92357e-01 -4.42382e-02 2.79750e-02 -1.52998e-01 5 5 0 21.13907 5 5 5
25 9 5.91004e-01 -5.02389e-02 3.17725e-02 -1.52381e-01 5 5 0 21.15175 5 5 5
25 9 5.89319e-01 -5.68397e-02 3.59497e-02 -1.51607e-01 5 5 0 21.16747 5 5 5
25 9 5.87230e-01 -6.41032e-02 4.05447e-02 -1.50640e-01 5 5 0 21.18685 5 5 5
25 9 5.84646e-01 -7.21018e-02 4.55992e-02 -1.49432e-01 5 5 0 21.21063 5 5 5
25 9 5.81460e-01 -8.09232e-02 5.11591e-02 -1.47925e-01 5 5 0 21.23965 5 5 5
25 9 5.77540e-01 -9.06811e-02 5.72750e-02 -1.46043e-01 5 5 0 21.27484 5 5 5
25 9 5.72725e-01 -1.01537e-01 6.40025e-02 -1.43690e-01 5 5 0 21.31724 5 5 5
25 9 5.66808e-01 -1.13747e-01 7.14028e-02 -1.40737e-01 5 5 0 21.36794 5 5 5
25 9 5.59510e-01 -1.27773e-01 7.95430e-02 -1.37009e-01 5 5 0 21.42812 5 5 5
25 9 5.50404e-01 -1.44557e-01 8.84973e-02 -1.32254e-01 5 5 0 21.49920 5 5 5
25 9 5.38668e-01 -1.66437e-01 9.83471e-02 -1.26041e-01 5 5 0 21.58388 5 5 5
25 9 5.21717e-01 -2.01887e-01 1.09182e-01 -1.17256e-01 5 5 0 21.69316 5 5 5
26 9 6.43141e-01 -1.59734e-03 1.00000e-03 -1.26512e-01 6 6 0 27.14736 6 6 6
26 9 6.43123e-01 -3.35442e-03 2.10000e-03 -1.26502e-01 6 6 0 27.14748 6 6 6
26 9 6.43088e-01 -5.28722e-03 3.31000e-03 -1.26483e-01 6 6 0 27.14770 6 6 6
26 9 6.43032e-01 -7.41332e-03 4.64100e-03 -1.26453e-01 6 6 0 27.14806 6 6 6
26 9 6.42949e-01 -9.75207e-03 6.10510e-03 -1.26408e-01 6 6 0 27.14859 6 6 6
26 9 6.42831e-01 -1.23248e-02 7.71561e-03 -1.26344e-01 6 6 0 27.14935 6 6 6
26 9 6.42669e-01 -1.51548e-02 9.48717e-03 -1.26257e-01 6 6 0 27.15038 6 6 6
26 9 6.42453e-01 -1.82680e-02 1.14359e-02 -1.26140e-01 6 6 0 27.15177 6 6 6
26 9 6.42169e-01 -2.16926e-02 1.35795e-02 -1.25986e-01 6 6 0 27.15359 6 6 6
26 9 6.41799e-01 -2.54600e-02 1.59374e-02 -1.25786e-01 6 6 0 27.15596 6 6 6
26 9 6.41324e-01 -2.96046e-02 1.85312e-02 -1.25530e-01 6 6 0 27.15900 6 6 6
26 9 6.40718e-01 -3.41642e-02 2.13843e-02 -1.25203e-01 6 6 0 27.16288 6 6 6
26 9 6.39951e-01 -3.91805e-02 2.45227e-02 -1.24790e-01 6 6 0 27.16778 6 6 6
26 9 6.38985e-01 -4.46995e-02 2.79750e-02 -1.24270e-01 6 6 0 27.17397 6 6 6
26 9 6.37773e-01 -5.07720e-02 3.17725e-02 -1.23620e-01 6 6 0 27.18171 6 6 6
26 9 6.36258e-01 -5.74539e-02 3.59497e-02 -1.22809e-01 6 6 0 27.19139 6 6 6
26 9 6.34371e-01 -6.48070e-02 4.05447e-02 -1.21801e-01 6 6 0 27.20345 6 6 6
26 9 6.32024e-01 -7.28996e-02 4.55992e-02 -1.20552e-01 6 6 0 27.21842 6 6 6
26 9 6.29112e-01 -8.18075e-02 5.11591e-02 -1.19010e-01 6 6 0 27.23699 6 6 6
26 9 6.25501e-01 -9.16145e-02 5.72750e-02 -1.17109e-01 6 6 0 27.25999 6 6 6
26 9 6.21028e-01 -1.02414e-01 6.40025e-02 -1.14770e-01 6 6 0 27.28847 6 6 6
26 9 6.15486e-01 -1.14311e-01 7.14028e-02 -1.11896e-01 6 6 0 27.32376 6 6 6
26 9 6.08617e-01 -1.27423e-01 7.95430e-02 -1.08372e-01 6 6 0 27.36752 6 6 6
26 9 6.00090e-01 -1.41882e-01 8.84973e-02 -1.04055e-01 6 6 0 27.42195 6 6 6
26 9 5.89484e-01 -1.57841e-01 9.83471e-02 -9.87702e-02 6 6 0 27.48997 6 6 6
26 9 5.76248e-01 -1.75478e-01 1.09182e-01 -9.23029e-02 6 6 0 27.57554 6 6 6
26 9 5.59660e-01 -1.95000e-01 1.21100e-01 -8.43853e-02 6 6 0 27.68420 6 6 6
26 9 5.38752e-01 -2.16654e-01 1.34210e-01 -7.46754e-02 6 6 0 27.82358 6 6 6
