10 79 1.95583e-02 -1.59659e-03 1.00000e-03 -3.33136e-01 1 1 0 3.09182 1 1 1
10 79 1.95580e-02 -3.35283e-03 2.10000e-03 -3.33114e-01 1 1 0 3.09185 1 1 1
10 79 1.95573e-02 -5.28468e-03 3.31000e-03 -3.33073e-01 1 1 0 3.09190 1 1 1
10 79 1.95561e-02 -7.40970e-03 4.64100e-03 -3.33007e-01 1 1 0 3.09198 1 1 1
10 79 1.95544e-02 -9.74718e-03 6.10510e-03 -3.32908e-01 1 1 0 3.09209 1 1 1
10 79 1.95520e-02 -1.23183e-02 7.71561e-03 -3.32769e-01 1 1 0 3.09226 1 1 1
10 79 1.95487e-02 -1.51465e-02 9.48717e-03 -3.32578e-01 1 1 0 3.09249 1 1 1
10 79 1.95443e-02 -1.82574e-02 1.14359e-02 -3.32322e-01 1 1 0 3.09280 1 1 1
10 79 1.95385e-02 -2.16791e-02 1.35795e-02 -3.31985e-01 1 1 0 3.09321 1 1 1
10 79 1.95310e-02 -2.54428e-02 1.59374e-02 -3.31549e-01 1 1 0 3.09374 1 1 1
10 79 1.95213e-02 -2.95823e-02 1.85312e-02 -3.30988e-01 1 1 0 3.09442 1 1 1
10 79 1.95090e-02 -3.41352e-02 2.13843e-02 -3.30274e-01 1 1 0 3.09529 1 1 1
10 79 1.94934e-02 -3.91426e-02 2.45227e-02 -3.29370e-01 1 1 0 3.09639 1 1 1
10 79 1.94737e-02 -4.46496e-02 2.79750e-02 -3.28234e-01 1 1 0 3.09777 1 1 1
10 79 1.94490e-02 -5.07057e-02 3.17725e-02 -3.26811e-01 1 1 0 3.09951 1 1 1
10 79 1.94182e-02 -5.73652e-02 3.59497e-02 -3.25038e-01 1 1 0 3.10168 1 1 1
11 79 3.90824e-02 -1.59653e-03 1.00000e-03 -3.32563e-01 2 2 0 6.18767 2 2 2
11 79 3.90816e-02 -3.35270e-03 2.10000e-03 -3.32542e-01 2 2 0 6.18772 2 2 2
11 79 3.90802e-02 -5.28448e-03 3.31000e-03 -3.32501e-01 2 2 0 6.18782 2 2 2
11 79 3.90779e-02 -7.40941e-03 4.64100e-03 -3.32435e-01 2 2 0 6.18798 2 2 2
11 79 3.90745e-02 -9.74679e-03 6.10510e-03 -3.32336e-01 2 2 0 6.18822 2 2 2
11 79 3.90697e-02 -1.23179e-02 7.71561e-03 -3.32197e-01 2 2 0 6.18855 2 2 2
11 79 3.90632e-02 -1.51459e-02 9.48717e-03 -3.32006e-01 2 2 0 6.18902 2 2 2
11 79 3.90544e-02 -1.82567e-02 1.14359e-02 -3.31750e-01 2 2 0 6.18964 2 2 2
11 79 3.90428e-02 -2.16783e-02 1.35795e-02 -3.31414e-01 2 2 0 6.19045 2 2 2
11 79 3.90278e-02 -2.54418e-02 1.59374e-02 -3.30978e-01 2 2 0 6.19151 2 2 2
11 79 3.90085e-02 -2.95812e-02 1.85312e-02 -3.30418e-01 2 2 0 6.19287 2 2 2
11 79 3.89839e-02 -3.41339e-02 2.13843e-02 -3.29704e-01 2 2 0 6.19460 2 2 2
11 79 3.89527e-02 -3.91411e-02 2.45227e-02 -3.28802e-01 2 2 0 6.19680 2 2 2
11 79 3.89134e-02 -4.46479e-02 2.79750e-02 -3.27666e-01 2 2 0 6.19957 2 2 2
11 79 3.88642e-02 -5.07037e-02 3.17725e-02 -3.26245e-01 2 2 0 6.20305 2 2 2
11 79 3.88027e-02 -5.73630e-02 3.59497e-02 -3.24473e-01 2 2 0 6.20739 2 2 2
12 79 5.85381e-02 -1.59642e-03 1.00000e-03 -3.31614e-01 3 3 0 9.29155 3 3 3
12 79 5.85370e-02 -3.35248e-03 2.10000e-03 -3.31592e-01 3 3 0 9.29163 3 3 3
12 79 5.85348e-02 -5.28413e-03 3.31000e-03 -3.31551e-01 3 3 0 9.29177 3 3 3
12 79 5.85314e-02 -7.40893e-03 4.64100e-03 -3.31485e-01 3 3 0 9.29202 3 3 3
12 79 5.85264e-02 -9.74616e-03 6.10510e-03 -3.31387e-01 3 3 0 9.29237 3 3 3
12 79 5.85192e-02 -1.23171e-02 7.71561e-03 -3.31248e-01 3 3 0 9.29288 3 3 3
12 79 5.85094e-02 -1.51449e-02 9.48717e-03 -3.31057e-01 3 3 0 9.29358 3 3 3
12 79 5.84962e-02 -1.82555e-02 1.14359e-02 -3.30802e-01 3 3 0 9.29451 3 3 3
12 79 5.84789e-02 -2.16769e-02 1.35795e-02 -3.30466e-01 3 3 0 9.29573 3 3 3
12 79 5.84565e-02 -2.54401e-02 1.59374e-02 -3.30031e-01 3 3 0 9.29732 3 3 3
12 79 5.84276e-02 -2.95792e-02 1.85312e-02 -3.29472e-01 3 3 0 9.29936 3 3 3
12 79 5.83908e-02 -3.41317e-02 2.13843e-02 -3.28760e-01 3 3 0 9.30196 3 3 3
12 79 5.83442e-02 -3.91386e-02 2.45227e-02 -3.27859e-01 3 3 0 9.30526 3 3 3
12 79 5.82854e-02 -4.46450e-02 2.79750e-02 -3.26725e-01 3 3 0 9.30942 3 3 3
12 79 5.82118e-02 -5.07004e-02 3.17725e-02 -3.25306e-01 3 3 0 9.31463 3 3 3
12 79 5.81198e-02 -5.73592e-02 3.59497e-02 -3.23537e-01 3 3 0 9.32115 3 3 3
12 79 5.80052e-02 -6.46809e-02 4.05447e-02 -3.21340e-01 3 3 0 9.32928 3 3 3
12 79 5.78628e-02 -7.27306e-02 4.55992e-02 -3.18618e-01 3 3 0 9.33940 3 3 3
