40 55 3.32971e-01 -1.59037e-03 1.00000e-03 -2.77892e-01 13 13 0 43.04052 13 13 13
40 55 3.32966e-01 -3.33978e-03 2.10000e-03 -2.77873e-01 13 13 0 43.04088 13 13 13
40 55 3.32955e-01 -5.26411e-03 3.31000e-03 -2.77835e-01 13 13 0 43.04158 13 13 13
40 55 3.32939e-01 -7.38085e-03 4.64100e-03 -2.77774e-01 13 13 0 43.04271 13 13 13
40 55 3.32914e-01 -9.70923e-03 6.10510e-03 -2.77684e-01 13 13 0 43.04438 13 13 13
40 55 3.32879e-01 -1.22704e-02 7.71561e-03 -2.77556e-01 13 13 0 43.04675 13 13 13
40 55 3.32830e-01 -1.50875e-02 9.48717e-03 -2.77381e-01 13 13 0 43.04999 13 13 13
40 55 3.32766e-01 -1.81863e-02 1.14359e-02 -2.77147e-01 13 13 0 43.05433 13 13 13
40 55 3.32681e-01 -2.15947e-02 1.35795e-02 -2.76840e-01 13 13 0 43.06003 13 13 13
40 55 3.32570e-01 -2.53436e-02 1.59374e-02 -2.76441e-01 13 13 0 43.06744 13 13 13
40 55 3.32428e-01 -2.94671e-02 1.85312e-02 -2.75928e-01 13 13 0 43.07697 13 13 13
40 55 3.32246e-01 -3.40022e-02 2.13843e-02 -2.75275e-01 13 13 0 43.08911 13 13 13
40 55 3.32014e-01 -3.89901e-02 2.45227e-02 -2.74450e-01 13 13 0 43.10449 13 13 13
40 55 3.31721e-01 -4.44755e-02 2.79750e-02 -2.73412e-01 13 13 0 43.12386 13 13 13
40 55 3.31352e-01 -5.05079e-02 3.17725e-02 -2.72113e-01 13 13 0 43.14815 13 13 13
40 55 3.30887e-01 -5.71413e-02 3.59497e-02 -2.70496e-01 13 13 0 43.17849 13 13 13
40 55 3.30303e-01 -6.44350e-02 4.05447e-02 -2.68488e-01 13 13 0 43.21629 13 13 13
40 55 3.29568e-01 -7.24538e-02 4.55992e-02 -2.66005e-01 13 13 0 43.26325 13 13 13
40 55 3.28644e-01 -8.12689e-02 5.11591e-02 -2.62941e-01 13 13 0 43.32151 13 13 13
40 55 3.27478e-01 -9.09576e-02 5.72750e-02 -2.59173e-01 13 13 0 43.39368 13 13 13
40 55 3.26004e-01 -1.01605e-01 6.40025e-02 -2.54551e-01 13 13 0 43.48303 13 13 13
40 55 3.24127e-01 -1.13302e-01 7.14028e-02 -2.48894e-01 13 13 0 43.59365 13 13 13
40 55 3.21720e-01 -1.26149e-01 7.95430e-02 -2.41989e-01 13 13 0 43.73068 13 13 13
40 55 3.18602e-01 -1.40254e-01 8.84973e-02 -2.33585e-01 13 13 0 43.90071 13 13 13
40 55 3.14502e-01 -1.55734e-01 9.83471e-02 -2.23390e-01 13 13 0 44.11228 13 13 13
40 55 3.09014e-01 -1.72713e-01 1.09182e-01 -2.11070e-01 13 13 0 44.37674 13 13 13
40 55 3.01517e-01 -1.91327e-01 1.21100e-01 -1.96248e-01 13 13 0 44.70954 13 13 13
41 55 3.53195e-01 6.93331e-03 1.00000e-03 -2.70931e-01 3 3 1 46.69109 3 3 4
41 55 3.53158e-01 1.45604e-02 2.10000e-03 -2.70845e-01 3 3 1 46.69621 3 3 4
41 55 3.53087e-01 2.29512e-02 3.31000e-03 -2.70680e-01 3 3 1 46.70603 3 3 4
41 55 3.52972e-01 3.21830e-02 4.64100e-03 -2.70413e-01 3 3 1 46.72196 3 3 4
41 55 3.52801e-01 4.23415e-02 6.10510e-03 -2.70016e-01 3 3 1 46.74571 3 3 4
41 55 3.52560e-01 5.35213e-02 7.71561e-03 -2.69454e-01 3 3 1 46.77950 3 3 4
41 55 3.52230e-01 6.58277e-02 9.48717e-03 -2.68684e-01 3 3 1 46.82611 3 3 4
41 55 3.51789e-01 7.93779e-02 1.14359e-02 -2.67651e-01 3 3 1 46.88908 3 3 4
41 55 3.51210e-01 9.43033e-02 1.35795e-02 -2.66291e-01 3 3 1 46.97302 3 3 4
41 55 3.50461e-01 1.10752e-01 1.59374e-02 -2.64519e-01 3 3 1 47.08393 3 3 4
41 55 3.49501e-01 1.28892e-01 1.85312e-02 -2.62234e-01 3 3 1 47.22979 3 3 4
41 55 3.48286e-01 1.48917e-01 2.13843e-02 -2.59307e-01 3 3 1 47.42141 3 3 4
41 55 3.46757e-01 1.71058e-01 2.45227e-02 -2.55576e-01 3 3 1 47.67392 3 3 4
41 55 3.44851e-01 1.95594e-01 2.79750e-02 -2.50831e-01 3 3 1 48.00922 3 3 4
41 55 3.42492e-01 2.22888e-01 3.17725e-02 -2.44796e-01 3 3 1 48.46068 3 3 4
41 55 3.39600e-01 2.53466e-01 3.59497e-02 -2.37085e-01 3 3 1 49.08311 3 3 4
41 55 3.36082e-01 2.88313e-01 4.05447e-02 -2.27076e-01 3 3 1 49.97981 3 3 4
41 55 3.31568e-01 3.32440e-01 4.55992e-02 -2.12710e-01 3 3 1 51.48541 3 3 8
42 55 3.53841e-01 -1.58955e-03 1.00000e-03 -2.70725e-01 14 14 0 46.80826 14 14 14
42 55 3.53835e-01 -3.33805e-03 2.10000e-03 -2.70706e-01 14 14 0 46.80866 14 14 14
42 55 3.53825e-01 -5.26138e-03 3.31000e-03 -2.70669e-01 14 14 0 46.80942 14 14 14
42 55 3.53808e-01 -7.37703e-03 4.64100e-03 -2.70608e-01 14 14 0 46.81066 14 14 14
42 55 3.53782e-01 -9.70420e-03 6.10510e-03 -2.70519e-01 14 14 0 46.81250 14 14 14
42 55 3.53746e-01 -1.22640e-02 7.71561e-03 -2.70392e-01 14 14 0 46.81511 14 14 14
42 55 3.53697e-01 -1.50797e-02 9.48717e-03 -2.70219e-01 14 14 0 46.81868 14 14 14
42 55 3.53632e-01 -1.81768e-02 1.14359e-02 -2.69986e-01 14 14 0 46.82346 14 14 14
42 55 3.53547e-01 -2.15835e-02 1.35795e-02 -2.69681e-01 14 14 0 46.82975 14 14 14
42 55 3.53436e-01 -2.53304e-02 1.59374e-02 -2.69284e-01 14 14 0 46.83793 14 14 14
42 55 3.53295e-01 -2.94517e-02 1.85312e-02 -2.68774e-01 14 14 0 46.84845 14 14 14
42 55 3.53117e-01 -3.39844e-02 2.13843e-02 -2.68124e-01 14 14 0 46.86189 14 14 14
42 55 3.52894e-01 -3.89695e-02 2.45227e-02 -2.67300e-01 14 14 0 46.87893 14 14 14
42 55 3.52618e-01 -4.44520e-02 2.79750e-02 -2.66263e-01 14 14 0 46.90045 14 14 14
42 55 3.52279e-01 -5.04810e-02 3.17725e-02 -2.64961e-01 14 14 0 46.92752 14 14 14
42 55 3.51867e-01 -5.71105e-02 3.59497e-02 -2.63335e-01 14 14 0 46.96148 14 14 14
42 55 3.51373e-01 -6.43998e-02 4.05447e-02 -2.61309e-01 14 14 0 47.00403 14 14 14
42 55 3.50788e-01 -7.24135e-02 4.55992e-02 -2.58789e-01 14 14 0 47.05732 14 14 14
42 55 3.50113e-01 -8.12225e-02 5.11591e-02 -2.55659e-01 14 14 0 47.12412 14 14 14
42 55 3.49356e-01 -9.09037e-02 5.72750e-02 -2.51775e-01 14 14 0 47.20811 14 14 14
42 55 3.48550e-01 -1.01541e-01 6.40025e-02 -2.46953e-01 14 14 0 47.31422 14 14 14
42 55 3.47754e-01 -1.13225e-01 7.14028e-02 -2.40965e-01 14 14 0 47.44909 14 14 14
43 55 3.73874e-01 -1.58871e-03 1.00000e-03 -2.63436e-01 15 15 0 50.66705 15 15 15
43 55 3.73869e-01 -3.33629e-03 2.10000e-03 -2.63417e-01 15 15 0 50.66749 15 15 15
43 55 3.73858e-01 -5.25861e-03 3.31000e-03 -2.63380e-01 15 15 0 50.66833 15 15 15
43 55 3.73841e-01 -7.37314e-03 4.64100e-03 -2.63320e-01 15 15 0 50.66969 15 15 15
43 55 3.73815e-01 -9.69907e-03 6.10510e-03 -2.63231e-01 15 15 0 50.67172 15 15 15
43 55 3.73779e-01 -1.22575e-02 7.71561e-03 -2.63105e-01 15 15 0 50.67459 15 15 15
43 55 3.73729e-01 -1.50717e-02 9.48717e-03 -2.62933e-01 15 15 0 50.67852 15 15 15
43 55 3.73662e-01 -1.81672e-02 1.14359e-02 -2.62703e-01 15 15 0 50.68377 15 15 15
43 55 3.73575e-01 -2.15720e-02 1.35795e-02 -2.62400e-01 15 15 0 50.69069 15 15 15
43 55 3.73461e-01 -2.53169e-02 1.59374e-02 -2.62006e-01 15 15 0 50.69968 15 15 15
43 55 3.73315e-01 -2.94359e-02 1.85312e-02 -2.61501e-01 15 15 0 50.71123 15 15 15
43 55 3.73129e-01 -3.39660e-02 2.13843e-02 -2.60857e-01 15 15 0 50.72597 15 15 15
43 55 3.72895e-01 -3.89483e-02 2.45227e-02 -2.60043e-01 15 15 0 50.74465 15 15 15
43 55 3.72600e-01 -4.44275e-02 2.79750e-02 -2.59018e-01 15 15 0 50.76819 15 15 15
43 55 3.72232e-01 -5.04529e-02 3.17725e-02 -2.57735e-01 15 15 0 50.79775 15 15 15
43 55 3.71775e-01 -5.70783e-02 3.59497e-02 -2.56134e-01 15 15 0 50.83472 15 15 15
43 55 3.71209e-01 -6.43628e-02 4.05447e-02 -2.54145e-01 15 15 0 50.88086 15 15 15
43 55 3.70511e-01 -7.23711e-02 4.55992e-02 -2.51679e-01 15 15 0 50.93831 15 15 15
43 55 3.69654e-01 -8.11738e-02 5.11591e-02 -2.48631e-01 15 15 0 51.00976 15 15 15
43 55 3.68606e-01 -9.08479e-02 5.72750e-02 -2.44869e-01 15 15 0 51.09857 15 15 15
43 55 3.67331e-01 -1.01477e-01 6.40025e-02 -2.40237e-01 15 15 0 51.20899 15 15 15
43 55 3.65789e-01 -1.13152e-01 7.14028e-02 -2.34539e-01 15 15 0 51.34637 15 15 15
43 55 3.63938e-01 -1.25971e-01 7.95430e-02 -2.27538e-01 15 15 0 51.51766 15 15 15
43 55 3.61741e-01 -1.40037e-01 8.84973e-02 -2.18941e-01 15 15 0 51.73192 15 15 15
43 55 3.59179e-01 -1.55462e-01 9.83471e-02 -2.08384e-01 15 15 0 52.00128 15 15 15
43 55 3.56281e-01 -1.72356e-01 1.09182e-01 -1.95409e-01 15 15 0 52.34248 15 15 15
