87 111 1.10349e-01 -1.59594e-03 1.00000e-03 -3.27239e-01 8 8 0 24.90229 8 8 8
87 111 1.10347e-01 -3.35147e-03 2.10000e-03 -3.27217e-01 8 8 0 24.90250 8 8 8
87 111 1.10343e-01 -5.28254e-03 3.31000e-03 -3.27177e-01 8 8 0 24.90290 8 8 8
87 111 1.10337e-01 -7.40670e-03 4.64100e-03 -3.27111e-01 8 8 0 24.90354 8 8 8
87 111 1.10327e-01 -9.74323e-03 6.10510e-03 -3.27013e-01 8 8 0 24.90450 8 8 8
87 111 1.10314e-01 -1.23133e-02 7.71561e-03 -3.26875e-01 8 8 0 24.90586 8 8 8
87 111 1.10295e-01 -1.51404e-02 9.48717e-03 -3.26686e-01 8 8 0 24.90771 8 8 8
87 111 1.10271e-01 -1.82500e-02 1.14359e-02 -3.26433e-01 8 8 0 24.91020 8 8 8
87 111 1.10238e-01 -2.16703e-02 1.35795e-02 -3.26100e-01 8 8 0 24.91347 8 8 8
87 111 1.10196e-01 -2.54324e-02 1.59374e-02 -3.25668e-01 8 8 0 24.91772 8 8 8
87 111 1.10142e-01 -2.95703e-02 1.85312e-02 -3.25113e-01 8 8 0 24.92318 8 8 8
87 111 1.10074e-01 -3.41214e-02 2.13843e-02 -3.24407e-01 8 8 0 24.93014 8 8 8
87 111 1.09986e-01 -3.91268e-02 2.45227e-02 -3.23513e-01 8 8 0 24.93896 8 8 8
87 111 1.09877e-01 -4.46316e-02 2.79750e-02 -3.22388e-01 8 8 0 24.95008 8 8 8
87 111 1.09739e-01 -5.06852e-02 3.17725e-02 -3.20980e-01 8 8 0 24.96402 8 8 8
87 111 1.09567e-01 -5.73420e-02 3.59497e-02 -3.19225e-01 8 8 0 24.98146 8 8 8
87 111 1.09352e-01 -6.46615e-02 4.05447e-02 -3.17044e-01 8 8 0 25.00319 8 8 8
87 111 1.09086e-01 -7.27088e-02 4.55992e-02 -3.14344e-01 8 8 0 25.03023 8 8 8
87 111 1.08756e-01 -8.15552e-02 5.11591e-02 -3.11008e-01 8 8 0 25.06381 8 8 8
87 111 1.08346e-01 -9.12784e-02 5.72750e-02 -3.06896e-01 8 8 0 25.10547 8 8 8
88 111 1.23836e-01 -1.59577e-03 1.00000e-03 -3.25659e-01 9 9 0 28.06640 9 9 9
88 111 1.23834e-01 -3.35111e-03 2.10000e-03 -3.25638e-01 9 9 0 28.06663 9 9 9
88 111 1.23830e-01 -5.28197e-03 3.31000e-03 -3.25598e-01 9 9 0 28.06708 9 9 9
88 111 1.23823e-01 -7.40589e-03 4.64100e-03 -3.25532e-01 9 9 0 28.06781 9 9 9
88 111 1.23812e-01 -9.74216e-03 6.10510e-03 -3.25435e-01 9 9 0 28.06888 9 9 9
88 111 1.23797e-01 -1.23120e-02 7.71561e-03 -3.25297e-01 9 9 0 28.07041 9 9 9
88 111 1.23776e-01 -1.51387e-02 9.48717e-03 -3.25108e-01 9 9 0 28.07250 9 9 9
88 111 1.23749e-01 -1.82480e-02 1.14359e-02 -3.24856e-01 9 9 0 28.07530 9 9 9
88 111 1.23713e-01 -2.16680e-02 1.35795e-02 -3.24524e-01 9 9 0 28.07899 9 9 9
88 111 1.23666e-01 -2.54297e-02 1.59374e-02 -3.24093e-01 9 9 0 28.08377 9 9 9
88 111 1.23605e-01 -2.95671e-02 1.85312e-02 -3.23540e-01 9 9 0 28.08992 9 9 9
88 111 1.23528e-01 -3.41177e-02 2.13843e-02 -3.22835e-01 9 9 0 28.09776 9 9 9
88 111 1.23431e-01 -3.91225e-02 2.45227e-02 -3.21944e-01 9 9 0 28.10769 9 9 9
88 111 1.23308e-01 -4.46267e-02 2.79750e-02 -3.20822e-01 9 9 0 28.12021 9 9 9
88 111 1.23154e-01 -5.06797e-02 3.17725e-02 -3.19418e-01 9 9 0 28.13592 9 9 9
88 111 1.22961e-01 -5.73358e-02 3.59497e-02 -3.17668e-01 9 9 0 28.15555 9 9 9
88 111 1.22722e-01 -6.46545e-02 4.05447e-02 -3.15494e-01 9 9 0 28.18003 9 9 9
88 111 1.22424e-01 -7.27009e-02 4.55992e-02 -3.12800e-01 9 9 0 28.21048 9 9 9
88 111 1.22054e-01 -8.15463e-02 5.11591e-02 -3.09474e-01 9 9 0 28.24830 9 9 9
88 111 1.21595e-01 -9.12685e-02 5.72750e-02 -3.05374e-01 9 9 0 28.29522 9 9 9
88 111 1.07839e-01 -1.01963e-01 6.40025e-02 -3.01839e-01 8 8 0 25.15714 8 8 8
88 111 8.07271e-02 -1.13723e-01 7.14028e-02 -2.98117e-01 6 6 0 18.85894 6 6 6
89 111 1.24914e-01 6.33338e-03 1.00000e-03 -3.25507e-01 2 2 1 28.32227 2 2 2
89 111 1.24903e-01 1.33005e-02 2.10000e-03 -3.25422e-01 2 2 1 28.32487 2 2 2
89 111 1.24883e-01 2.09652e-02 3.31000e-03 -3.25261e-01 2 2 1 28.32986 2 2 2
89 111 1.24850e-01 2.93984e-02 4.64100e-03 -3.25000e-01 2 2 1 28.33796 2 2 2
89 111 1.24801e-01 3.86779e-02 6.10510e-03 -3.24611e-01 2 2 1 28.35003 2 2 2
89 111 1.24731e-01 4.88905e-02 7.71561e-03 -3.24062e-01 2 2 1 28.36717 2 2 2
89 111 1.24636e-01 6.01322e-02 9.48717e-03 -3.23308e-01 2 2 1 28.39077 2 2 2
89 111 1.24509e-01 7.25098e-02 1.14359e-02 -3.22299e-01 2 2 1 28.42259 2 2 2
89 111 1.24342e-01 8.61426e-02 1.35795e-02 -3.20971e-01 2 2 1 28.46487 2 2 2
89 111 1.24126e-01 1.01165e-01 1.59374e-02 -3.19243e-01 2 2 1 28.52050 2 2 2
89 111 1.23849e-01 1.17727e-01 1.85312e-02 -3.17017e-01 2 2 1 28.59325 2 2 2
89 111 1.23499e-01 1.36001e-01 2.13843e-02 -3.14173e-01 2 2 1 28.68809 2 2 2
89 111 1.23059e-01 1.56184e-01 2.45227e-02 -3.10558e-01 2 2 1 28.81176 2 2 2
89 111 1.22510e-01 1.78507e-01 2.79750e-02 -3.05984e-01 2 2 1 28.97360 2 2 2
89 111 1.21833e-01 2.03246e-01 3.17725e-02 -3.00210e-01 2 2 1 29.18698 2 2 2
89 111 1.21005e-01 2.30738e-01 3.59497e-02 -2.92930e-01 2 2 1 29.47192 2 2 2
89 111 1.20010e-01 2.61417e-01 4.05447e-02 -2.83743e-01 2 2 1 29.86013 2 2 2
89 111 1.18843e-01 2.95888e-01 4.55992e-02 -2.72100e-01 2 2 1 30.40608 2 2 2
89 111 1.17547e-01 3.35164e-01 5.11591e-02 -2.57171e-01 2 2 1 31.21680 2 2 2
90 111 1.37219e-01 -1.59558e-03 1.00000e-03 -3.23913e-01 10 10 0 31.24839 10 10 10
90 111 1.37217e-01 -3.35070e-03 2.10000e-03 -3.23891e-01 10 10 0 31.24865 10 10 10
90 111 1.37212e-01 -5.28133e-03 3.31000e-03 -3.23851e-01 10 10 0 31.24915 10 10 10
90 111 1.37204e-01 -7.40499e-03 4.64100e-03 -3.23786e-01 10 10 0 31.24996 10 10 10
90 111 1.37192e-01 -9.74099e-03 6.10510e-03 -3.23689e-01 10 10 0 31.25116 10 10 10
90 111 1.37176e-01 -1.23105e-02 7.71561e-03 -3.23551e-01 10 10 0 31.25286 10 10 10
90 111 1.37153e-01 -1.51369e-02 9.48717e-03 -3.23363e-01 10 10 0 31.25519 10 10 10
90 111 1.37122e-01 -1.82458e-02 1.14359e-02 -3.23112e-01 10 10 0 31.25830 10 10 10
90 111 1.37083e-01 -2.16654e-02 1.35795e-02 -3.22781e-01 10 10 0 31.26240 10 10 10
90 111 1.37031e-01 -2.54266e-02 1.59374e-02 -3.22351e-01 10 10 0 31.26772 10 10 10
90 111 1.36964e-01 -2.95635e-02 1.85312e-02 -3.21800e-01 10 10 0 31.27456 10 10 10
90 111 1.36879e-01 -3.41136e-02 2.13843e-02 -3.21097e-01 10 10 0 31.28329 10 10 10
90 111 1.36771e-01 -3.91178e-02 2.45227e-02 -3.20208e-01 10 10 0 31.29434 10 10 10
90 111 1.36636e-01 -4.46213e-02 2.79750e-02 -3.19090e-01 10 10 0 31.30826 10 10 10
90 111 1.36465e-01 -5.06736e-02 3.17725e-02 -3.17691e-01 10 10 0 31.32574 10 10 10
90 111 1.36253e-01 -5.73289e-02 3.59497e-02 -3.15946e-01 10 10 0 31.34758 10 10 10
90 111 1.35988e-01 -6.46467e-02 4.05447e-02 -3.13778e-01 10 10 0 31.37481 10 10 10
90 111 1.35659e-01 -7.26921e-02 4.55992e-02 -3.11093e-01 10 10 0 31.40869 10 10 10
90 111 1.35250e-01 -8.15365e-02 5.11591e-02 -3.07777e-01 10 10 0 31.45076 10 10 10
90 111 1.34744e-01 -9.12575e-02 5.72750e-02 -3.03689e-01 10 10 0 31.50295 10 10 10
90 111 1.34117e-01 -1.01940e-01 6.40025e-02 -2.98662e-01 10 10 0 31.56768 10 10 10
90 111 1.33340e-01 -1.13676e-01 7.14028e-02 -2.92491e-01 10 10 0 31.64797 10 10 10
90 111 1.32378e-01 -1.26566e-01 7.95430e-02 -2.84926e-01 10 10 0 31.74762 10 10 10
90 111 1.31184e-01 -1.40717e-01 8.84973e-02 -2.75669e-01 10 10 0 31.87152 10 10 10
90 111 1.29700e-01 -1.56246e-01 9.83471e-02 -2.64355e-01 10 10 0 32.02593 10 10 10
90 111 1.27848e-01 -1.73275e-01 1.09182e-01 -2.50545e-01 10 10 0 32.21903 10 10 10
90 111 1.13258e-01 -1.91955e-01 1.21100e-01 -2.35170e-01 9 9 0 29.15719 9 9 9
90 111 7.41785e-02 -2.12438e-01 1.34210e-01 -2.17956e-01 6 6 0 19.52928 6 6 6
