13 111 6.28768e-02 6.28079e-03 1.00000e-03 -3.31332e-01 1 1 1 14.03337 1 1 1
13 111 6.28716e-02 1.31900e-02 2.10000e-03 -3.31248e-01 1 1 1 14.03464 1 1 1
13 111 6.28614e-02 2.07912e-02 3.31000e-03 -3.31087e-01 1 1 1 14.03707 1 1 1
13 111 6.28451e-02 2.91543e-02 4.64100e-03 -3.30826e-01 1 1 1 14.04102 1 1 1
13 111 6.28208e-02 3.83568e-02 6.10510e-03 -3.30438e-01 1 1 1 14.04690 1 1 1
13 111 6.27864e-02 4.84846e-02 7.71561e-03 -3.29889e-01 1 1 1 14.05525 1 1 1
13 111 6.27394e-02 5.96329e-02 9.48717e-03 -3.29137e-01 1 1 1 14.06675 1 1 1
13 111 6.26766e-02 7.19077e-02 1.14359e-02 -3.28130e-01 1 1 1 14.08225 1 1 1
13 111 6.25942e-02 8.54272e-02 1.35795e-02 -3.26803e-01 1 1 1 14.10283 1 1 1
13 111 6.24876e-02 1.00324e-01 1.59374e-02 -3.25079e-01 1 1 1 14.12991 1 1 1
13 111 6.23511e-02 1.16748e-01 1.85312e-02 -3.22857e-01 1 1 1 14.16531 1 1 1
13 111 6.21780e-02 1.34869e-01 2.13843e-02 -3.20019e-01 1 1 1 14.21142 1 1 1
13 111 6.19606e-02 1.54882e-01 2.45227e-02 -3.16413e-01 1 1 1 14.27151 1 1 1
13 111 6.16898e-02 1.77015e-01 2.79750e-02 -3.11850e-01 1 1 1 14.35006 1 1 1
13 111 6.13554e-02 2.01538e-01 3.17725e-02 -3.06095e-01 1 1 1 14.45346 1 1 1
13 111 6.09469e-02 2.28781e-01 3.59497e-02 -2.98844e-01 1 1 1 14.59123 1 1 1
13 111 6.04556e-02 2.59162e-01 4.05447e-02 -2.89704e-01 1 1 1 14.77832 1 1 1
13 111 5.98796e-02 2.93245e-01 4.55992e-02 -2.78148e-01 1 1 1 15.04005 1 1 1
13 111 5.92395e-02 3.31903e-01 5.11591e-02 -2.63413e-01 1 1 1 15.42455 1 1 1
13 111 5.86161e-02 3.78258e-01 5.72750e-02 -2.43674e-01 1 1 1 16.06314 1 1 1
14 111 6.93630e-02 -1.59635e-03 1.00000e-03 -3.30921e-01 5 5 0 15.49816 5 5 5
14 111 6.93617e-02 -3.35232e-03 2.10000e-03 -3.30900e-01 5 5 0 15.49829 5 5 5
14 111 6.93592e-02 -5.28388e-03 3.31000e-03 -3.30859e-01 5 5 0 15.49854 5 5 5
14 111 6.93552e-02 -7.40857e-03 4.64100e-03 -3.30793e-01 5 5 0 15.49894 5 5 5
14 111 6.93492e-02 -9.74570e-03 6.10510e-03 -3.30695e-01 5 5 0 15.49954 5 5 5
14 111 6.93407e-02 -1.23165e-02 7.71561e-03 -3.30556e-01 5 5 0 15.50039 5 5 5
14 111 6.93291e-02 -1.51442e-02 9.48717e-03 -3.30365e-01 5 5 0 15.50155 5 5 5
14 111 6.93135e-02 -1.82546e-02 1.14359e-02 -3.30111e-01 5 5 0 15.50310 5 5 5
14 111 6.92930e-02 -2.16758e-02 1.35795e-02 -3.29776e-01 5 5 0 15.50513 5 5 5
14 111 6.92665e-02 -2.54389e-02 1.59374e-02 -3.29341e-01 5 5 0 15.50778 5 5 5
14 111 6.92323e-02 -2.95778e-02 1.85312e-02 -3.28782e-01 5 5 0 15.51119 5 5 5
14 111 6.91887e-02 -3.41301e-02 2.13843e-02 -3.28071e-01 5 5 0 15.51553 5 5 5
14 111 6.91336e-02 -3.91367e-02 2.45227e-02 -3.27171e-01 5 5 0 15.52103 5 5 5
14 111 6.90641e-02 -4.46429e-02 2.79750e-02 -3.26039e-01 5 5 0 15.52796 5 5 5
14 111 6.89769e-02 -5.06980e-02 3.17725e-02 -3.24622e-01 5 5 0 15.53666 5 5 5
14 111 6.88681e-02 -5.73565e-02 3.59497e-02 -3.22855e-01 5 5 0 15.54753 5 5 5
14 111 6.87324e-02 -6.46779e-02 4.05447e-02 -3.20660e-01 5 5 0 15.56108 5 5 5
14 111 5.49230e-02 -7.27315e-02 4.55992e-02 -3.18784e-01 4 4 0 12.45012 4 4 4
15 111 8.31011e-02 -1.59623e-03 1.00000e-03 -3.29874e-01 6 6 0 18.62012 6 6 6
15 111 8.30995e-02 -3.35208e-03 2.10000e-03 -3.29853e-01 6 6 0 18.62027 6 6 6
15 111 8.30966e-02 -5.28350e-03 3.31000e-03 -3.29812e-01 6 6 0 18.62057 6 6 6
15 111 8.30917e-02 -7.40804e-03 4.64100e-03 -3.29746e-01 6 6 0 18.62105 6 6 6
15 111 8.30846e-02 -9.74500e-03 6.10510e-03 -3.29648e-01 6 6 0 18.62177 6 6 6
15 111 8.30744e-02 -1.23156e-02 7.71561e-03 -3.29509e-01 6 6 0 18.62279 6 6 6
15 111 8.30605e-02 -1.51431e-02 9.48717e-03 -3.29319e-01 6 6 0 18.62418 6 6 6
15 111 8.30419e-02 -1.82533e-02 1.14359e-02 -3.29065e-01 6 6 0 18.62604 6 6 6
15 111 8.30174e-02 -2.16743e-02 1.35795e-02 -3.28730e-01 6 6 0 18.62849 6 6 6
15 111 8.29856e-02 -2.54371e-02 1.59374e-02 -3.28296e-01 6 6 0 18.63167 6 6 6
15 111 8.29448e-02 -2.95757e-02 1.85312e-02 -3.27739e-01 6 6 0 18.63576 6 6 6
15 111 8.28927e-02 -3.41276e-02 2.13843e-02 -3.27029e-01 6 6 0 18.64097 6 6 6
15 111 8.28267e-02 -3.91339e-02 2.45227e-02 -3.26131e-01 6 6 0 18.64757 6 6 6
15 111 8.27436e-02 -4.46396e-02 2.79750e-02 -3.25001e-01 6 6 0 18.65590 6 6 6
15 111 8.26394e-02 -5.06944e-02 3.17725e-02 -3.23586e-01 6 6 0 18.66634 6 6 6
15 111 8.25092e-02 -5.73524e-02 3.59497e-02 -3.21823e-01 6 6 0 18.67939 6 6 6
15 111 8.23471e-02 -6.46732e-02 4.05447e-02 -3.19632e-01 6 6 0 18.69567 6 6 6
15 111 8.21455e-02 -7.27220e-02 4.55992e-02 -3.16919e-01 6 6 0 18.71591 6 6 6
15 111 8.18954e-02 -8.15699e-02 5.11591e-02 -3.13567e-01 6 6 0 18.74106 6 6 6
15 111 8.15856e-02 -9.12949e-02 5.72750e-02 -3.09436e-01 6 6 0 18.77226 6 6 6
15 111 8.12020e-02 -1.01982e-01 6.40025e-02 -3.04355e-01 6 6 0 18.81095 6 6 6
15 111 8.07271e-02 -1.13723e-01 7.14028e-02 -2.98117e-01 6 6 0 18.85894 6 6 6
15 111 8.01390e-02 -1.26618e-01 7.95430e-02 -2.90471e-01 6 6 0 18.91852 6 6 6
15 111 6.62768e-02 -1.40785e-01 8.84973e-02 -2.82068e-01 5 5 0 15.80838 5 5 5
