84 111 8.31011e-02 -1.59623e-03 1.00000e-03 -3.29874e-01 6 6 0 18.62012 6 6 6
84 111 8.30995e-02 -3.35208e-03 2.10000e-03 -3.29853e-01 6 6 0 18.62027 6 6 6
84 111 8.30966e-02 -5.28350e-03 3.31000e-03 -3.29812e-01 6 6 0 18.62057 6 6 6
84 111 8.30917e-02 -7.40804e-03 4.64100e-03 -3.29746e-01 6 6 0 18.62105 6 6 6
84 111 8.30846e-02 -9.74500e-03 6.10510e-03 -3.29648e-01 6 6 0 18.62177 6 6 6
84 111 8.30744e-02 -1.23156e-02 7.71561e-03 -3.29509e-01 6 6 0 18.62279 6 6 6
84 111 8.30605e-02 -1.51431e-02 9.48717e-03 -3.29319e-01 6 6 0 18.62418 6 6 6
84 111 8.30419e-02 -1.82533e-02 1.14359e-02 -3.29065e-01 6 6 0 18.62604 6 6 6
84 111 8.30174e-02 -2.16743e-02 1.35795e-02 -3.28730e-01 6 6 0 18.62849 6 6 6
84 111 8.29856e-02 -2.54371e-02 1.59374e-02 -3.28296e-01 6 6 0 18.63167 6 6 6
84 111 8.29448e-02 -2.95757e-02 1.85312e-02 -3.27739e-01 6 6 0 18.63576 6 6 6
84 111 8.28927e-02 -3.41276e-02 2.13843e-02 -3.27029e-01 6 6 0 18.64097 6 6 6
84 111 8.28267e-02 -3.91339e-02 2.45227e-02 -3.26131e-01 6 6 0 18.64757 6 6 6
84 111 8.27436e-02 -4.46396e-02 2.79750e-02 -3.25001e-01 6 6 0 18.65590 6 6 6
84 111 8.26394e-02 -5.06944e-02 3.17725e-02 -3.23586e-01 6 6 0 18.66634 6 6 6
84 111 8.25092e-02 -5.73524e-02 3.59497e-02 -3.21823e-01 6 6 0 18.67939 6 6 6
84 111 8.23471e-02 -6.46732e-02 4.05447e-02 -3.19632e-01 6 6 0 18.69567 6 6 6
84 111 8.21455e-02 -7.27220e-02 4.55992e-02 -3.16919e-01 6 6 0 18.71591 6 6 6
84 111 8.18954e-02 -8.15699e-02 5.11591e-02 -3.13567e-01 6 6 0 18.74106 6 6 6
84 111 8.15856e-02 -9.12949e-02 5.72750e-02 -3.09436e-01 6 6 0 18.77226 6 6 6
84 111 8.12020e-02 -1.01982e-01 6.40025e-02 -3.04355e-01 6 6 0 18.81095 6 6 6
84 111 8.07271e-02 -1.13723e-01 7.14028e-02 -2.98117e-01 6 6 0 18.85894 6 6 6
84 111 8.01390e-02 -1.26618e-01 7.95430e-02 -2.90471e-01 6 6 0 18.91852 6 6 6
84 111 6.62768e-02 -1.40785e-01 8.84973e-02 -2.82068e-01 5 5 0 15.80838 5 5 5
85 111 9.67668e-02 -1.59610e-03 1.00000e-03 -3.28645e-01 7 7 0 21.75417 7 7 7
85 111 9.67650e-02 -3.35180e-03 2.10000e-03 -3.28624e-01 7 7 0 21.75436 7 7 7
85 111 9.67615e-02 -5.28305e-03 3.31000e-03 -3.28583e-01 7 7 0 21.75470 7 7 7
85 111 9.67559e-02 -7.40741e-03 4.64100e-03 -3.28517e-01 7 7 0 21.75527 7 7 7
85 111 9.67476e-02 -9.74417e-03 6.10510e-03 -3.28419e-01 7 7 0 21.75611 7 7 7
85 111 9.67358e-02 -1.23145e-02 7.71561e-03 -3.28281e-01 7 7 0 21.75729 7 7 7
85 111 9.67196e-02 -1.51419e-02 9.48717e-03 -3.28091e-01 7 7 0 21.75891 7 7 7
85 111 9.66980e-02 -1.82518e-02 1.14359e-02 -3.27838e-01 7 7 0 21.76109 7 7 7
85 111 9.66696e-02 -2.16724e-02 1.35795e-02 -3.27504e-01 7 7 0 21.76395 7 7 7
85 111 9.66327e-02 -2.54349e-02 1.59374e-02 -3.27071e-01 7 7 0 21.76766 7 7 7
85 111 9.65852e-02 -2.95732e-02 1.85312e-02 -3.26515e-01 7 7 0 21.77243 7 7 7
85 111 9.65247e-02 -3.41247e-02 2.13843e-02 -3.25806e-01 7 7 0 21.77852 7 7 7
85 111 9.64480e-02 -3.91306e-02 2.45227e-02 -3.24910e-01 7 7 0 21.78623 7 7 7
85 111 9.63515e-02 -4.46359e-02 2.79750e-02 -3.23782e-01 7 7 0 21.79595 7 7 7
85 111 9.62304e-02 -5.06901e-02 3.17725e-02 -3.22371e-01 7 7 0 21.80814 7 7 7
85 111 9.60792e-02 -5.73476e-02 3.59497e-02 -3.20611e-01 7 7 0 21.82338 7 7 7
85 111 9.58907e-02 -6.46678e-02 4.05447e-02 -3.18425e-01 7 7 0 21.84238 7 7 7
85 111 9.56565e-02 -7.27158e-02 4.55992e-02 -3.15718e-01 7 7 0 21.86602 7 7 7
85 111 9.53660e-02 -8.15630e-02 5.11591e-02 -3.12373e-01 7 7 0 21.89538 7 7 7
86 111 1.10349e-01 -1.59594e-03 1.00000e-03 -3.27239e-01 8 8 0 24.90229 8 8 8
86 111 1.10347e-01 -3.35147e-03 2.10000e-03 -3.27217e-01 8 8 0 24.90250 8 8 8
86 111 1.10343e-01 -5.28254e-03 3.31000e-03 -3.27177e-01 8 8 0 24.90290 8 8 8
86 111 1.10337e-01 -7.40670e-03 4.64100e-03 -3.27111e-01 8 8 0 24.90354 8 8 8
86 111 1.10327e-01 -9.74323e-03 6.10510e-03 -3.27013e-01 8 8 0 24.90450 8 8 8
86 111 1.10314e-01 -1.23133e-02 7.71561e-03 -3.26875e-01 8 8 0 24.90586 8 8 8
86 111 1.10295e-01 -1.51404e-02 9.48717e-03 -3.26686e-01 8 8 0 24.90771 8 8 8
86 111 1.10271e-01 -1.82500e-02 1.14359e-02 -3.26433e-01 8 8 0 24.91020 8 8 8
86 111 1.10238e-01 -2.16703e-02 1.35795e-02 -3.26100e-01 8 8 0 24.91347 8 8 8
86 111 1.10196e-01 -2.54324e-02 1.59374e-02 -3.25668e-01 8 8 0 24.91772 8 8 8
86 111 1.10142e-01 -2.95703e-02 1.85312e-02 -3.25113e-01 8 8 0 24.92318 8 8 8
86 111 1.10074e-01 -3.41214e-02 2.13843e-02 -3.24407e-01 8 8 0 24.93014 8 8 8
86 111 1.09986e-01 -3.91268e-02 2.45227e-02 -3.23513e-01 8 8 0 24.93896 8 8 8
86 111 1.09877e-01 -4.46316e-02 2.79750e-02 -3.22388e-01 8 8 0 24.95008 8 8 8
86 111 1.09739e-01 -5.06852e-02 3.17725e-02 -3.20980e-01 8 8 0 24.96402 8 8 8
86 111 1.09567e-01 -5.73420e-02 3.59497e-02 -3.19225e-01 8 8 0 24.98146 8 8 8
86 111 1.09352e-01 -6.46615e-02 4.05447e-02 -3.17044e-01 8 8 0 25.00319 8 8 8
86 111 1.09086e-01 -7.27088e-02 4.55992e-02 -3.14344e-01 8 8 0 25.03023 8 8 8
86 111 1.08756e-01 -8.15552e-02 5.11591e-02 -3.11008e-01 8 8 0 25.06381 8 8 8
86 111 1.08346e-01 -9.12784e-02 5.72750e-02 -3.06896e-01 8 8 0 25.10547 8 8 8
