44 55 4.28962e-01 -1.58620e-03 1.00000e-03 -2.41323e-01 18 18 0 62.81419 18 18 18
44 55 4.28957e-01 -3.33102e-03 2.10000e-03 -2.41304e-01 18 18 0 62.81479 18 18 18
44 55 4.28947e-01 -5.25034e-03 3.31000e-03 -2.41267e-01 18 18 0 62.81595 18 18 18
44 55 4.28931e-01 -7.36160e-03 4.64100e-03 -2.41207e-01 18 18 0 62.81782 18 18 18
44 55 4.28908e-01 -9.68401e-03 6.10510e-03 -2.41119e-01 18 18 0 62.82060 18 18 18
44 55 4.28874e-01 -1.22387e-02 7.71561e-03 -2.40994e-01 18 18 0 62.82453 18 18 18
44 55 4.28828e-01 -1.50489e-02 9.48717e-03 -2.40823e-01 18 18 0 62.82992 18 18 18
44 55 4.28767e-01 -1.81403e-02 1.14359e-02 -2.40594e-01 18 18 0 62.83714 18 18 18
44 55 4.28686e-01 -2.15409e-02 1.35795e-02 -2.40293e-01 18 18 0 62.84663 18 18 18
44 55 4.28581e-01 -2.52817e-02 1.59374e-02 -2.39903e-01 18 18 0 62.85897 18 18 18
44 55 4.28447e-01 -2.93969e-02 1.85312e-02 -2.39401e-01 18 18 0 62.87483 18 18 18
44 55 4.28275e-01 -3.39240e-02 2.13843e-02 -2.38762e-01 18 18 0 62.89506 18 18 18
44 55 4.28057e-01 -3.89044e-02 2.45227e-02 -2.37953e-01 18 18 0 62.92071 18 18 18
44 55 4.27783e-01 -4.43836e-02 2.79750e-02 -2.36936e-01 18 18 0 62.95304 18 18 18
44 55 4.27440e-01 -5.04117e-02 3.17725e-02 -2.35663e-01 18 18 0 62.99363 18 18 18
44 55 4.27012e-01 -5.70441e-02 3.59497e-02 -2.34075e-01 18 18 0 63.04441 18 18 18
44 55 4.26479e-01 -6.43417e-02 4.05447e-02 -2.32102e-01 18 18 0 63.10780 18 18 18
44 55 4.25819e-01 -7.23719e-02 4.55992e-02 -2.29657e-01 18 18 0 63.18677 18 18 18
44 55 4.25002e-01 -8.12090e-02 5.11591e-02 -2.26636e-01 18 18 0 63.28503 18 18 18
44 55 4.23996e-01 -9.09349e-02 5.72750e-02 -2.22910e-01 18 18 0 63.40724 18 18 18
44 55 4.22761e-01 -1.01640e-01 6.40025e-02 -2.18323e-01 18 18 0 63.55929 18 18 18
44 55 4.21255e-01 -1.13425e-01 7.14028e-02 -2.12681e-01 18 18 0 63.74871 18 18 18
44 55 4.19433e-01 -1.26399e-01 7.95430e-02 -2.05748e-01 18 18 0 63.98526 18 18 18
44 55 4.17260e-01 -1.40678e-01 8.84973e-02 -1.97227e-01 18 18 0 64.28192 18 18 18
44 55 4.14728e-01 -1.56375e-01 9.83471e-02 -1.86746e-01 18 18 0 64.65646 18 18 18
44 55 4.11860e-01 -1.73567e-01 1.09182e-01 -1.73853e-01 18 18 0 65.13400 18 18 18
44 55 4.08508e-01 -1.92212e-01 1.21100e-01 -1.58095e-01 18 18 0 65.74776 18 18 18
45 55 4.45673e-01 -1.58539e-03 1.00000e-03 -2.34015e-01 19 19 0 67.05618 19 19 19
45 55 4.45669e-01 -3.32933e-03 2.10000e-03 -2.33995e-01 19 19 0 67.05686 19 19 19
45 55 4.45660e-01 -5.24768e-03 3.31000e-03 -2.33958e-01 19 19 0 67.05818 19 19 19
45 55 4.45646e-01 -7.35789e-03 4.64100e-03 -2.33899e-01 19 19 0 67.06030 19 19 19
45 55 4.45624e-01 -9.67917e-03 6.10510e-03 -2.33810e-01 19 19 0 67.06346 19 19 19
45 55 4.45594e-01 -1.22327e-02 7.71561e-03 -2.33684e-01 19 19 0 67.06793 19 19 19
45 55 4.45552e-01 -1.50416e-02 9.48717e-03 -2.33512e-01 19 19 0 67.07406 19 19 19
45 55 4.45497e-01 -1.81317e-02 1.14359e-02 -2.33281e-01 19 19 0 67.08225 19 19 19
45 55 4.45424e-01 -2.15310e-02 1.35795e-02 -2.32978e-01 19 19 0 67.09304 19 19 19
45 55 4.45329e-01 -2.52706e-02 1.59374e-02 -2.32585e-01 19 19 0 67.10706 19 19 19
45 55 4.45207e-01 -2.93848e-02 1.85312e-02 -2.32080e-01 19 19 0 67.12508 19 19 19
45 55 4.45051e-01 -3.39111e-02 2.13843e-02 -2.31437e-01 19 19 0 67.14808 19 19 19
45 55 4.44854e-01 -3.88912e-02 2.45227e-02 -2.30623e-01 19 19 0 67.17723 19 19 19
45 55 4.44605e-01 -4.43708e-02 2.79750e-02 -2.29599e-01 19 19 0 67.21398 19 19 19
45 55 4.44293e-01 -5.04004e-02 3.17725e-02 -2.28318e-01 19 19 0 67.26013 19 19 19
45 55 4.43903e-01 -5.70360e-02 3.59497e-02 -2.26720e-01 19 19 0 67.31789 19 19 19
45 55 4.43415e-01 -6.43393e-02 4.05447e-02 -2.24736e-01 19 19 0 67.39000 19 19 19
45 55 4.42807e-01 -7.23785e-02 4.55992e-02 -2.22279e-01 19 19 0 67.47983 19 19 19
45 55 4.42049e-01 -8.12294e-02 5.11591e-02 -2.19244e-01 19 19 0 67.59160 19 19 19
45 55 4.41103e-01 -9.09764e-02 5.72750e-02 -2.15507e-01 19 19 0 67.73055 19 19 19
45 55 4.39918e-01 -1.01713e-01 6.40025e-02 -2.10915e-01 19 19 0 67.90325 19 19 19
45 55 4.38427e-01 -1.13545e-01 7.14028e-02 -2.05286e-01 19 19 0 68.11792 19 19 19
45 55 4.36532e-01 -1.26590e-01 7.95430e-02 -1.98405e-01 19 19 0 68.38488 19 19 19
45 55 4.34087e-01 -1.40982e-01 8.84973e-02 -1.90021e-01 19 19 0 68.71702 19 19 19
45 55 4.30859e-01 -1.56875e-01 9.83471e-02 -1.79848e-01 19 19 0 69.13025 19 19 19
45 55 4.26464e-01 -1.74451e-01 1.09182e-01 -1.67578e-01 19 19 0 69.64398 19 19 19
45 55 4.20272e-01 -1.93941e-01 1.21100e-01 -1.52887e-01 19 19 0 70.28213 19 19 19
46 55 4.46327e-01 7.51519e-03 1.00000e-03 -2.33696e-01 4 4 1 67.23467 4 4 7
46 55 4.46271e-01 1.57823e-02 2.10000e-03 -2.33608e-01 4 4 1 67.24323 4 4 6
46 55 4.46164e-01 2.48772e-02 3.31000e-03 -2.33438e-01 4 4 1 67.25970 4 4 7
46 55 4.45991e-01 3.48837e-02 4.64100e-03 -2.33163e-01 4 4 1 67.28640 4 4 7
46 55 4.45734e-01 4.58943e-02 6.10510e-03 -2.32754e-01 4 4 1 67.32627 4 4 7
46 55 4.45370e-01 5.80119e-02 7.71561e-03 -2.32176e-01 4 4 1 67.38305 4 4 7
46 55 4.44873e-01 7.13507e-02 9.48717e-03 -2.31382e-01 4 4 1 67.46151 4 4 7
46 55 4.44209e-01 8.60384e-02 1.14359e-02 -2.30317e-01 4 4 1 67.56781 4 4 7
46 55 4.43337e-01 1.02219e-01 1.35795e-02 -2.28913e-01 4 4 1 67.70998 4 4 7
46 55 4.42208e-01 1.20055e-01 1.59374e-02 -2.27083e-01 4 4 1 67.89873 4 4 7
46 55 4.40763e-01 1.39737e-01 1.85312e-02 -2.24717e-01 4 4 1 68.14859 4 4 7
46 55 4.38929e-01 1.61493e-01 2.13843e-02 -2.21678e-01 4 4 1 68.47989 4 4 7
46 55 4.36619e-01 1.85608e-01 2.45227e-02 -2.17783e-01 4 4 1 68.92230 4 4 7
46 55 4.33725e-01 2.12487e-01 2.79750e-02 -2.12786e-01 4 4 1 69.52179 4 4 7
46 55 4.30100e-01 2.42841e-01 3.17725e-02 -2.06307e-01 4 4 1 70.35812 4 4 9
46 55 4.25390e-01 2.79062e-01 3.59497e-02 -1.97455e-01 4 4 1 71.62471 4 4 11
47 55 4.61571e-01 -1.58461e-03 1.00000e-03 -2.26803e-01 20 20 0 71.39160 20 20 20
47 55 4.61567e-01 -3.32765e-03 2.10000e-03 -2.26783e-01 20 20 0 71.39240 20 20 20
47 55 4.61560e-01 -5.24493e-03 3.31000e-03 -2.26746e-01 20 20 0 71.39392 20 20 20
47 55 4.61548e-01 -7.35381e-03 4.64100e-03 -2.26685e-01 20 20 0 71.39638 20 20 20
47 55 4.61530e-01 -9.67336e-03 6.10510e-03 -2.26595e-01 20 20 0 71.40005 20 20 20
47 55 4.61505e-01 -1.22245e-02 7.71561e-03 -2.26467e-01 20 20 0 71.40524 20 20 20
47 55 4.61471e-01 -1.50303e-02 9.48717e-03 -2.26293e-01 20 20 0 71.41234 20 20 20
47 55 4.61425e-01 -1.81158e-02 1.14359e-02 -2.26059e-01 20 20 0 71.42185 20 20 20
47 55 4.61364e-01 -2.15087e-02 1.35795e-02 -2.25752e-01 20 20 0 71.43436 20 20 20
47 55 4.61285e-01 -2.52393e-02 1.59374e-02 -2.25353e-01 20 20 0 71.45062 20 20 20
47 55 4.61184e-01 -2.93405e-02 1.85312e-02 -2.24841e-01 20 20 0 71.47153 20 20 20
47 55 4.61055e-01 -3.38486e-02 2.13843e-02 -2.24188e-01 20 20 0 71.49820 20 20 20
47 55 4.60891e-01 -3.88029e-02 2.45227e-02 -2.23364e-01 20 20 0 71.53201 20 20 20
47 55 4.60684e-01 -4.42461e-02 2.79750e-02 -2.22326e-01 20 20 0 71.57463 20 20 20
47 55 4.60425e-01 -5.02248e-02 3.17725e-02 -2.21029e-01 20 20 0 71.62816 20 20 20
47 55 4.60101e-01 -5.67891e-02 3.59497e-02 -2.19413e-01 20 20 0 71.69514 20 20 20
47 55 4.59695e-01 -6.39930e-02 4.05447e-02 -2.17406e-01 20 20 0 71.77873 20 20 20
47 55 4.59190e-01 -7.18944e-02 4.55992e-02 -2.14925e-01 20 20 0 71.88286 20 20 20
47 55 4.58560e-01 -8.05545e-02 5.11591e-02 -2.11864e-01 20 20 0 72.01238 20 20 20
47 55 4.57772e-01 -9.00380e-02 5.72750e-02 -2.08100e-01 20 20 0 72.17332 20 20 20
47 55 4.56784e-01 -1.00412e-01 6.40025e-02 -2.03485e-01 20 20 0 72.37319 20 20 20
47 55 4.55537e-01 -1.11746e-01 7.14028e-02 -1.97841e-01 20 20 0 72.62136 20 20 20
47 55 4.53943e-01 -1.24110e-01 7.95430e-02 -1.90964e-01 20 20 0 72.92935 20 20 20
47 55 4.51867e-01 -1.37574e-01 8.84973e-02 -1.82619e-01 20 20 0 73.31122 20 20 20
47 55 4.49082e-01 -1.52213e-01 9.83471e-02 -1.72551e-01 20 20 0 73.78339 20 20 20
47 55 4.45174e-01 -1.68110e-01 1.09182e-01 -1.60509e-01 20 20 0 74.36346 20 20 20
47 55 4.39326e-01 -1.85378e-01 1.21100e-01 -1.46321e-01 20 20 0 75.06666 20 20 20
