0 157 7.83835e-02 -1.59627e-03 1.00000e-03 -3.30255e-01 8 8 0 24.81599 8 8 8
0 157 7.83820e-02 -3.35217e-03 2.10000e-03 -3.30234e-01 8 8 0 24.81619 8 8 8
0 157 7.83792e-02 -5.28364e-03 3.31000e-03 -3.30193e-01 8 8 0 24.81659 8 8 8
0 157 7.83746e-02 -7.40823e-03 4.64100e-03 -3.30127e-01 8 8 0 24.81723 8 8 8
0 157 7.83679e-02 -9.74525e-03 6.10510e-03 -3.30029e-01 8 8 0 24.81819 8 8 8
0 157 7.83583e-02 -1.23159e-02 7.71561e-03 -3.29890e-01 8 8 0 24.81954 8 8 8
0 157 7.83452e-02 -1.51435e-02 9.48717e-03 -3.29700e-01 8 8 0 24.82140 8 8 8
0 157 7.83276e-02 -1.82538e-02 1.14359e-02 -3.29445e-01 8 8 0 24.82388 8 8 8
0 157 7.83045e-02 -2.16748e-02 1.35795e-02 -3.29111e-01 8 8 0 24.82714 8 8 8
0 157 7.82745e-02 -2.54377e-02 1.59374e-02 -3.28676e-01 8 8 0 24.83138 8 8 8
0 157 7.82359e-02 -2.95765e-02 1.85312e-02 -3.28118e-01 8 8 0 24.83683 8 8 8
0 157 7.81868e-02 -3.41285e-02 2.13843e-02 -3.27408e-01 8 8 0 24.84378 8 8 8
0 157 7.81245e-02 -3.91349e-02 2.45227e-02 -3.26509e-01 8 8 0 24.85259 8 8 8
0 157 7.80461e-02 -4.46408e-02 2.79750e-02 -3.25378e-01 8 8 0 24.86368 8 8 8
0 157 7.79477e-02 -5.06957e-02 3.17725e-02 -3.23963e-01 8 8 0 24.87760 8 8 8
0 157 7.78248e-02 -5.73539e-02 3.59497e-02 -3.22198e-01 8 8 0 24.89500 8 8 8
1 157 8.80715e-02 -1.59618e-03 1.00000e-03 -3.29449e-01 9 9 0 27.94382 9 9 9
1 157 8.80698e-02 -3.35198e-03 2.10000e-03 -3.29428e-01 9 9 0 27.94405 9 9 9
1 157 8.80667e-02 -5.28335e-03 3.31000e-03 -3.29387e-01 9 9 0 27.94450 9 9 9
1 157 8.80616e-02 -7.40782e-03 4.64100e-03 -3.29321e-01 9 9 0 27.94522 9 9 9
1 157 8.80540e-02 -9.74471e-03 6.10510e-03 -3.29223e-01 9 9 0 27.94630 9 9 9
1 157 8.80432e-02 -1.23152e-02 7.71561e-03 -3.29084e-01 9 9 0 27.94782 9 9 9
1 157 8.80285e-02 -1.51427e-02 9.48717e-03 -3.28894e-01 9 9 0 27.94991 9 9 9
1 157 8.80088e-02 -1.82528e-02 1.14359e-02 -3.28640e-01 9 9 0 27.95270 9 9 9
1 157 8.79829e-02 -2.16736e-02 1.35795e-02 -3.28306e-01 9 9 0 27.95638 9 9 9
1 157 8.79492e-02 -2.54363e-02 1.59374e-02 -3.27872e-01 9 9 0 27.96115 9 9 9
1 157 8.79060e-02 -2.95748e-02 1.85312e-02 -3.27315e-01 9 9 0 27.96728 9 9 9
1 157 8.78508e-02 -3.41266e-02 2.13843e-02 -3.26606e-01 9 9 0 27.97510 9 9 9
1 157 8.77809e-02 -3.91327e-02 2.45227e-02 -3.25708e-01 9 9 0 27.98501 9 9 9
1 157 8.76929e-02 -4.46383e-02 2.79750e-02 -3.24579e-01 9 9 0 27.99750 9 9 9
1 157 8.75826e-02 -5.06929e-02 3.17725e-02 -3.23166e-01 9 9 0 28.01317 9 9 9
1 157 8.74447e-02 -5.73507e-02 3.59497e-02 -3.21404e-01 9 9 0 28.03275 9 9 9
1 157 8.72730e-02 -6.46713e-02 4.05447e-02 -3.19214e-01 9 9 0 28.05717 9 9 9
1 157 7.74815e-02 -7.27239e-02 4.55992e-02 -3.17291e-01 8 8 0 24.94368 8 8 8
1 157 5.80517e-02 -8.15795e-02 5.11591e-02 -3.15234e-01 6 6 0 18.70438 6 6 6
2 157 8.87097e-02 6.29827e-03 1.00000e-03 -3.29374e-01 2 2 1 28.15183 2 2 2
2 157 8.87022e-02 1.32267e-02 2.10000e-03 -3.29290e-01 2 2 1 28.15439 2 2 2
2 157 8.86878e-02 2.08490e-02 3.31000e-03 -3.29128e-01 2 2 1 28.15930 2 2 2
2 157 8.86646e-02 2.92354e-02 4.64100e-03 -3.28868e-01 2 2 1 28.16726 2 2 2
2 157 8.86301e-02 3.84635e-02 6.10510e-03 -3.28480e-01 2 2 1 28.17912 2 2 2
2 157 8.85813e-02 4.86195e-02 7.71561e-03 -3.27930e-01 2 2 1 28.19597 2 2 2
2 157 8.85146e-02 5.97988e-02 9.48717e-03 -3.27178e-01 2 2 1 28.21916 2 2 2
2 157 8.84254e-02 7.21078e-02 1.14359e-02 -3.26170e-01 2 2 1 28.25043 2 2 2
2 157 8.83084e-02 8.56650e-02 1.35795e-02 -3.24843e-01 2 2 1 28.29198 2 2 2
2 157 8.81569e-02 1.00604e-01 1.59374e-02 -3.23117e-01 2 2 1 28.34662 2 2 2
2 157 8.79631e-02 1.17073e-01 1.85312e-02 -3.20894e-01 2 2 1 28.41806 2 2 2
2 157 8.77174e-02 1.35245e-01 2.13843e-02 -3.18054e-01 2 2 1 28.51115 2 2 2
2 157 8.74087e-02 1.55315e-01 2.45227e-02 -3.14445e-01 2 2 1 28.63248 2 2 2
2 157 8.70241e-02 1.77511e-01 2.79750e-02 -3.09879e-01 2 2 1 28.79114 2 2 2
2 157 8.65493e-02 2.02106e-01 3.17725e-02 -3.04117e-01 2 2 1 29.00011 2 2 2
2 157 8.59692e-02 2.29431e-01 3.59497e-02 -2.96857e-01 2 2 1 29.27875 2 2 2
2 157 8.52715e-02 2.59911e-01 4.05447e-02 -2.87702e-01 2 2 1 29.65754 2 2 2
2 157 8.44536e-02 2.94121e-01 4.55992e-02 -2.76117e-01 2 2 1 30.18835 2 2 2
2 157 8.35448e-02 3.32976e-01 5.11591e-02 -2.61321e-01 2 2 1 30.97082 2 2 2
2 157 8.26472e-02 3.80752e-01 5.72750e-02 -2.41030e-01 2 2 1 32.30949 2 2 2
3 157 9.77213e-02 -1.59609e-03 1.00000e-03 -3.28552e-01 10 10 0 31.08071 10 10 10
3 157 9.77194e-02 -3.35177e-03 2.10000e-03 -3.28531e-01 10 10 0 31.08097 10 10 10
3 157 9.77159e-02 -5.28302e-03 3.31000e-03 -3.28490e-01 10 10 0 31.08147 10 10 10
3 157 9.77103e-02 -7.40737e-03 4.64100e-03 -3.28425e-01 10 10 0 31.08228 10 10 10
3 157 9.77019e-02 -9.74411e-03 6.10510e-03 -3.28327e-01 10 10 0 31.08347 10 10 10
3 157 9.76899e-02 -1.23145e-02 7.71561e-03 -3.28188e-01 10 10 0 31.08517 10 10 10
3 157 9.76736e-02 -1.51418e-02 9.48717e-03 -3.27999e-01 10 10 0 31.08749 10 10 10
3 157 9.76518e-02 -1.82516e-02 1.14359e-02 -3.27745e-01 10 10 0 31.09059 10 10 10
3 157 9.76231e-02 -2.16723e-02 1.35795e-02 -3.27411e-01 10 10 0 31.09467 10 10 10
3 157 9.75858e-02 -2.54348e-02 1.59374e-02 -3.26978e-01 10 10 0 31.09998 10 10 10
3 157 9.75379e-02 -2.95730e-02 1.85312e-02 -3.26422e-01 10 10 0 31.10680 10 10 10
3 157 9.74768e-02 -3.41245e-02 2.13843e-02 -3.25714e-01 10 10 0 31.11549 10 10 10
3 157 9.73994e-02 -3.91303e-02 2.45227e-02 -3.24818e-01 10 10 0 31.12651 10 10 10
3 157 9.73019e-02 -4.46356e-02 2.79750e-02 -3.23690e-01 10 10 0 31.14039 10 10 10
3 157 9.71797e-02 -5.06898e-02 3.17725e-02 -3.22279e-01 10 10 0 31.15781 10 10 10
3 157 9.70270e-02 -5.73472e-02 3.59497e-02 -3.20520e-01 10 10 0 31.17959 10 10 10
3 157 9.68367e-02 -6.46673e-02 4.05447e-02 -3.18334e-01 10 10 0 31.20673 10 10 10
3 157 9.66002e-02 -7.27154e-02 4.55992e-02 -3.15627e-01 10 10 0 31.24050 10 10 10
3 157 9.63069e-02 -8.15625e-02 5.11591e-02 -3.12283e-01 10 10 0 31.28244 10 10 10
3 157 9.59433e-02 -9.12866e-02 5.72750e-02 -3.08162e-01 10 10 0 31.33448 10 10 10
3 157 9.54932e-02 -1.01972e-01 6.40025e-02 -3.03093e-01 10 10 0 31.39902 10 10 10
3 157 9.49360e-02 -1.13712e-01 7.14028e-02 -2.96870e-01 10 10 0 31.47906 10 10 10
3 157 8.49345e-02 -1.26614e-01 7.95430e-02 -2.90075e-01 9 9 0 28.39153 9 9 9
