2 55 2.80841e-02 -1.59657e-03 1.00000e-03 -3.32933e-01 1 1 0 3.09253 1 1 1
2 55 2.80836e-02 -3.35278e-03 2.10000e-03 -3.32911e-01 1 1 0 3.09256 1 1 1
2 55 2.80826e-02 -5.28461e-03 3.31000e-03 -3.32870e-01 1 1 0 3.09261 1 1 1
2 55 2.80810e-02 -7.40959e-03 4.64100e-03 -3.32804e-01 1 1 0 3.09269 1 1 1
2 55 2.80785e-02 -9.74704e-03 6.10510e-03 -3.32705e-01 1 1 0 3.09281 1 1 1
2 55 2.80751e-02 -1.23182e-02 7.71561e-03 -3.32566e-01 1 1 0 3.09298 1 1 1
2 55 2.80704e-02 -1.51463e-02 9.48717e-03 -3.32375e-01 1 1 0 3.09321 1 1 1
2 55 2.80640e-02 -1.82571e-02 1.14359e-02 -3.32119e-01 1 1 0 3.09352 1 1 1
2 55 2.80557e-02 -2.16788e-02 1.35795e-02 -3.31783e-01 1 1 0 3.09393 1 1 1
2 55 2.80449e-02 -2.54424e-02 1.59374e-02 -3.31346e-01 1 1 0 3.09445 1 1 1
2 55 2.80310e-02 -2.95819e-02 1.85312e-02 -3.30786e-01 1 1 0 3.09513 1 1 1
2 55 2.80133e-02 -3.41348e-02 2.13843e-02 -3.30072e-01 1 1 0 3.09600 1 1 1
2 55 2.79909e-02 -3.91421e-02 2.45227e-02 -3.29169e-01 1 1 0 3.09710 1 1 1
2 55 2.79627e-02 -4.46490e-02 2.79750e-02 -3.28033e-01 1 1 0 3.09849 1 1 1
2 55 2.79273e-02 -5.07050e-02 3.17725e-02 -3.26610e-01 1 1 0 3.10022 1 1 1
2 55 2.78830e-02 -5.73644e-02 3.59497e-02 -3.24837e-01 1 1 0 3.10239 1 1 1
2 55 2.78279e-02 -6.46867e-02 4.05447e-02 -3.22635e-01 1 1 0 3.10510 1 1 1
2 55 2.77594e-02 -7.27372e-02 4.55992e-02 -3.19906e-01 1 1 0 3.10847 1 1 1
2 55 2.76745e-02 -8.15869e-02 5.11591e-02 -3.16536e-01 1 1 0 3.11265 1 1 1
3 55 5.60668e-02 -1.59644e-03 1.00000e-03 -3.31755e-01 2 2 0 6.19336 2 2 2
3 55 5.60658e-02 -3.35251e-03 2.10000e-03 -3.31734e-01 2 2 0 6.19342 2 2 2
3 55 5.60638e-02 -5.28418e-03 3.31000e-03 -3.31693e-01 2 2 0 6.19352 2 2 2
3 55 5.60605e-02 -7.40900e-03 4.64100e-03 -3.31627e-01 2 2 0 6.19368 2 2 2
3 55 5.60556e-02 -9.74625e-03 6.10510e-03 -3.31528e-01 2 2 0 6.19392 2 2 2
3 55 5.60488e-02 -1.23172e-02 7.71561e-03 -3.31389e-01 2 2 0 6.19425 2 2 2
3 55 5.60393e-02 -1.51451e-02 9.48717e-03 -3.31198e-01 2 2 0 6.19472 2 2 2
3 55 5.60268e-02 -1.82557e-02 1.14359e-02 -3.30943e-01 2 2 0 6.19534 2 2 2
3 55 5.60102e-02 -2.16771e-02 1.35795e-02 -3.30608e-01 2 2 0 6.19615 2 2 2
3 55 5.59887e-02 -2.54403e-02 1.59374e-02 -3.30172e-01 2 2 0 6.19721 2 2 2
3 55 5.59610e-02 -2.95795e-02 1.85312e-02 -3.29613e-01 2 2 0 6.19857 2 2 2
3 55 5.59257e-02 -3.41320e-02 2.13843e-02 -3.28901e-01 2 2 0 6.20031 2 2 2
3 55 5.58811e-02 -3.91389e-02 2.45227e-02 -3.27999e-01 2 2 0 6.20251 2 2 2
3 55 5.58248e-02 -4.46454e-02 2.79750e-02 -3.26866e-01 2 2 0 6.20528 2 2 2
3 55 5.57543e-02 -5.07009e-02 3.17725e-02 -3.25446e-01 2 2 0 6.20875 2 2 2
3 55 5.56662e-02 -5.73598e-02 3.59497e-02 -3.23677e-01 2 2 0 6.21310 2 2 2
3 55 5.55564e-02 -6.46815e-02 4.05447e-02 -3.21479e-01 2 2 0 6.21852 2 2 2
3 55 5.54199e-02 -7.27313e-02 4.55992e-02 -3.18756e-01 2 2 0 6.22526 2 2 2
3 55 5.52507e-02 -8.15804e-02 5.11591e-02 -3.15393e-01 2 2 0 6.23363 2 2 2
3 55 5.50410e-02 -9.13066e-02 5.72750e-02 -3.11248e-01 2 2 0 6.24402 2 2 2
4 55 8.38485e-02 -1.59622e-03 1.00000e-03 -3.29812e-01 3 3 0 9.31073 3 3 3
4 55 8.38469e-02 -3.35207e-03 2.10000e-03 -3.29791e-01 3 3 0 9.31080 3 3 3
4 55 8.38439e-02 -5.28348e-03 3.31000e-03 -3.29750e-01 3 3 0 9.31095 3 3 3
4 55 8.38390e-02 -7.40801e-03 4.64100e-03 -3.29684e-01 3 3 0 9.31119 3 3 3
4 55 8.38318e-02 -9.74495e-03 6.10510e-03 -3.29586e-01 3 3 0 9.31155 3 3 3
4 55 8.38215e-02 -1.23155e-02 7.71561e-03 -3.29447e-01 3 3 0 9.31206 3 3 3
4 55 8.38075e-02 -1.51431e-02 9.48717e-03 -3.29257e-01 3 3 0 9.31276 3 3 3
4 55 8.37887e-02 -1.82532e-02 1.14359e-02 -3.29003e-01 3 3 0 9.31369 3 3 3
4 55 8.37640e-02 -2.16742e-02 1.35795e-02 -3.28668e-01 3 3 0 9.31491 3 3 3
4 55 8.37320e-02 -2.54370e-02 1.59374e-02 -3.28234e-01 3 3 0 9.31650 3 3 3
4 55 8.36908e-02 -2.95756e-02 1.85312e-02 -3.27677e-01 3 3 0 9.31854 3 3 3
4 55 8.36382e-02 -3.41275e-02 2.13843e-02 -3.26967e-01 3 3 0 9.32115 3 3 3
4 55 8.35717e-02 -3.91337e-02 2.45227e-02 -3.26069e-01 3 3 0 9.32445 3 3 3
4 55 8.34878e-02 -4.46395e-02 2.79750e-02 -3.24939e-01 3 3 0 9.32862 3 3 3
4 55 8.33827e-02 -5.06942e-02 3.17725e-02 -3.23525e-01 3 3 0 9.33384 3 3 3
4 55 8.32514e-02 -5.73522e-02 3.59497e-02 -3.21761e-01 3 3 0 9.34036 3 3 3
4 55 8.30877e-02 -6.46729e-02 4.05447e-02 -3.19571e-01 3 3 0 9.34850 3 3 3
4 55 8.28844e-02 -7.27216e-02 4.55992e-02 -3.16858e-01 3 3 0 9.35862 3 3 3
4 55 8.26321e-02 -8.15696e-02 5.11591e-02 -3.13506e-01 3 3 0 9.37120 3 3 3
4 55 8.23195e-02 -9.12945e-02 5.72750e-02 -3.09376e-01 3 3 0 9.38680 3 3 3
4 55 8.19325e-02 -1.01981e-01 6.40025e-02 -3.04295e-01 3 3 0 9.40614 3 3 3
4 55 8.14534e-02 -1.13722e-01 7.14028e-02 -2.98058e-01 3 3 0 9.43014 3 3 3
