70 95 2.04616e-01 -1.59429e-03 1.00000e-03 -3.12393e-01 13 13 0 41.18287 13 13 13
70 95 2.04612e-01 -3.34801e-03 2.10000e-03 -3.12373e-01 13 13 0 41.18321 13 13 13
70 95 2.04605e-01 -5.27709e-03 3.31000e-03 -3.12333e-01 13 13 0 41.18387 13 13 13
70 95 2.04593e-01 -7.39905e-03 4.64100e-03 -3.12269e-01 13 13 0 41.18493 13 13 13
70 95 2.04576e-01 -9.73316e-03 6.10510e-03 -3.12174e-01 13 13 0 41.18650 13 13 13
70 95 2.04552e-01 -1.23006e-02 7.71561e-03 -3.12039e-01 13 13 0 41.18874 13 13 13
70 95 2.04519e-01 -1.51248e-02 9.48717e-03 -3.11855e-01 13 13 0 41.19179 13 13 13
70 95 2.04475e-01 -1.82311e-02 1.14359e-02 -3.11608e-01 13 13 0 41.19588 13 13 13
70 95 2.04417e-01 -2.16480e-02 1.35795e-02 -3.11284e-01 13 13 0 41.20126 13 13 13
70 95 2.04342e-01 -2.54062e-02 1.59374e-02 -3.10863e-01 13 13 0 41.20825 13 13 13
70 95 2.04245e-01 -2.95398e-02 1.85312e-02 -3.10322e-01 13 13 0 41.21723 13 13 13
70 95 2.04121e-01 -3.40862e-02 2.13843e-02 -3.09633e-01 13 13 0 41.22869 13 13 13
70 95 2.03964e-01 -3.90864e-02 2.45227e-02 -3.08762e-01 13 13 0 41.24320 13 13 13
70 95 2.03767e-01 -4.45855e-02 2.79750e-02 -3.07666e-01 13 13 0 41.26149 13 13 13
70 95 2.03519e-01 -5.06329e-02 3.17725e-02 -3.06294e-01 13 13 0 41.28443 13 13 13
70 95 2.03209e-01 -5.72829e-02 3.59497e-02 -3.04584e-01 13 13 0 41.31311 13 13 13
70 95 2.02824e-01 -6.45948e-02 4.05447e-02 -3.02459e-01 13 13 0 41.34886 13 13 13
70 95 2.02344e-01 -7.26338e-02 4.55992e-02 -2.99828e-01 13 13 0 41.39333 13 13 13
70 95 2.01748e-01 -8.14711e-02 5.11591e-02 -2.96577e-01 13 13 0 41.44856 13 13 13
70 95 2.01010e-01 -9.11844e-02 5.72750e-02 -2.92571e-01 13 13 0 41.51707 13 13 13
70 95 2.00094e-01 -1.01858e-01 6.40025e-02 -2.87645e-01 13 13 0 41.60202 13 13 13
70 95 1.98960e-01 -1.13585e-01 7.14028e-02 -2.81598e-01 13 13 0 41.70738 13 13 13
70 95 1.97553e-01 -1.26465e-01 7.95430e-02 -2.74188e-01 13 13 0 41.83813 13 13 13
71 95 2.15000e-01 6.48055e-03 1.00000e-03 -3.10195e-01 3 3 1 43.54478 3 3 3
71 95 2.14981e-01 1.36095e-02 2.10000e-03 -3.10110e-01 3 3 1 43.54897 3 3 3
71 95 2.14944e-01 2.14524e-02 3.31000e-03 -3.09948e-01 3 3 1 43.55701 3 3 3
71 95 2.14884e-01 3.00815e-02 4.64100e-03 -3.09686e-01 3 3 1 43.57003 3 3 3
71 95 2.14794e-01 3.95767e-02 6.10510e-03 -3.09296e-01 3 3 1 43.58945 3 3 3
71 95 2.14668e-01 5.00266e-02 7.71561e-03 -3.08743e-01 3 3 1 43.61705 3 3 3
71 95 2.14495e-01 6.15295e-02 9.48717e-03 -3.07986e-01 3 3 1 43.65506 3 3 3
71 95 2.14265e-01 7.41948e-02 1.14359e-02 -3.06972e-01 3 3 1 43.70633 3 3 3
71 95 2.13962e-01 8.81448e-02 1.35795e-02 -3.05637e-01 3 3 1 43.77452 3 3 3
71 95 2.13570e-01 1.03517e-01 1.59374e-02 -3.03899e-01 3 3 1 43.86431 3 3 3
71 95 2.13068e-01 1.20465e-01 1.85312e-02 -3.01661e-01 3 3 1 43.98188 3 3 3
71 95 2.12432e-01 1.39168e-01 2.13843e-02 -2.98799e-01 3 3 1 44.13543 3 3 3
71 95 2.11633e-01 1.59828e-01 2.45227e-02 -2.95160e-01 3 3 1 44.33613 3 3 3
71 95 2.10638e-01 1.82687e-01 2.79750e-02 -2.90549e-01 3 3 1 44.59963 3 3 3
71 95 2.09408e-01 2.08034e-01 3.17725e-02 -2.84721e-01 3 3 1 44.94863 3 3 3
71 95 2.07906e-01 2.36235e-01 3.59497e-02 -2.77356e-01 3 3 1 45.41770 3 3 3
71 95 2.06098e-01 2.67781e-01 4.05447e-02 -2.68023e-01 3 3 1 46.06318 3 3 3
71 95 2.03976e-01 3.03432e-01 4.55992e-02 -2.56098e-01 3 3 1 46.98667 3 3 3
71 95 2.01598e-01 3.45080e-01 5.11591e-02 -2.40386e-01 3 3 1 48.41974 3 3 4
72 95 2.19238e-01 -1.59395e-03 1.00000e-03 -3.09294e-01 14 14 0 44.51816 14 14 14
72 95 2.19235e-01 -3.34728e-03 2.10000e-03 -3.09274e-01 14 14 0 44.51853 14 14 14
72 95 2.19227e-01 -5.27594e-03 3.31000e-03 -3.09234e-01 14 14 0 44.51924 14 14 14
72 95 2.19215e-01 -7.39743e-03 4.64100e-03 -3.09171e-01 14 14 0 44.52038 14 14 14
72 95 2.19197e-01 -9.73104e-03 6.10510e-03 -3.09076e-01 14 14 0 44.52209 14 14 14
72 95 2.19171e-01 -1.22980e-02 7.71561e-03 -3.08942e-01 14 14 0 44.52450 14 14 14
72 95 2.19136e-01 -1.51215e-02 9.48717e-03 -3.08759e-01 14 14 0 44.52780 14 14 14
72 95 2.19089e-01 -1.82272e-02 1.14359e-02 -3.08513e-01 14 14 0 44.53222 14 14 14
72 95 2.19027e-01 -2.16433e-02 1.35795e-02 -3.08191e-01 14 14 0 44.53803 14 14 14
72 95 2.18947e-01 -2.54007e-02 1.59374e-02 -3.07772e-01 14 14 0 44.54558 14 14 14
72 95 2.18844e-01 -2.95334e-02 1.85312e-02 -3.07234e-01 14 14 0 44.55529 14 14 14
72 95 2.18712e-01 -3.40788e-02 2.13843e-02 -3.06549e-01 14 14 0 44.56767 14 14 14
72 95 2.18545e-01 -3.90779e-02 2.45227e-02 -3.05682e-01 14 14 0 44.58335 14 14 14
72 95 2.18335e-01 -4.45758e-02 2.79750e-02 -3.04592e-01 14 14 0 44.60310 14 14 14
72 95 2.18072e-01 -5.06219e-02 3.17725e-02 -3.03227e-01 14 14 0 44.62789 14 14 14
72 95 2.17743e-01 -5.72704e-02 3.59497e-02 -3.01526e-01 14 14 0 44.65888 14 14 14
72 95 2.17332e-01 -6.45808e-02 4.05447e-02 -2.99412e-01 14 14 0 44.69751 14 14 14
72 95 2.16822e-01 -7.26181e-02 4.55992e-02 -2.96794e-01 14 14 0 44.74555 14 14 14
72 95 2.16188e-01 -8.14537e-02 5.11591e-02 -2.93561e-01 14 14 0 44.80522 14 14 14
72 95 2.15401e-01 -9.11652e-02 5.72750e-02 -2.89577e-01 14 14 0 44.87924 14 14 14
72 95 2.14427e-01 -1.01838e-01 6.40025e-02 -2.84677e-01 14 14 0 44.97102 14 14 14
72 95 2.13218e-01 -1.13564e-01 7.14028e-02 -2.78662e-01 14 14 0 45.08483 14 14 14
72 95 2.11719e-01 -1.26446e-01 7.95430e-02 -2.71291e-01 14 14 0 45.22609 14 14 14
72 95 2.09858e-01 -1.40596e-01 8.84973e-02 -2.62271e-01 14 14 0 45.40168 14 14 14
73 95 2.33634e-01 -1.59358e-03 1.00000e-03 -3.06035e-01 15 15 0 47.88928 15 15 15
73 95 2.33629e-01 -3.34651e-03 2.10000e-03 -3.06014e-01 15 15 0 47.88968 15 15 15
73 95 2.33621e-01 -5.27472e-03 3.31000e-03 -3.05975e-01 15 15 0 47.89044 15 15 15
73 95 2.33609e-01 -7.39573e-03 4.64100e-03 -3.05912e-01 15 15 0 47.89167 15 15 15
73 95 2.33589e-01 -9.72880e-03 6.10510e-03 -3.05818e-01 15 15 0 47.89350 15 15 15
73 95 2.33562e-01 -1.22951e-02 7.71561e-03 -3.05684e-01 15 15 0 47.89609 15 15 15
73 95 2.33525e-01 -1.51180e-02 9.48717e-03 -3.05502e-01 15 15 0 47.89965 15 15 15
73 95 2.33476e-01 -1.82230e-02 1.14359e-02 -3.05258e-01 15 15 0 47.90440 15 15 15
73 95 2.33410e-01 -2.16383e-02 1.35795e-02 -3.04937e-01 15 15 0 47.91065 15 15 15
73 95 2.33325e-01 -2.53948e-02 1.59374e-02 -3.04521e-01 15 15 0 47.91877 15 15 15
73 95 2.33216e-01 -2.95266e-02 1.85312e-02 -3.03985e-01 15 15 0 47.92921 15 15 15
73 95 2.33077e-01 -3.40709e-02 2.13843e-02 -3.03304e-01 15 15 0 47.94252 15 15 15
73 95 2.32901e-01 -3.90689e-02 2.45227e-02 -3.02442e-01 15 15 0 47.95939 15 15 15
73 95 2.32679e-01 -4.45655e-02 2.79750e-02 -3.01358e-01 15 15 0 47.98064 15 15 15
73 95 2.32400e-01 -5.06102e-02 3.17725e-02 -3.00000e-01 15 15 0 48.00730 15 15 15
73 95 2.32052e-01 -5.72572e-02 3.59497e-02 -2.98308e-01 15 15 0 48.04062 15 15 15
73 95 2.31618e-01 -6.45659e-02 4.05447e-02 -2.96206e-01 15 15 0 48.08216 15 15 15
73 95 2.31078e-01 -7.26013e-02 4.55992e-02 -2.93603e-01 15 15 0 48.13384 15 15 15
73 95 2.30408e-01 -8.14346e-02 5.11591e-02 -2.90387e-01 15 15 0 48.19800 15 15 15
73 95 2.29576e-01 -9.11436e-02 5.72750e-02 -2.86425e-01 15 15 0 48.27760 15 15 15
73 95 2.28546e-01 -1.01813e-01 6.40025e-02 -2.81552e-01 15 15 0 48.37630 15 15 15
73 95 2.27269e-01 -1.13534e-01 7.14028e-02 -2.75571e-01 15 15 0 48.49868 15 15 15
73 95 2.25686e-01 -1.26408e-01 7.95430e-02 -2.68241e-01 15 15 0 48.65057 15 15 15
73 95 2.23723e-01 -1.40542e-01 8.84973e-02 -2.59272e-01 15 15 0 48.83937 15 15 15
73 95 2.21288e-01 -1.56052e-01 9.83471e-02 -2.48312e-01 15 15 0 49.07461 15 15 15
73 95 2.18264e-01 -1.73060e-01 1.09182e-01 -2.34936e-01 15 15 0 49.36878 15 15 15
