0 11 7.32376e-01 3.23962e-02 1.00000e-03 -6.46164e-02 2 8 1 67.54698 2 2 13
0 11 7.30540e-01 6.91626e-02 2.10000e-03 -6.40755e-02 2 8 1 67.67002 2 2 13
0 11 7.27775e-01 1.02063e-01 3.31000e-03 -6.32419e-02 2 8 1 67.86633 2 2 13
0 11 7.27967e-01 1.00153e-01 4.64100e-03 -6.32421e-02 2 8 1 67.86560 2 2 13
0 11 7.28188e-01 9.77281e-02 6.10510e-03 -6.32426e-02 2 10 1 67.86360 2 2 13
0 11 7.28439e-01 9.46587e-02 7.71561e-03 -6.32435e-02 2 10 1 67.85993 2 2 13
0 11 7.28723e-01 9.07732e-02 9.48717e-03 -6.32448e-02 2 10 1 67.85412 2 2 12
0 11 7.29038e-01 8.58412e-02 1.14359e-02 -6.32466e-02 2 10 1 67.84556 2 2 12
0 11 7.29382e-01 7.95393e-02 1.35795e-02 -6.32487e-02 4 10 1 67.83350 2 2 11
0 11 7.29746e-01 7.13837e-02 1.59374e-02 -6.32510e-02 4 11 1 67.81698 2 3 11
0 11 7.30108e-01 6.05735e-02 1.85312e-02 -6.32530e-02 4 11 1 67.79478 2 3 11
0 11 7.30420e-01 4.55295e-02 2.13843e-02 -6.32538e-02 4 11 1 67.76509 2 5 11
0 11 7.30534e-01 2.16643e-02 2.45227e-02 -6.32520e-02 4 11 1 67.72450 2 9 11
0 11 7.28945e-01 -3.61022e-02 2.79750e-02 -6.30882e-02 11 11 0 67.67538 11 11 11
1 11 7.33154e-01 -1.28947e-03 1.00000e-03 -6.45699e-02 11 11 0 67.71431 11 11 11
1 11 7.33136e-01 -2.70790e-03 2.10000e-03 -6.45634e-02 11 11 0 67.71415 11 11 11
1 11 7.33101e-01 -4.26819e-03 3.31000e-03 -6.45510e-02 11 11 0 67.71384 11 11 11
1 11 7.33044e-01 -5.98456e-03 4.64100e-03 -6.45309e-02 11 11 0 67.71333 11 11 11
1 11 7.32960e-01 -7.87264e-03 6.10510e-03 -6.45011e-02 11 11 0 67.71257 11 11 11
1 11 7.32840e-01 -9.94965e-03 7.71561e-03 -6.44589e-02 11 11 0 67.71149 11 11 11
1 11 7.32676e-01 -1.22346e-02 9.48717e-03 -6.44012e-02 11 11 0 67.71002 11 11 11
1 11 7.32457e-01 -1.47482e-02 1.14359e-02 -6.43239e-02 11 11 0 67.70804 11 11 11
1 11 7.32169e-01 -1.75137e-02 1.35795e-02 -6.42223e-02 11 11 0 67.70542 11 11 11
1 11 7.31795e-01 -2.05562e-02 1.59374e-02 -6.40904e-02 11 11 0 67.70201 11 11 11
1 11 7.31313e-01 -2.39039e-02 1.85312e-02 -6.39209e-02 11 11 0 67.69759 11 11 11
1 11 7.30700e-01 -2.75874e-02 2.13843e-02 -6.37050e-02 11 11 0 67.69192 11 11 11
1 11 7.29923e-01 -3.16410e-02 2.45227e-02 -6.34319e-02 11 11 0 67.68465 11 11 11
1 11 7.28945e-01 -3.61022e-02 2.79750e-02 -6.30882e-02 11 11 0 67.67538 11 11 11
1 11 7.27718e-01 -4.10126e-02 3.17725e-02 -6.26579e-02 11 11 0 67.66356 11 11 11
1 11 7.26186e-01 -4.64184e-02 3.59497e-02 -6.21211e-02 11 11 0 67.64850 11 11 11
1 11 7.24277e-01 -5.23708e-02 4.05447e-02 -6.14540e-02 11 11 0 67.62927 11 11 11
1 11 7.21905e-01 -5.89265e-02 4.55992e-02 -6.06272e-02 11 11 0 67.60465 11 11 11
2 11 7.41435e-01 -1.19190e-03 1.00000e-03 -5.84650e-02 12 12 0 74.58758 8 12 12
2 11 7.41415e-01 -2.50295e-03 2.10000e-03 -5.84602e-02 12 12 0 74.58798 8 12 12
2 11 7.41377e-01 -3.94498e-03 3.31000e-03 -5.84508e-02 12 12 0 74.58876 8 12 12
2 11 7.41316e-01 -5.53099e-03 4.64100e-03 -5.84356e-02 12 12 0 74.59002 8 12 12
2 11 7.41225e-01 -7.27523e-03 6.10510e-03 -5.84131e-02 12 12 0 74.59189 8 12 12
2 11 7.41097e-01 -9.19330e-03 7.71561e-03 -5.83812e-02 12 12 0 74.59454 8 12 12
2 11 7.40921e-01 -1.13023e-02 9.48717e-03 -5.83376e-02 12 12 0 74.59815 8 12 12
2 11 7.40686e-01 -1.36208e-02 1.14359e-02 -5.82791e-02 12 12 0 74.60298 8 12 12
2 11 7.40376e-01 -1.61692e-02 1.35795e-02 -5.82022e-02 12 12 0 74.60931 8 12 12
2 11 7.39974e-01 -1.89697e-02 1.59374e-02 -5.81024e-02 12 12 0 74.61748 8 12 12
2 11 7.39458e-01 -2.20462e-02 1.85312e-02 -5.79740e-02 12 12 0 74.62794 8 12 12
2 11 7.38801e-01 -2.54249e-02 2.13843e-02 -5.78102e-02 12 12 0 74.64116 8 12 12
2 11 7.37969e-01 -2.91338e-02 2.45227e-02 -5.76028e-02 12 12 0 74.65775 8 12 12
2 11 7.36923e-01 -3.32031e-02 2.79750e-02 -5.73413e-02 12 12 0 74.67838 8 12 12
2 11 7.35613e-01 -3.76650e-02 3.17725e-02 -5.70132e-02 12 12 0 74.70384 8 12 12
2 11 7.33980e-01 -4.25538e-02 3.59497e-02 -5.66029e-02 12 12 0 74.73501 8 12 12
2 11 7.31950e-01 -4.79057e-02 4.05447e-02 -5.60911e-02 12 12 0 74.77282 8 12 12
2 11 7.29435e-01 -5.37585e-02 4.55992e-02 -5.54540e-02 12 12 0 74.81823 8 12 12
2 11 7.26328e-01 -6.01502e-02 5.11591e-02 -5.46616e-02 12 12 0 74.87211 8 12 12
2 11 7.22499e-01 -6.71117e-02 5.72750e-02 -5.36765e-02 12 12 0 74.93509 8 12 12
2 11 7.17804e-01 -7.45924e-02 6.40025e-02 -5.24482e-02 12 12 0 75.00743 8 12 12
