63 79 2.42622e-01 -1.59334e-03 1.00000e-03 -3.03894e-01 13 13 0 41.61418 13 13 13
63 79 2.42618e-01 -3.34600e-03 2.10000e-03 -3.03874e-01 13 13 0 41.61453 13 13 13
63 79 2.42610e-01 -5.27392e-03 3.31000e-03 -3.03835e-01 13 13 0 41.61519 13 13 13
63 79 2.42596e-01 -7.39461e-03 4.64100e-03 -3.03772e-01 13 13 0 41.61626 13 13 13
63 79 2.42577e-01 -9.72733e-03 6.10510e-03 -3.03678e-01 13 13 0 41.61785 13 13 13
63 79 2.42549e-01 -1.22933e-02 7.71561e-03 -3.03545e-01 13 13 0 41.62011 13 13 13
63 79 2.42510e-01 -1.51157e-02 9.48717e-03 -3.03363e-01 13 13 0 41.62319 13 13 13
63 79 2.42459e-01 -1.82202e-02 1.14359e-02 -3.03120e-01 13 13 0 41.62732 13 13 13
63 79 2.42392e-01 -2.16350e-02 1.35795e-02 -3.02800e-01 13 13 0 41.63275 13 13 13
63 79 2.42304e-01 -2.53910e-02 1.59374e-02 -3.02385e-01 13 13 0 41.63981 13 13 13
63 79 2.42191e-01 -2.95221e-02 1.85312e-02 -3.01852e-01 13 13 0 41.64888 13 13 13
63 79 2.42048e-01 -3.40658e-02 2.13843e-02 -3.01173e-01 13 13 0 41.66045 13 13 13
63 79 2.41866e-01 -3.90630e-02 2.45227e-02 -3.00314e-01 13 13 0 41.67511 13 13 13
63 79 2.41637e-01 -4.45588e-02 2.79750e-02 -2.99233e-01 13 13 0 41.69357 13 13 13
63 79 2.41349e-01 -5.06025e-02 3.17725e-02 -2.97881e-01 13 13 0 41.71674 13 13 13
63 79 2.40989e-01 -5.72485e-02 3.59497e-02 -2.96195e-01 13 13 0 41.74570 13 13 13
63 79 2.40542e-01 -6.45561e-02 4.05447e-02 -2.94100e-01 13 13 0 41.78180 13 13 13
63 79 2.39985e-01 -7.25903e-02 4.55992e-02 -2.91506e-01 13 13 0 41.82670 13 13 13
63 79 2.39294e-01 -8.14223e-02 5.11591e-02 -2.88301e-01 13 13 0 41.88247 13 13 13
63 79 2.38439e-01 -9.11297e-02 5.72750e-02 -2.84352e-01 13 13 0 41.95165 13 13 13
63 79 2.37383e-01 -1.01797e-01 6.40025e-02 -2.79495e-01 13 13 0 42.03745 13 13 13
63 79 2.36080e-01 -1.13517e-01 7.14028e-02 -2.73532e-01 13 13 0 42.14387 13 13 13
63 79 2.34479e-01 -1.26389e-01 7.95430e-02 -2.66221e-01 13 13 0 42.27600 13 13 13
63 79 2.32518e-01 -1.40521e-01 8.84973e-02 -2.57269e-01 13 13 0 42.44037 13 13 13
63 79 2.30131e-01 -1.56028e-01 9.83471e-02 -2.46320e-01 13 13 0 42.64547 13 13 13
64 79 2.55545e-01 6.57959e-03 1.00000e-03 -3.00655e-01 3 3 1 44.24902 3 3 3
64 79 2.55522e-01 1.38175e-02 2.10000e-03 -3.00570e-01 3 3 1 44.25340 3 3 3
64 79 2.55476e-01 2.17803e-02 3.31000e-03 -3.00407e-01 3 3 1 44.26182 3 3 3
64 79 2.55402e-01 3.05412e-02 4.64100e-03 -3.00144e-01 3 3 1 44.27545 3 3 3
64 79 2.55292e-01 4.01815e-02 6.10510e-03 -2.99753e-01 3 3 1 44.29579 3 3 3
64 79 2.55137e-01 5.07911e-02 7.71561e-03 -2.99198e-01 3 3 1 44.32469 3 3 3
64 79 2.54924e-01 6.24698e-02 9.48717e-03 -2.98439e-01 3 3 1 44.36451 3 3 3
64 79 2.54640e-01 7.53287e-02 1.14359e-02 -2.97421e-01 3 3 1 44.41824 3 3 3
64 79 2.54268e-01 8.94921e-02 1.35795e-02 -2.96081e-01 3 3 1 44.48972 3 3 3
64 79 2.53786e-01 1.05099e-01 1.59374e-02 -2.94337e-01 3 3 1 44.58393 3 3 3
64 79 2.53168e-01 1.22308e-01 1.85312e-02 -2.92090e-01 3 3 1 44.70739 3 3 3
64 79 2.52386e-01 1.41299e-01 2.13843e-02 -2.89215e-01 3 3 1 44.86884 3 3 3
64 79 2.51403e-01 1.62282e-01 2.45227e-02 -2.85557e-01 3 3 1 45.08021 3 3 3
64 79 2.50178e-01 1.85503e-01 2.79750e-02 -2.80920e-01 3 3 1 45.35835 3 3 3
64 79 2.48801e-01 2.08868e-01 3.17725e-02 -2.75522e-01 3 3 1 45.69759 3 3 3
64 79 2.46815e-01 2.39955e-01 3.59497e-02 -2.67624e-01 3 3 1 46.22704 3 3 3
64 79 2.44587e-01 2.72117e-01 4.05447e-02 -2.58179e-01 3 3 1 46.91907 3 3 3
64 79 2.41967e-01 3.08691e-01 4.55992e-02 -2.46018e-01 3 3 1 47.92361 3 3 3
64 79 2.38929e-01 3.53603e-01 5.11591e-02 -2.29186e-01 3 3 1 49.58818 3 3 6
65 79 2.59431e-01 -1.59286e-03 1.00000e-03 -2.99675e-01 14 14 0 45.05240 14 14 14
65 79 2.59426e-01 -3.34500e-03 2.10000e-03 -2.99655e-01 14 14 0 45.05278 14 14 14
65 79 2.59418e-01 -5.27234e-03 3.31000e-03 -2.99616e-01 14 14 0 45.05349 14 14 14
65 79 2.59404e-01 -7.39240e-03 4.64100e-03 -2.99553e-01 14 14 0 45.05465 14 14 14
65 79 2.59383e-01 -9.72442e-03 6.10510e-03 -2.99460e-01 14 14 0 45.05638 14 14 14
65 79 2.59353e-01 -1.22896e-02 7.71561e-03 -2.99328e-01 14 14 0 45.05882 14 14 14
65 79 2.59313e-01 -1.51112e-02 9.48717e-03 -2.99148e-01 14 14 0 45.06216 14 14 14
65 79 2.59258e-01 -1.82148e-02 1.14359e-02 -2.98906e-01 14 14 0 45.06663 14 14 14
65 79 2.59187e-01 -2.16285e-02 1.35795e-02 -2.98588e-01 14 14 0 45.07252 14 14 14
65 79 2.59095e-01 -2.53834e-02 1.59374e-02 -2.98176e-01 14 14 0 45.08016 14 14 14
65 79 2.58975e-01 -2.95133e-02 1.85312e-02 -2.97647e-01 14 14 0 45.08999 14 14 14
65 79 2.58824e-01 -3.40556e-02 2.13843e-02 -2.96972e-01 14 14 0 45.10252 14 14 14
65 79 2.58631e-01 -3.90513e-02 2.45227e-02 -2.96119e-01 14 14 0 45.11840 14 14 14
65 79 2.58389e-01 -4.45454e-02 2.79750e-02 -2.95046e-01 14 14 0 45.13840 14 14 14
65 79 2.58084e-01 -5.05874e-02 3.17725e-02 -2.93703e-01 14 14 0 45.16349 14 14 14
65 79 2.57703e-01 -5.72314e-02 3.59497e-02 -2.92028e-01 14 14 0 45.19485 14 14 14
65 79 2.57228e-01 -6.45367e-02 4.05447e-02 -2.89948e-01 14 14 0 45.23395 14 14 14
65 79 2.56637e-01 -7.25686e-02 4.55992e-02 -2.87373e-01 14 14 0 45.28257 14 14 14
65 79 2.55902e-01 -8.13979e-02 5.11591e-02 -2.84191e-01 14 14 0 45.34294 14 14 14
65 79 2.54988e-01 -9.11025e-02 5.72750e-02 -2.80272e-01 14 14 0 45.41783 14 14 14
65 79 2.53852e-01 -1.01767e-01 6.40025e-02 -2.75453e-01 14 14 0 45.51066 14 14 14
65 79 2.52438e-01 -1.13484e-01 7.14028e-02 -2.69540e-01 14 14 0 45.62574 14 14 14
65 79 2.50674e-01 -1.26352e-01 7.95430e-02 -2.62297e-01 14 14 0 45.76849 14 14 14
65 79 2.48465e-01 -1.40480e-01 8.84973e-02 -2.53440e-01 14 14 0 45.94581 14 14 14
65 79 2.45680e-01 -1.55984e-01 9.83471e-02 -2.42628e-01 14 14 0 46.16653 14 14 14
66 79 2.75875e-01 -1.59236e-03 1.00000e-03 -2.95274e-01 15 15 0 48.54059 15 15 15
66 79 2.75870e-01 -3.34395e-03 2.10000e-03 -2.95254e-01 15 15 0 48.54100 15 15 15
66 79 2.75861e-01 -5.27069e-03 3.31000e-03 -2.95215e-01 15 15 0 48.54177 15 15 15
66 79 2.75846e-01 -7.39008e-03 4.64100e-03 -2.95153e-01 15 15 0 48.54302 15 15 15
66 79 2.75824e-01 -9.72137e-03 6.10510e-03 -2.95060e-01 15 15 0 48.54488 15 15 15
66 79 2.75793e-01 -1.22857e-02 7.71561e-03 -2.94929e-01 15 15 0 48.54751 15 15 15
66 79 2.75750e-01 -1.51064e-02 9.48717e-03 -2.94750e-01 15 15 0 48.55112 15 15 15
66 79 2.75694e-01 -1.82090e-02 1.14359e-02 -2.94510e-01 15 15 0 48.55594 15 15 15
66 79 2.75619e-01 -2.16217e-02 1.35795e-02 -2.94195e-01 15 15 0 48.56229 15 15 15
66 79 2.75522e-01 -2.53754e-02 1.59374e-02 -2.93785e-01 15 15 0 48.57054 15 15 15
66 79 2.75396e-01 -2.95040e-02 1.85312e-02 -2.93259e-01 15 15 0 48.58114 15 15 15
66 79 2.75237e-01 -3.40449e-02 2.13843e-02 -2.92590e-01 15 15 0 48.59466 15 15 15
66 79 2.75035e-01 -3.90390e-02 2.45227e-02 -2.91742e-01 15 15 0 48.61178 15 15 15
66 79 2.74780e-01 -4.45315e-02 2.79750e-02 -2.90677e-01 15 15 0 48.63336 15 15 15
66 79 2.74460e-01 -5.05716e-02 3.17725e-02 -2.89343e-01 15 15 0 48.66042 15 15 15
66 79 2.74060e-01 -5.72137e-02 3.59497e-02 -2.87680e-01 15 15 0 48.69425 15 15 15
66 79 2.73561e-01 -6.45170e-02 4.05447e-02 -2.85615e-01 15 15 0 48.73642 15 15 15
66 79 2.72939e-01 -7.25467e-02 4.55992e-02 -2.83058e-01 15 15 0 48.78886 15 15 15
66 79 2.72165e-01 -8.13740e-02 5.11591e-02 -2.79899e-01 15 15 0 48.85398 15 15 15
66 79 2.71203e-01 -9.10769e-02 5.72750e-02 -2.76008e-01 15 15 0 48.93473 15 15 15
66 79 2.70007e-01 -1.01740e-01 6.40025e-02 -2.71224e-01 15 15 0 49.03484 15 15 15
66 79 2.68516e-01 -1.13457e-01 7.14028e-02 -2.65355e-01 15 15 0 49.15893 15 15 15
66 79 2.66656e-01 -1.26329e-01 7.95430e-02 -2.58166e-01 15 15 0 49.31286 15 15 15
66 79 2.64326e-01 -1.40465e-01 8.84973e-02 -2.49375e-01 15 15 0 49.50406 15 15 15
66 79 2.61389e-01 -1.55985e-01 9.83471e-02 -2.38645e-01 15 15 0 49.74206 15 15 15
66 79 2.57657e-01 -1.73019e-01 1.09182e-01 -2.25569e-01 15 15 0 50.03928 15 15 15
