8 2 8.04039e-01 -1.70493e-03 1.00000e-03 -1.00875e-02 5 5 0 65.51278 1 5 5
8 2 8.04015e-01 -3.58031e-03 2.10000e-03 -1.00849e-02 5 5 0 65.51226 1 5 5
8 2 8.03969e-01 -5.64317e-03 3.31000e-03 -1.00798e-02 5 5 0 65.51126 1 5 5
8 2 8.03894e-01 -7.91219e-03 4.64100e-03 -1.00716e-02 5 5 0 65.50965 1 5 5
8 2 8.03783e-01 -1.04079e-02 6.10510e-03 -1.00595e-02 5 5 0 65.50725 1 5 5
8 2 8.03625e-01 -1.31528e-02 7.71561e-03 -1.00422e-02 5 5 0 65.50384 1 5 5
8 2 8.03410e-01 -1.61717e-02 9.48717e-03 -1.00187e-02 5 5 0 65.49916 1 5 5
8 2 8.03122e-01 -1.94917e-02 1.14359e-02 -9.98717e-03 5 5 0 65.49287 1 5 5
8 2 8.02743e-01 -2.31426e-02 1.35795e-02 -9.94571e-03 5 5 0 65.48453 1 5 5
8 2 8.02250e-01 -2.71569e-02 1.59374e-02 -9.89191e-03 5 5 0 65.47362 1 5 5
8 2 8.01617e-01 -3.15704e-02 1.85312e-02 -9.82280e-03 5 5 0 65.45943 1 5 5
8 2 8.00811e-01 -3.64219e-02 2.13843e-02 -9.73476e-03 5 5 0 65.44110 1 5 5
8 2 7.99789e-01 -4.17540e-02 2.45227e-02 -9.62337e-03 5 5 0 65.41747 1 5 5
8 2 7.98503e-01 -4.76130e-02 2.79750e-02 -9.48325e-03 5 5 0 65.38708 1 5 5
8 2 7.96891e-01 -5.40493e-02 3.17725e-02 -9.30782e-03 5 5 0 65.34794 1 5 5
8 2 7.94877e-01 -6.11173e-02 3.59497e-02 -9.08904e-03 5 5 0 65.29743 1 5 5
8 2 7.92370e-01 -6.88759e-02 4.05447e-02 -8.81713e-03 5 5 0 65.23200 1 5 5
8 2 7.89256e-01 -7.73882e-02 4.55992e-02 -8.48012e-03 5 5 0 65.14674 1 5 5
8 2 7.85396e-01 -8.67218e-02 5.11591e-02 -8.06337e-03 5 5 0 65.03486 1 5 5
8 2 7.80619e-01 -9.69485e-02 5.72750e-02 -7.54892e-03 5 5 0 64.88670 1 5 5
8 2 7.74712e-01 -1.08144e-01 6.40025e-02 -6.91457e-03 5 5 0 64.68845 1 5 5
8 2 7.67415e-01 -1.20386e-01 7.14028e-02 -6.13264e-03 5 5 0 64.42000 1 5 5
8 2 7.58399e-01 -1.33757e-01 7.95430e-02 -5.16812e-03 5 5 0 64.05174 1 5 5
8 2 7.47257e-01 -1.48339e-01 8.84973e-02 -3.97559e-03 5 5 0 63.53973 1 5 5
8 2 7.33478e-01 -1.64217e-01 9.83471e-02 -2.49406e-03 5 5 0 62.81859 1 5 5
9 2 8.08481e-01 -1.46888e-03 1.00000e-03 -6.50656e-03 6 6 0 95.28436 6 6 6
9 2 8.08458e-01 -3.08467e-03 2.10000e-03 -6.50453e-03 6 6 0 95.28342 6 6 6
9 2 8.08413e-01 -4.86205e-03 3.31000e-03 -6.50064e-03 6 6 0 95.28161 6 6 6
9 2 8.08342e-01 -6.81722e-03 4.64100e-03 -6.49435e-03 6 6 0 95.27868 6 6 6
9 2 8.08235e-01 -8.96800e-03 6.10510e-03 -6.48500e-03 6 6 0 95.27431 6 6 6
9 2 8.08084e-01 -1.13340e-02 7.71561e-03 -6.47177e-03 6 6 0 95.26811 6 6 6
9 2 8.07877e-01 -1.39368e-02 9.48717e-03 -6.45366e-03 6 6 0 95.25960 6 6 6
9 2 8.07600e-01 -1.68001e-02 1.14359e-02 -6.42942e-03 6 6 0 95.24814 6 6 6
9 2 8.07236e-01 -1.99502e-02 1.35795e-02 -6.39754e-03 6 6 0 95.23295 6 6 6
9 2 8.06763e-01 -2.34160e-02 1.59374e-02 -6.35616e-03 6 6 0 95.21305 6 6 6
9 2 8.06155e-01 -2.72292e-02 1.85312e-02 -6.30300e-03 6 6 0 95.18718 6 6 6
9 2 8.05379e-01 -3.14250e-02 2.13843e-02 -6.23527e-03 6 6 0 95.15369 6 6 6
9 2 8.04397e-01 -3.60422e-02 2.45227e-02 -6.14955e-03 6 6 0 95.11049 6 6 6
9 2 8.03160e-01 -4.11234e-02 2.79750e-02 -6.04169e-03 6 6 0 95.05481 6 6 6
9 2 8.01609e-01 -4.67160e-02 3.17725e-02 -5.90658e-03 6 6 0 94.98296 6 6 6
9 2 7.99670e-01 -5.28725e-02 3.59497e-02 -5.73799e-03 6 6 0 94.88999 6 6 6
9 2 7.97253e-01 -5.96508e-02 4.05447e-02 -5.52832e-03 6 6 0 94.76916 6 6 6
9 2 7.94250e-01 -6.71154e-02 4.55992e-02 -5.26819e-03 6 6 0 94.61114 6 6 6
9 2 7.90523e-01 -7.53377e-02 5.11591e-02 -4.94612e-03 6 6 0 94.40279 6 6 6
9 2 7.85903e-01 -8.43976e-02 5.72750e-02 -4.54786e-03 6 6 0 94.12539 6 6 6
9 2 7.80182e-01 -9.43837e-02 6.40025e-02 -4.05562e-03 6 6 0 93.75185 6 6 6
9 2 7.73098e-01 -1.05395e-01 7.14028e-02 -3.44690e-03 6 6 0 93.24236 6 6 6
9 2 7.64326e-01 -1.17543e-01 7.95430e-02 -2.69252e-03 6 6 0 92.53790 6 6 6
10 2 8.10997e-01 -1.74544e-03 1.00000e-03 -4.46856e-03 7 7 0 131.04283 1 7 7
10 2 8.10972e-01 -3.66537e-03 2.10000e-03 -4.46679e-03 7 7 0 131.04134 1 7 7
10 2 8.10924e-01 -5.77717e-03 3.31000e-03 -4.46340e-03 7 7 0 131.03848 1 7 7
10 2 8.10845e-01 -8.09994e-03 4.64100e-03 -4.45792e-03 7 7 0 131.03385 1 7 7
10 2 8.10729e-01 -1.06546e-02 6.10510e-03 -4.44977e-03 7 7 0 131.02695 1 7 7
10 2 8.10564e-01 -1.34642e-02 7.71561e-03 -4.43825e-03 7 7 0 131.01714 1 7 7
10 2 8.10338e-01 -1.65538e-02 9.48717e-03 -4.42247e-03 7 7 0 131.00364 1 7 7
10 2 8.10036e-01 -1.99510e-02 1.14359e-02 -4.40135e-03 7 7 0 130.98545 1 7 7
10 2 8.09638e-01 -2.36860e-02 1.35795e-02 -4.37359e-03 7 7 0 130.96128 1 7 7
10 2 8.09122e-01 -2.77917e-02 1.59374e-02 -4.33755e-03 7 7 0 130.92952 1 7 7
10 2 8.08459e-01 -3.23040e-02 1.85312e-02 -4.29126e-03 7 7 0 130.88806 1 7 7
10 2 8.07614e-01 -3.72619e-02 2.13843e-02 -4.23230e-03 7 7 0 130.83415 1 7 7
10 2 8.06544e-01 -4.27079e-02 2.45227e-02 -4.15770e-03 7 7 0 130.76418 1 7 7
10 2 8.05197e-01 -4.86878e-02 2.79750e-02 -4.06386e-03 7 7 0 130.67334 1 7 7
10 2 8.03509e-01 -5.52509e-02 3.17725e-02 -3.94638e-03 7 7 0 130.55509 1 7 7
10 2 8.01401e-01 -6.24503e-02 3.59497e-02 -3.79986e-03 7 7 0 130.40052 1 7 7
10 2 7.98777e-01 -7.03423e-02 4.05447e-02 -3.61772e-03 7 7 0 130.19720 1 7 7
10 2 7.95519e-01 -7.89867e-02 4.55992e-02 -3.39189e-03 7 7 0 129.92758 1 7 7
10 2 7.91484e-01 -8.84460e-02 5.11591e-02 -3.11241e-03 7 7 0 129.56653 1 7 7
10 2 7.86492e-01 -9.87854e-02 5.72750e-02 -2.76693e-03 7 7 0 129.07751 1 7 7
10 2 7.80326e-01 -1.10072e-01 6.40025e-02 -2.33988e-03 7 7 0 128.40678 1 7 7
10 2 7.72713e-01 -1.22373e-01 7.14028e-02 -1.81121e-03 7 7 0 127.47446 1 7 7
11 2 8.12586e-01 -1.50407e-03 1.00000e-03 -3.17959e-03 8 8 0 174.65498 4 8 8
11 2 8.12562e-01 -3.15856e-03 2.10000e-03 -3.17816e-03 8 8 0 174.65266 4 8 8
11 2 8.12516e-01 -4.97852e-03 3.31000e-03 -3.17542e-03 8 8 0 174.64821 4 8 8
11 2 8.12441e-01 -6.98054e-03 4.64100e-03 -3.17099e-03 8 8 0 174.64100 4 8 8
11 2 8.12330e-01 -9.18284e-03 6.10510e-03 -3.16441e-03 8 8 0 174.63024 4 8 8
11 2 8.12174e-01 -1.16055e-02 7.71561e-03 -3.15509e-03 8 8 0 174.61496 4 8 8
11 2 8.11960e-01 -1.42707e-02 9.48717e-03 -3.14234e-03 8 8 0 174.59392 4 8 8
11 2 8.11673e-01 -1.72027e-02 1.14359e-02 -3.12527e-03 8 8 0 174.56554 4 8 8
11 2 8.11295e-01 -2.04284e-02 1.35795e-02 -3.10283e-03 8 8 0 174.52782 4 8 8
11 2 8.10805e-01 -2.39773e-02 1.59374e-02 -3.07369e-03 8 8 0 174.47820 4 8 8
11 2 8.10174e-01 -2.78820e-02 1.85312e-02 -3.03625e-03 8 8 0 174.41335 4 8 8
11 2 8.09371e-01 -3.21786e-02 2.13843e-02 -2.98855e-03 8 8 0 174.32892 4 8 8
11 2 8.08353e-01 -3.69067e-02 2.45227e-02 -2.92818e-03 8 8 0 174.21915 4 8 8
11 2 8.07071e-01 -4.21102e-02 2.79750e-02 -2.85220e-03 8 8 0 174.07630 4 8 8
11 2 8.05462e-01 -4.78376e-02 3.17725e-02 -2.75700e-03 8 8 0 173.88987 4 8 8
11 2 8.03452e-01 -5.41427e-02 3.59497e-02 -2.63818e-03 8 8 0 173.64535 4 8 8
11 2 8.00947e-01 -6.10848e-02 4.05447e-02 -2.49032e-03 8 8 0 173.32242 4 8 8
11 2 7.97832e-01 -6.87301e-02 4.55992e-02 -2.30672e-03 8 8 0 172.89212 4 8 8
11 2 7.93967e-01 -7.71519e-02 5.11591e-02 -2.07906e-03 8 8 0 172.31262 4 8 8
11 2 7.89176e-01 -8.64317e-02 5.72750e-02 -1.79691e-03 8 8 0 171.52253 4 8 8
11 2 7.83241e-01 -9.66604e-02 6.40025e-02 -1.44686e-03 8 8 0 170.43072 4 8 8
12 2 8.13598e-01 -1.78348e-03 1.00000e-03 -2.35570e-03 9 9 0 224.79818 1 9 9
12 2 8.13572e-01 -3.74523e-03 2.10000e-03 -2.35441e-03 9 9 0 224.79484 1 9 9
12 2 8.13522e-01 -5.90297e-03 3.31000e-03 -2.35193e-03 9 9 0 224.78842 1 9 9
12 2 8.13441e-01 -8.27613e-03 4.64100e-03 -2.34792e-03 9 9 0 224.77802 1 9 9
12 2 8.13321e-01 -1.08860e-02 6.10510e-03 -2.34196e-03 9 9 0 224.76250 1 9 9
12 2 8.13151e-01 -1.37559e-02 7.71561e-03 -2.33352e-03 9 9 0 224.74042 1 9 9
12 2 8.12919e-01 -1.69114e-02 9.48717e-03 -2.32198e-03 9 9 0 224.70995 1 9 9
12 2 8.12607e-01 -2.03802e-02 1.14359e-02 -2.30653e-03 9 9 0 224.66879 1 9 9
12 2 8.12198e-01 -2.41928e-02 1.35795e-02 -2.28621e-03 9 9 0 224.61392 1 9 9
12 2 8.11666e-01 -2.83822e-02 1.59374e-02 -2.25985e-03 9 9 0 224.54147 1 9 9
12 2 8.10983e-01 -3.29842e-02 1.85312e-02 -2.22599e-03 9 9 0 224.44635 1 9 9
12 2 8.10112e-01 -3.80375e-02 2.13843e-02 -2.18286e-03 9 9 0 224.32178 1 9 9
12 2 8.09010e-01 -4.35838e-02 2.45227e-02 -2.12830e-03 9 9 0 224.15868 1 9 9
12 2 8.07623e-01 -4.96678e-02 2.79750e-02 -2.05967e-03 9 9 0 223.94465 1 9 9
12 2 8.05885e-01 -5.63369e-02 3.17725e-02 -1.97375e-03 9 9 0 223.66252 1 9 9
12 2 8.03716e-01 -6.36415e-02 3.59497e-02 -1.86658e-03 9 9 0 223.28819 1 9 9
12 2 8.01018e-01 -7.16341e-02 4.05447e-02 -1.73332e-03 9 9 0 222.78727 1 9 9
12 2 7.97671e-01 -8.03691e-02 4.55992e-02 -1.56798e-03 9 9 0 222.10998 1 9 9
12 2 7.93527e-01 -8.99024e-02 5.11591e-02 -1.36308e-03 9 9 0 221.18325 1 9 9
12 2 7.88407e-01 -1.00291e-01 5.72750e-02 -1.10917e-03 9 9 0 219.89857 1 9 9
13 2 8.14301e-01 -1.52886e-03 1.00000e-03 -1.78391e-03 10 10 0 283.91893 2 10 10
13 2 8.14277e-01 -3.21062e-03 2.10000e-03 -1.78284e-03 10 10 0 283.91417 2 10 10
13 2 8.14230e-01 -5.06059e-03 3.31000e-03 -1.78077e-03 10 10 0 283.90500 2 10 10
13 2 8.14154e-01 -7.09561e-03 4.64100e-03 -1.77743e-03 10 10 0 283.89015 2 10 10
13 2 8.14040e-01 -9.33423e-03 6.10510e-03 -1.77247e-03 10 10 0 283.86799 2 10 10
13 2 8.13880e-01 -1.17969e-02 7.71561e-03 -1.76546e-03 10 10 0 283.83645 2 10 10
13 2 8.13661e-01 -1.45060e-02 9.48717e-03 -1.75585e-03 10 10 0 283.79292 2 10 10
13 2 8.13368e-01 -1.74865e-02 1.14359e-02 -1.74299e-03 10 10 0 283.73407 2 10 10
13 2 8.12982e-01 -2.07654e-02 1.35795e-02 -1.72608e-03 10 10 0 283.65557 2 10 10
13 2 8.12480e-01 -2.43731e-02 1.59374e-02 -1.70412e-03 10 10 0 283.55184 2 10 10
13 2 8.11836e-01 -2.83426e-02 1.85312e-02 -1.67592e-03 10 10 0 283.41548 2 10 10
13 2 8.11014e-01 -3.27105e-02 2.13843e-02 -1.63997e-03 10 10 0 283.23667 2 10 10
13 2 8.09973e-01 -3.75173e-02 2.45227e-02 -1.59448e-03 10 10 0 283.00213 2 10 10
13 2 8.08662e-01 -4.28076e-02 2.79750e-02 -1.53721e-03 10 10 0 282.69366 2 10 10
13 2 8.07017e-01 -4.86310e-02 3.17725e-02 -1.46543e-03 10 10 0 282.28592 2 10 10
13 2 8.04961e-01 -5.50420e-02 3.59497e-02 -1.37580e-03 10 10 0 281.74310 2 10 10
13 2 8.02398e-01 -6.21015e-02 4.05447e-02 -1.26417e-03 10 10 0 281.01369 2 10 10
13 2 7.99212e-01 -6.98767e-02 4.55992e-02 -1.12536e-03 10 10 0 280.02257 2 10 10
13 2 7.95258e-01 -7.84425e-02 5.11591e-02 -9.52873e-04 10 10 0 278.65845 2 10 10
14 2 8.14784e-01 -1.82159e-03 1.00000e-03 -1.39015e-03 11 11 0 349.94954 1 11 11
14 2 8.14757e-01 -3.82523e-03 2.10000e-03 -1.38915e-03 11 11 0 349.94306 1 11 11
14 2 8.14706e-01 -6.02894e-03 3.31000e-03 -1.38723e-03 11 11 0 349.93060 1 11 11
14 2 8.14624e-01 -8.45248e-03 4.64100e-03 -1.38412e-03 11 11 0 349.91038 1 11 11
14 2 8.14501e-01 -1.11174e-02 6.10510e-03 -1.37950e-03 11 11 0 349.88017 1 11 11
14 2 8.14327e-01 -1.40474e-02 7.71561e-03 -1.37297e-03 11 11 0 349.83713 1 11 11
14 2 8.14089e-01 -1.72682e-02 9.48717e-03 -1.36404e-03 11 11 0 349.77762 1 11 11
14 2 8.13770e-01 -2.08077e-02 1.14359e-02 -1.35208e-03 11 11 0 349.69693 1 11 11
14 2 8.13351e-01 -2.46964e-02 1.35795e-02 -1.33635e-03 11 11 0 349.58894 1 11 11
14 2 8.12807e-01 -2.89670e-02 1.59374e-02 -1.31595e-03 11 11 0 349.44560 1 11 11
14 2 8.12109e-01 -3.36550e-02 1.85312e-02 -1.28974e-03 11 11 0 349.25615 1 11 11
14 2 8.11219e-01 -3.87982e-02 2.13843e-02 -1.25637e-03 11 11 0 349.00605 1 11 11
14 2 8.10093e-01 -4.44370e-02 2.45227e-02 -1.21416e-03 11 11 0 348.67535 1 11 11
14 2 8.08676e-01 -5.06139e-02 2.79750e-02 -1.16106e-03 11 11 0 348.23626 1 11 11
14 2 8.06902e-01 -5.73736e-02 3.17725e-02 -1.09459e-03 11 11 0 347.64946 1 11 11
14 2 8.04690e-01 -6.47623e-02 3.59497e-02 -1.01166e-03 11 11 0 346.85848 1 11 11
14 2 8.01940e-01 -7.28272e-02 4.05447e-02 -9.08495e-04 11 11 0 345.78096 1 11 11
14 2 7.98531e-01 -8.16161e-02 4.55992e-02 -7.80342e-04 11 11 0 344.29517 1 11 11
15 2 8.15142e-01 -1.54790e-03 1.00000e-03 -1.09892e-03 12 12 0 426.09988 4 12 12
15 2 8.15117e-01 -3.25060e-03 2.10000e-03 -1.09807e-03 12 12 0 426.09114 4 12 12
15 2 8.15069e-01 -5.12360e-03 3.31000e-03 -1.09645e-03 12 12 0 426.07434 4 12 12
15 2 8.14992e-01 -7.18397e-03 4.64100e-03 -1.09382e-03 12 12 0 426.04708 4 12 12
15 2 8.14877e-01 -9.45049e-03 6.10510e-03 -1.08990e-03 12 12 0 426.00634 4 12 12
15 2 8.14715e-01 -1.19438e-02 7.71561e-03 -1.08437e-03 12 12 0 425.94828 4 12 12
15 2 8.14492e-01 -1.46868e-02 9.48717e-03 -1.07679e-03 12 12 0 425.86797 4 12 12
15 2 8.14194e-01 -1.77045e-02 1.14359e-02 -1.06666e-03 12 12 0 425.75904 4 12 12
15 2 8.13802e-01 -2.10245e-02 1.35795e-02 -1.05332e-03 12 12 0 425.61320 4 12 12
15 2 8.13293e-01 -2.46774e-02 1.59374e-02 -1.03601e-03 12 12 0 425.41946 4 12 12
15 2 8.12639e-01 -2.86968e-02 1.85312e-02 -1.01377e-03 12 12 0 425.16318 4 12 12
15 2 8.11804e-01 -3.31198e-02 2.13843e-02 -9.85419e-04 12 12 0 424.82445 4 12 12
15 2 8.10747e-01 -3.79875e-02 2.45227e-02 -9.49535e-04 12 12 0 424.37588 4 12 12
15 2 8.09415e-01 -4.33452e-02 2.79750e-02 -9.04351e-04 12 12 0 423.77911 4 12 12
15 2 8.07745e-01 -4.92432e-02 3.17725e-02 -8.47701e-04 12 12 0 422.97962 4 12 12
15 2 8.05657e-01 -5.57370e-02 3.59497e-02 -7.76904e-04 12 12 0 421.89854 4 12 12
15 2 8.03054e-01 -6.28885e-02 4.05447e-02 -6.88623e-04 12 12 0 420.42005 4 12 12
16 2 8.15400e-01 -1.86137e-03 1.00000e-03 -8.87785e-04 13 13 0 509.37537 1 13 13
16 2 8.15373e-01 -3.90870e-03 2.10000e-03 -8.86979e-04 13 13 0 509.36396 1 13 13
16 2 8.15321e-01 -6.16034e-03 3.31000e-03 -8.85432e-04 13 13 0 509.34201 1 13 13
16 2 8.15237e-01 -8.63631e-03 4.64100e-03 -8.82930e-04 13 13 0 509.30637 1 13 13
16 2 8.15111e-01 -1.13585e-02 6.10510e-03 -8.79212e-04 13 13 0 509.25304 1 13 13
16 2 8.14934e-01 -1.43507e-02 7.71561e-03 -8.73953e-04 13 13 0 509.17691 1 13 13
16 2 8.14691e-01 -1.76387e-02 9.48717e-03 -8.66753e-04 13 13 0 509.07134 1 13 13
16 2 8.14367e-01 -2.12506e-02 1.14359e-02 -8.57123e-04 13 13 0 508.92772 1 13 13
16 2 8.13940e-01 -2.52164e-02 1.35795e-02 -8.44462e-04 13 13 0 508.73462 1 13 13
16 2 8.13386e-01 -2.95685e-02 1.59374e-02 -8.28034e-04 13 13 0 508.47680 1 13 13
16 2 8.12674e-01 -3.43414e-02 1.85312e-02 -8.06939e-04 13 13 0 508.13357 1 13 13
16 2 8.11768e-01 -3.95714e-02 2.13843e-02 -7.80080e-04 13 13 0 507.67643 1 13 13
16 2 8.10623e-01 -4.52967e-02 2.45227e-02 -7.46113e-04 13 13 0 507.06555 1 13 13
16 2 8.09182e-01 -5.15569e-02 2.79750e-02 -7.03395e-04 13 13 0 506.24431 1 13 13
16 2 8.07380e-01 -5.83925e-02 3.17725e-02 -6.49908e-04 13 13 0 505.13105 1 13 13
16 2 8.05134e-01 -6.58442e-02 3.59497e-02 -5.83164e-04 13 13 0 503.60611 1 13 13
17 2 8.15602e-01 -1.56336e-03 1.00000e-03 -7.24176e-04 14 14 0 603.96773 2 14 14
17 2 8.15576e-01 -3.28306e-03 2.10000e-03 -7.23485e-04 14 14 0 603.95296 2 14 14
17 2 8.15528e-01 -5.17478e-03 3.31000e-03 -7.22159e-04 14 14 0 603.92454 2 14 14
17 2 8.15450e-01 -7.25575e-03 4.64100e-03 -7.20016e-04 14 14 0 603.87840 2 14 14
17 2 8.15334e-01 -9.54494e-03 6.10510e-03 -7.16829e-04 14 14 0 603.80936 2 14 14
17 2 8.15169e-01 -1.20633e-02 7.71561e-03 -7.12320e-04 14 14 0 603.71079 2 14 14
17 2 8.14944e-01 -1.48337e-02 9.48717e-03 -7.06146e-04 14 14 0 603.57410 2 14 14
17 2 8.14643e-01 -1.78817e-02 1.14359e-02 -6.97886e-04 14 14 0 603.38808 2 14 14
17 2 8.14247e-01 -2.12352e-02 1.35795e-02 -6.87020e-04 14 14 0 603.13794 2 14 14
17 2 8.13732e-01 -2.49249e-02 1.59374e-02 -6.72914e-04 14 14 0 602.80382 2 14 14
17 2 8.13070e-01 -2.89851e-02 1.85312e-02 -6.54788e-04 14 14 0 602.35879 2 14 14
17 2 8.12226e-01 -3.34532e-02 2.13843e-02 -6.31686e-04 14 14 0 601.76564 2 14 14
17 2 8.11157e-01 -3.83708e-02 2.45227e-02 -6.02434e-04 14 14 0 600.97217 2 14 14
17 2 8.09810e-01 -4.37839e-02 2.79750e-02 -5.65588e-04 14 14 0 599.90390 2 14 14
17 2 8.08120e-01 -4.97434e-02 3.17725e-02 -5.19366e-04 14 14 0 598.45280 2 14 14
17 2 8.06008e-01 -5.63058e-02 3.59497e-02 -4.61543e-04 14 14 0 596.45961 2 14 14
18 2 8.15752e-01 -1.90413e-03 1.00000e-03 -6.01061e-04 15 15 0 705.72739 1 15 15
18 2 8.15724e-01 -3.99841e-03 2.10000e-03 -6.00393e-04 15 15 0 705.70868 1 15 15
18 2 8.15671e-01 -6.30147e-03 3.31000e-03 -5.99109e-04 15 15 0 705.67267 1 15 15
18 2 8.15585e-01 -8.83362e-03 4.64100e-03 -5.97034e-04 15 15 0 705.61414 1 15 15
18 2 8.15458e-01 -1.16169e-02 6.10510e-03 -5.93949e-04 15 15 0 705.52645 1 15 15
18 2 8.15277e-01 -1.46753e-02 7.71561e-03 -5.89587e-04 15 15 0 705.40097 1 15 15
18 2 8.15030e-01 -1.80345e-02 9.48717e-03 -5.83615e-04 15 15 0 705.22648 1 15 15
18 2 8.14700e-01 -2.17223e-02 1.14359e-02 -5.75628e-04 15 15 0 704.98813 1 15 15
18 2 8.14266e-01 -2.57683e-02 1.35795e-02 -5.65130e-04 15 15 0 704.66605 1 15 15
18 2 8.13702e-01 -3.02037e-02 1.59374e-02 -5.51511e-04 15 15 0 704.23328 1 15 15
18 2 8.12979e-01 -3.50616e-02 1.85312e-02 -5.34027e-04 15 15 0 703.65263 1 15 15
18 2 8.12059e-01 -4.03760e-02 2.13843e-02 -5.11772e-04 15 15 0 702.87198 1 15 15
18 2 8.10896e-01 -4.61821e-02 2.45227e-02 -4.83633e-04 15 15 0 701.81718 1 15 15
18 2 8.09436e-01 -5.25151e-02 2.79750e-02 -4.48249e-04 15 15 0 700.38095 1 15 15
18 2 8.07610e-01 -5.94101e-02 3.17725e-02 -4.03943e-04 15 15 0 698.40579 1 15 15
19 2 8.16105e-01 -2.00417e-03 1.00000e-03 -3.12360e-04 19 19 0 1218.93228 1 19 19
19 2 8.16077e-01 -4.20819e-03 2.10000e-03 -3.11869e-04 19 19 0 1218.88917 1 19 19
19 2 8.16022e-01 -6.63124e-03 3.31000e-03 -3.10926e-04 19 19 0 1218.80605 1 19 19
19 2 8.15933e-01 -9.29396e-03 4.64100e-03 -3.09403e-04 19 19 0 1218.67067 1 19 19
19 2 8.15800e-01 -1.22185e-02 6.10510e-03 -3.07138e-04 19 19 0 1218.46707 1 19 19
19 2 8.15614e-01 -1.54286e-02 7.71561e-03 -3.03936e-04 19 19 0 1218.17429 1 19 19
19 2 8.15358e-01 -1.89491e-02 9.48717e-03 -2.99554e-04 19 19 0 1217.76432 1 19 19
19 2 8.15016e-01 -2.28061e-02 1.14359e-02 -2.93696e-04 19 19 0 1217.19926 1 19 19
19 2 8.14567e-01 -2.70266e-02 1.35795e-02 -2.86001e-04 19 19 0 1216.42699 1 19 19
19 2 8.13986e-01 -3.16380e-02 1.59374e-02 -2.76026e-04 19 19 0 1215.37458 1 19 19
19 2 8.13241e-01 -3.66674e-02 1.85312e-02 -2.63231e-04 19 19 0 1213.93837 1 19 19
19 2 8.12296e-01 -4.21413e-02 2.13843e-02 -2.46957e-04 19 19 0 1211.96859 1 19 19
19 2 8.11103e-01 -4.80848e-02 2.45227e-02 -2.26396e-04 19 19 0 1209.24538 1 19 19
20 2 8.16236e-01 -1.60695e-03 1.00000e-03 -2.06526e-04 22 22 0 1721.44147 2 22 22
20 2 8.16210e-01 -3.37462e-03 2.10000e-03 -2.06153e-04 22 22 0 1721.36822 2 22 22
20 2 8.16160e-01 -5.31913e-03 3.31000e-03 -2.05438e-04 22 22 0 1721.22693 2 22 22
20 2 8.16080e-01 -7.45821e-03 4.64100e-03 -2.04282e-04 22 22 0 1720.99662 2 22 22
20 2 8.15961e-01 -9.81143e-03 6.10510e-03 -2.02563e-04 22 22 0 1720.64993 2 22 22
20 2 8.15792e-01 -1.24003e-02 7.71561e-03 -2.00132e-04 22 22 0 1720.15061 2 22 22
20 2 8.15561e-01 -1.52486e-02 9.48717e-03 -1.96802e-04 22 22 0 1719.45000 2 22 22
20 2 8.15252e-01 -1.83826e-02 1.14359e-02 -1.92346e-04 22 22 0 1718.48166 2 22 22
20 2 8.14845e-01 -2.18311e-02 1.35795e-02 -1.86484e-04 22 22 0 1717.15334 2 22 22
20 2 8.14317e-01 -2.56262e-02 1.59374e-02 -1.78871e-04 22 22 0 1715.33453 2 22 22
20 2 8.13638e-01 -2.98031e-02 1.85312e-02 -1.69084e-04 22 22 0 1712.83728 2 22 22
