36 157 9.84361e-03 -1.59660e-03 1.00000e-03 -3.33279e-01 1 1 0 3.09132 1 1 1
36 157 9.84343e-03 -3.35286e-03 2.10000e-03 -3.33257e-01 1 1 0 3.09134 1 1 1
36 157 9.84307e-03 -5.28473e-03 3.31000e-03 -3.33216e-01 1 1 0 3.09139 1 1 1
36 157 9.84250e-03 -7.40977e-03 4.64100e-03 -3.33150e-01 1 1 0 3.09147 1 1 1
36 157 9.84164e-03 -9.74727e-03 6.10510e-03 -3.33051e-01 1 1 0 3.09159 1 1 1
36 157 9.84043e-03 -1.23185e-02 7.71561e-03 -3.32911e-01 1 1 0 3.09176 1 1 1
36 157 9.83877e-03 -1.51467e-02 9.48717e-03 -3.32720e-01 1 1 0 3.09199 1 1 1
36 157 9.83656e-03 -1.82576e-02 1.14359e-02 -3.32464e-01 1 1 0 3.09230 1 1 1
37 157 1.96828e-02 -1.59659e-03 1.00000e-03 -3.33133e-01 2 2 0 6.18366 2 2 2
37 157 1.96825e-02 -3.35283e-03 2.10000e-03 -3.33112e-01 2 2 0 6.18371 2 2 2
37 157 1.96818e-02 -5.28468e-03 3.31000e-03 -3.33071e-01 2 2 0 6.18381 2 2 2
37 157 1.96806e-02 -7.40970e-03 4.64100e-03 -3.33005e-01 2 2 0 6.18397 2 2 2
37 157 1.96789e-02 -9.74717e-03 6.10510e-03 -3.32906e-01 2 2 0 6.18421 2 2 2
37 157 1.96765e-02 -1.23183e-02 7.71561e-03 -3.32766e-01 2 2 0 6.18454 2 2 2
37 157 1.96732e-02 -1.51465e-02 9.48717e-03 -3.32575e-01 2 2 0 6.18501 2 2 2
37 157 1.96687e-02 -1.82574e-02 1.14359e-02 -3.32319e-01 2 2 0 6.18563 2 2 2
37 157 1.96629e-02 -2.16791e-02 1.35795e-02 -3.31983e-01 2 2 0 6.18644 2 2 2
38 157 2.95133e-02 -1.59656e-03 1.00000e-03 -3.32892e-01 3 3 0 9.27803 3 3 3
38 157 2.95128e-02 -3.35277e-03 2.10000e-03 -3.32870e-01 3 3 0 9.27811 3 3 3
38 157 2.95117e-02 -5.28459e-03 3.31000e-03 -3.32829e-01 3 3 0 9.27826 3 3 3
38 157 2.95100e-02 -7.40957e-03 4.64100e-03 -3.32763e-01 3 3 0 9.27850 3 3 3
38 157 2.95074e-02 -9.74701e-03 6.10510e-03 -3.32664e-01 3 3 0 9.27886 3 3 3
38 157 2.95038e-02 -1.23181e-02 7.71561e-03 -3.32525e-01 3 3 0 9.27937 3 3 3
38 157 2.94988e-02 -1.51463e-02 9.48717e-03 -3.32334e-01 3 3 0 9.28006 3 3 3
38 157 2.94922e-02 -1.82571e-02 1.14359e-02 -3.32078e-01 3 3 0 9.28099 3 3 3
38 157 2.94834e-02 -2.16788e-02 1.35795e-02 -3.31742e-01 3 3 0 9.28221 3 3 3
38 157 2.94721e-02 -2.54423e-02 1.59374e-02 -3.31305e-01 3 3 0 9.28380 3 3 3
38 157 2.94575e-02 -2.95818e-02 1.85312e-02 -3.30745e-01 3 3 0 9.28584 3 3 3
39 157 3.93307e-02 -1.59653e-03 1.00000e-03 -3.32554e-01 4 4 0 12.37547 4 4 4
39 157 3.93300e-02 -3.35270e-03 2.10000e-03 -3.32532e-01 4 4 0 12.37557 4 4 4
39 157 3.93285e-02 -5.28447e-03 3.31000e-03 -3.32491e-01 4 4 0 12.37577 4 4 4
39 157 3.93263e-02 -7.40940e-03 4.64100e-03 -3.32425e-01 4 4 0 12.37609 4 4 4
39 157 3.93228e-02 -9.74679e-03 6.10510e-03 -3.32326e-01 4 4 0 12.37657 4 4 4
39 157 3.93180e-02 -1.23178e-02 7.71561e-03 -3.32187e-01 4 4 0 12.37724 4 4 4
39 157 3.93114e-02 -1.51459e-02 9.48717e-03 -3.31996e-01 4 4 0 12.37817 4 4 4
39 157 3.93026e-02 -1.82567e-02 1.14359e-02 -3.31740e-01 4 4 0 12.37941 4 4 4
39 157 3.92909e-02 -2.16783e-02 1.35795e-02 -3.31404e-01 4 4 0 12.38104 4 4 4
39 157 3.92758e-02 -2.54417e-02 1.59374e-02 -3.30968e-01 4 4 0 12.38316 4 4 4
39 157 3.92564e-02 -2.95811e-02 1.85312e-02 -3.30408e-01 4 4 0 12.38588 4 4 4
39 157 3.92316e-02 -3.41339e-02 2.13843e-02 -3.29695e-01 4 4 0 12.38935 4 4 4
39 157 3.92002e-02 -3.91411e-02 2.45227e-02 -3.28792e-01 4 4 0 12.39374 4 4 4
39 157 2.93857e-02 -4.46489e-02 2.79750e-02 -3.27992e-01 3 3 0 9.29589 3 3 3
40 157 4.45043e-02 6.27205e-03 1.00000e-03 -3.32318e-01 1 1 1 14.01208 1 1 1
40 157 4.45006e-02 1.31717e-02 2.10000e-03 -3.32234e-01 1 1 1 14.01335 1 1 1
40 157 4.44935e-02 2.07623e-02 3.31000e-03 -3.32073e-01 1 1 1 14.01577 1 1 1
40 157 4.44819e-02 2.91137e-02 4.64100e-03 -3.31813e-01 1 1 1 14.01970 1 1 1
40 157 4.44648e-02 3.83035e-02 6.10510e-03 -3.31425e-01 1 1 1 14.02555 1 1 1
40 157 4.44405e-02 4.84172e-02 7.71561e-03 -3.30876e-01 1 1 1 14.03387 1 1 1
40 157 4.44074e-02 5.95499e-02 9.48717e-03 -3.30124e-01 1 1 1 14.04532 1 1 1
40 157 4.43631e-02 7.18077e-02 1.14359e-02 -3.29117e-01 1 1 1 14.06075 1 1 1
40 157 4.43049e-02 8.53084e-02 1.35795e-02 -3.27791e-01 1 1 1 14.08125 1 1 1
40 157 4.42297e-02 1.00185e-01 1.59374e-02 -3.26067e-01 1 1 1 14.10821 1 1 1
40 157 4.41334e-02 1.16586e-01 1.85312e-02 -3.23846e-01 1 1 1 14.14344 1 1 1
40 157 4.40113e-02 1.34681e-01 2.13843e-02 -3.21009e-01 1 1 1 14.18934 1 1 1
40 157 4.38579e-02 1.54666e-01 2.45227e-02 -3.17404e-01 1 1 1 14.24914 1 1 1
40 157 4.36669e-02 1.76768e-01 2.79750e-02 -3.12844e-01 1 1 1 14.32730 1 1 1
40 157 4.34309e-02 2.01255e-01 3.17725e-02 -3.07091e-01 1 1 1 14.43016 1 1 1
40 157 4.31428e-02 2.28456e-01 3.59497e-02 -2.99845e-01 1 1 1 14.56717 1 1 1
40 157 4.27961e-02 2.58788e-01 4.05447e-02 -2.90713e-01 1 1 1 14.75312 1 1 1
