91 127 1.55262e-01 -1.59528e-03 1.00000e-03 -3.21274e-01 13 13 0 40.74877 13 13 13
91 127 1.55259e-01 -3.35009e-03 2.10000e-03 -3.21253e-01 13 13 0 40.74911 13 13 13
91 127 1.55254e-01 -5.28036e-03 3.31000e-03 -3.21213e-01 13 13 0 40.74976 13 13 13
91 127 1.55245e-01 -7.40364e-03 4.64100e-03 -3.21148e-01 13 13 0 40.75082 13 13 13
91 127 1.55232e-01 -9.73920e-03 6.10510e-03 -3.21051e-01 13 13 0 40.75238 13 13 13
91 127 1.55213e-01 -1.23083e-02 7.71561e-03 -3.20914e-01 13 13 0 40.75459 13 13 13
91 127 1.55188e-01 -1.51341e-02 9.48717e-03 -3.20727e-01 13 13 0 40.75762 13 13 13
91 127 1.55153e-01 -1.82425e-02 1.14359e-02 -3.20477e-01 13 13 0 40.76168 13 13 13
91 127 1.55108e-01 -2.16614e-02 1.35795e-02 -3.20147e-01 13 13 0 40.76702 13 13 13
91 127 1.55050e-01 -2.54220e-02 1.59374e-02 -3.19720e-01 13 13 0 40.77395 13 13 13
91 127 1.54975e-01 -2.95581e-02 1.85312e-02 -3.19171e-01 13 13 0 40.78286 13 13 13
91 127 1.54879e-01 -3.41073e-02 2.13843e-02 -3.18471e-01 13 13 0 40.79423 13 13 13
91 127 1.54758e-01 -3.91107e-02 2.45227e-02 -3.17587e-01 13 13 0 40.80862 13 13 13
91 127 1.54605e-01 -4.46131e-02 2.79750e-02 -3.16474e-01 13 13 0 40.82676 13 13 13
91 127 1.54414e-01 -5.06643e-02 3.17725e-02 -3.15081e-01 13 13 0 40.84952 13 13 13
91 127 1.54175e-01 -5.73184e-02 3.59497e-02 -3.13344e-01 13 13 0 40.87798 13 13 13
91 127 1.53876e-01 -6.46349e-02 4.05447e-02 -3.11186e-01 13 13 0 40.91345 13 13 13
91 127 1.53506e-01 -7.26789e-02 4.55992e-02 -3.08514e-01 13 13 0 40.95757 13 13 13
91 127 1.53046e-01 -8.15216e-02 5.11591e-02 -3.05213e-01 13 13 0 41.01237 13 13 13
91 127 1.52475e-01 -9.12408e-02 5.72750e-02 -3.01144e-01 13 13 0 41.08035 13 13 13
91 127 1.51769e-01 -1.01921e-01 6.40025e-02 -2.96141e-01 13 13 0 41.16466 13 13 13
92 127 1.62729e-01 6.38411e-03 1.00000e-03 -3.20068e-01 3 3 1 42.85120 3 3 3
92 127 1.62715e-01 1.34070e-02 2.10000e-03 -3.19983e-01 3 3 1 42.85520 3 3 3
92 127 1.62688e-01 2.11332e-02 3.31000e-03 -3.19822e-01 3 3 1 42.86288 3 3 3
92 127 1.62644e-01 2.96339e-02 4.64100e-03 -3.19560e-01 3 3 1 42.87532 3 3 3
92 127 1.62579e-01 3.89878e-02 6.10510e-03 -3.19171e-01 3 3 1 42.89387 3 3 3
92 127 1.62486e-01 4.92822e-02 7.71561e-03 -3.18620e-01 3 3 1 42.92023 3 3 3
92 127 1.62360e-01 6.06139e-02 9.48717e-03 -3.17866e-01 3 3 1 42.95652 3 3 3
92 127 1.62191e-01 7.30906e-02 1.14359e-02 -3.16855e-01 3 3 1 43.00546 3 3 3
92 127 1.61970e-01 8.68328e-02 1.35795e-02 -3.15524e-01 3 3 1 43.07050 3 3 3
92 127 1.61683e-01 1.01975e-01 1.59374e-02 -3.13793e-01 3 3 1 43.15611 3 3 3
92 127 1.61316e-01 1.18671e-01 1.85312e-02 -3.11563e-01 3 3 1 43.26809 3 3 3
92 127 1.60851e-01 1.37092e-01 2.13843e-02 -3.08713e-01 3 3 1 43.41419 3 3 3
92 127 1.60267e-01 1.57440e-01 2.45227e-02 -3.05090e-01 3 3 1 43.60485 3 3 3
92 127 1.59539e-01 1.79948e-01 2.79750e-02 -3.00503e-01 3 3 1 43.85462 3 3 3
92 127 1.58640e-01 2.04895e-01 3.17725e-02 -2.94712e-01 3 3 1 44.18445 3 3 3
92 127 1.57542e-01 2.32629e-01 3.59497e-02 -2.87404e-01 3 3 1 44.62584 3 3 3
92 127 1.56221e-01 2.63602e-01 4.05447e-02 -2.78169e-01 3 3 1 45.22918 3 3 3
92 127 1.54672e-01 2.98460e-01 4.55992e-02 -2.66436e-01 3 3 1 46.08235 3 3 3
92 127 1.52949e-01 3.38416e-01 5.11591e-02 -2.51288e-01 3 3 1 47.36478 3 3 3
93 127 1.66715e-01 -1.59508e-03 1.00000e-03 -3.19430e-01 14 14 0 43.97891 14 14 14
93 127 1.66712e-01 -3.34966e-03 2.10000e-03 -3.19409e-01 14 14 0 43.97928 14 14 14
93 127 1.66706e-01 -5.27968e-03 3.31000e-03 -3.19369e-01 14 14 0 43.97998 14 14 14
93 127 1.66697e-01 -7.40269e-03 4.64100e-03 -3.19304e-01 14 14 0 43.98111 14 14 14
93 127 1.66683e-01 -9.73796e-03 6.10510e-03 -3.19208e-01 14 14 0 43.98280 14 14 14
93 127 1.66663e-01 -1.23067e-02 7.71561e-03 -3.19072e-01 14 14 0 43.98518 14 14 14
93 127 1.66636e-01 -1.51322e-02 9.48717e-03 -3.18885e-01 14 14 0 43.98845 14 14 14
93 127 1.66599e-01 -1.82401e-02 1.14359e-02 -3.18635e-01 14 14 0 43.99283 14 14 14
93 127 1.66551e-01 -2.16586e-02 1.35795e-02 -3.18307e-01 14 14 0 43.99859 14 14 14
93 127 1.66488e-01 -2.54187e-02 1.59374e-02 -3.17881e-01 14 14 0 44.00606 14 14 14
93 127 1.66408e-01 -2.95543e-02 1.85312e-02 -3.17334e-01 14 14 0 44.01567 14 14 14
93 127 1.66306e-01 -3.41030e-02 2.13843e-02 -3.16637e-01 14 14 0 44.02793 14 14 14
93 127 1.66176e-01 -3.91056e-02 2.45227e-02 -3.15755e-01 14 14 0 44.04346 14 14 14
93 127 1.66013e-01 -4.46074e-02 2.79750e-02 -3.14645e-01 14 14 0 44.06302 14 14 14
93 127 1.65808e-01 -5.06578e-02 3.17725e-02 -3.13257e-01 14 14 0 44.08757 14 14 14
93 127 1.65552e-01 -5.73110e-02 3.59497e-02 -3.11525e-01 14 14 0 44.11826 14 14 14
93 127 1.65233e-01 -6.46266e-02 4.05447e-02 -3.09375e-01 14 14 0 44.15651 14 14 14
93 127 1.64836e-01 -7.26696e-02 4.55992e-02 -3.06711e-01 14 14 0 44.20410 14 14 14
93 127 1.64344e-01 -8.15112e-02 5.11591e-02 -3.03421e-01 14 14 0 44.26320 14 14 14
93 127 1.63734e-01 -9.12292e-02 5.72750e-02 -2.99365e-01 14 14 0 44.33652 14 14 14
93 127 1.62978e-01 -1.01908e-01 6.40025e-02 -2.94378e-01 14 14 0 44.42744 14 14 14
