136 11 1.38430e-01 -1.59556e-03 1.00000e-03 -3.23746e-01 1 1 0 3.12545 1 1 1
136 11 1.38428e-01 -3.35066e-03 2.10000e-03 -3.23725e-01 1 1 0 3.12547 1 1 1
136 11 1.38423e-01 -5.28127e-03 3.31000e-03 -3.23684e-01 1 1 0 3.12552 1 1 1
136 11 1.38415e-01 -7.40491e-03 4.64100e-03 -3.23619e-01 1 1 0 3.12561 1 1 1
136 11 1.38403e-01 -9.74087e-03 6.10510e-03 -3.23522e-01 1 1 0 3.12573 1 1 1
136 11 1.38386e-01 -1.23104e-02 7.71561e-03 -3.23385e-01 1 1 0 3.12590 1 1 1
136 11 1.38363e-01 -1.51367e-02 9.48717e-03 -3.23197e-01 1 1 0 3.12613 1 1 1
136 11 1.38333e-01 -1.82456e-02 1.14359e-02 -3.22945e-01 1 1 0 3.12644 1 1 1
136 11 1.38292e-01 -2.16651e-02 1.35795e-02 -3.22614e-01 1 1 0 3.12685 1 1 1
136 11 1.38240e-01 -2.54263e-02 1.59374e-02 -3.22185e-01 1 1 0 3.12738 1 1 1
136 11 1.38173e-01 -2.95632e-02 1.85312e-02 -3.21633e-01 1 1 0 3.12807 1 1 1
136 11 1.38087e-01 -3.41132e-02 2.13843e-02 -3.20931e-01 1 1 0 3.12894 1 1 1
136 11 1.37978e-01 -3.91174e-02 2.45227e-02 -3.20042e-01 1 1 0 3.13004 1 1 1
136 11 1.37842e-01 -4.46208e-02 2.79750e-02 -3.18925e-01 1 1 0 3.13144 1 1 1
136 11 1.37670e-01 -5.06730e-02 3.17725e-02 -3.17525e-01 1 1 0 3.13318 1 1 1
136 11 1.37456e-01 -5.73282e-02 3.59497e-02 -3.15781e-01 1 1 0 3.13537 1 1 1
136 11 1.37189e-01 -6.46459e-02 4.05447e-02 -3.13614e-01 1 1 0 3.13809 1 1 1
136 11 1.36856e-01 -7.26913e-02 4.55992e-02 -3.10930e-01 1 1 0 3.14148 1 1 1
136 11 1.36444e-01 -8.15355e-02 5.11591e-02 -3.07615e-01 1 1 0 3.14569 1 1 1
136 11 1.35934e-01 -9.12564e-02 5.72750e-02 -3.03528e-01 1 1 0 3.15091 1 1 1
136 11 1.35301e-01 -1.01939e-01 6.40025e-02 -2.98503e-01 1 1 0 3.15738 1 1 1
136 11 1.34518e-01 -1.13675e-01 7.14028e-02 -2.92333e-01 1 1 0 3.16541 1 1 1
136 11 1.33548e-01 -1.26565e-01 7.95430e-02 -2.84771e-01 1 1 0 3.17538 1 1 1
136 11 1.32344e-01 -1.40716e-01 8.84973e-02 -2.75517e-01 1 1 0 3.18777 1 1 1
136 11 1.30846e-01 -1.56244e-01 9.83471e-02 -2.64206e-01 1 1 0 3.20321 1 1 1
136 11 1.28979e-01 -1.73273e-01 1.09182e-01 -2.50401e-01 1 1 0 3.22252 1 1 1
136 11 1.26637e-01 -1.91930e-01 1.21100e-01 -2.33570e-01 1 1 0 3.24679 1 1 1
136 11 1.23683e-01 -2.12350e-01 1.34210e-01 -2.13077e-01 1 1 0 3.27749 1 1 1
136 11 1.19918e-01 -2.34664e-01 1.48631e-01 -1.88154e-01 1 1 0 3.31667 1 1 1
136 11 1.15067e-01 -2.58996e-01 1.64494e-01 -1.57882e-01 1 1 0 3.36726 1 1 1
137 11 2.65453e-01 -1.59268e-03 1.00000e-03 -2.98094e-01 2 2 0 6.44891 2 2 2
137 11 2.65449e-01 -3.34462e-03 2.10000e-03 -2.98074e-01 2 2 0 6.44897 2 2 2
137 11 2.65440e-01 -5.27175e-03 3.31000e-03 -2.98036e-01 2 2 0 6.44907 2 2 2
137 11 2.65426e-01 -7.39156e-03 4.64100e-03 -2.97973e-01 2 2 0 6.44923 2 2 2
137 11 2.65404e-01 -9.72332e-03 6.10510e-03 -2.97880e-01 2 2 0 6.44948 2 2 2
137 11 2.65374e-01 -1.22882e-02 7.71561e-03 -2.97748e-01 2 2 0 6.44983 2 2 2
137 11 2.65333e-01 -1.51095e-02 9.48717e-03 -2.97568e-01 2 2 0 6.45031 2 2 2
137 11 2.65278e-01 -1.82127e-02 1.14359e-02 -2.97327e-01 2 2 0 6.45095 2 2 2
137 11 2.65205e-01 -2.16261e-02 1.35795e-02 -2.97011e-01 2 2 0 6.45179 2 2 2
137 11 2.65111e-01 -2.53805e-02 1.59374e-02 -2.96599e-01 2 2 0 6.45289 2 2 2
137 11 2.64989e-01 -2.95099e-02 1.85312e-02 -2.96071e-01 2 2 0 6.45429 2 2 2
137 11 2.64835e-01 -3.40517e-02 2.13843e-02 -2.95398e-01 2 2 0 6.45609 2 2 2
137 11 2.64639e-01 -3.90469e-02 2.45227e-02 -2.94547e-01 2 2 0 6.45836 2 2 2
137 11 2.64392e-01 -4.45404e-02 2.79750e-02 -2.93477e-01 2 2 0 6.46123 2 2 2
137 11 2.64081e-01 -5.05817e-02 3.17725e-02 -2.92137e-01 2 2 0 6.46482 2 2 2
137 11 2.63693e-01 -5.72249e-02 3.59497e-02 -2.90467e-01 2 2 0 6.46931 2 2 2
137 11 2.63209e-01 -6.45295e-02 4.05447e-02 -2.88392e-01 2 2 0 6.47491 2 2 2
137 11 2.62607e-01 -7.25604e-02 4.55992e-02 -2.85823e-01 2 2 0 6.48187 2 2 2
137 11 2.61857e-01 -8.13888e-02 5.11591e-02 -2.82650e-01 2 2 0 6.49051 2 2 2
137 11 2.60926e-01 -9.10924e-02 5.72750e-02 -2.78741e-01 2 2 0 6.50124 2 2 2
137 11 2.59768e-01 -1.01756e-01 6.40025e-02 -2.73935e-01 2 2 0 6.51453 2 2 2
137 11 2.58326e-01 -1.13471e-01 7.14028e-02 -2.68037e-01 2 2 0 6.53100 2 2 2
137 11 2.56528e-01 -1.26339e-01 7.95430e-02 -2.60814e-01 2 2 0 6.55144 2 2 2
137 11 2.54277e-01 -1.40466e-01 8.84973e-02 -2.51981e-01 2 2 0 6.57683 2 2 2
137 11 2.51442e-01 -1.55969e-01 9.83471e-02 -2.41198e-01 2 2 0 6.60843 2 2 2
137 11 2.47841e-01 -1.72972e-01 1.09182e-01 -2.28058e-01 2 2 0 6.64789 2 2 2
137 11 2.43207e-01 -1.91606e-01 1.21100e-01 -2.12076e-01 2 2 0 6.69737 2 2 2
137 11 2.37128e-01 -2.12008e-01 1.34210e-01 -1.92683e-01 2 2 0 6.75976 2 2 2
137 11 2.28925e-01 -2.34321e-01 1.48631e-01 -1.69221e-01 2 2 0 6.83906 2 2 2
137 11 2.17394e-01 -2.58702e-01 1.64494e-01 -1.40948e-01 2 2 0 6.94106 2 2 2
137 11 2.00317e-01 -2.85365e-01 1.81943e-01 -1.07036e-01 2 2 0 7.07542 2 2 2
138 11 3.73874e-01 -1.58871e-03 1.00000e-03 -2.63436e-01 3 3 0 10.13341 3 3 3
138 11 3.73869e-01 -3.33629e-03 2.10000e-03 -2.63417e-01 3 3 0 10.13350 3 3 3
138 11 3.73858e-01 -5.25861e-03 3.31000e-03 -2.63380e-01 3 3 0 10.13367 3 3 3
138 11 3.73841e-01 -7.37314e-03 4.64100e-03 -2.63320e-01 3 3 0 10.13394 3 3 3
138 11 3.73815e-01 -9.69907e-03 6.10510e-03 -2.63231e-01 3 3 0 10.13434 3 3 3
138 11 3.73779e-01 -1.22575e-02 7.71561e-03 -2.63105e-01 3 3 0 10.13492 3 3 3
138 11 3.73729e-01 -1.50717e-02 9.48717e-03 -2.62933e-01 3 3 0 10.13570 3 3 3
138 11 3.73662e-01 -1.81672e-02 1.14359e-02 -2.62703e-01 3 3 0 10.13675 3 3 3
138 11 3.73575e-01 -2.15720e-02 1.35795e-02 -2.62400e-01 3 3 0 10.13814 3 3 3
138 11 3.73461e-01 -2.53169e-02 1.59374e-02 -2.62006e-01 3 3 0 10.13994 3 3 3
138 11 3.73315e-01 -2.94359e-02 1.85312e-02 -2.61501e-01 3 3 0 10.14225 3 3 3
138 11 3.73129e-01 -3.39660e-02 2.13843e-02 -2.60857e-01 3 3 0 10.14519 3 3 3
138 11 3.72895e-01 -3.89483e-02 2.45227e-02 -2.60043e-01 3 3 0 10.14893 3 3 3
138 11 3.72600e-01 -4.44275e-02 2.79750e-02 -2.59018e-01 3 3 0 10.15364 3 3 3
138 11 3.72232e-01 -5.04529e-02 3.17725e-02 -2.57735e-01 3 3 0 10.15955 3 3 3
138 11 3.71775e-01 -5.70783e-02 3.59497e-02 -2.56134e-01 3 3 0 10.16694 3 3 3
138 11 3.71209e-01 -6.43628e-02 4.05447e-02 -2.54145e-01 3 3 0 10.17617 3 3 3
138 11 3.70511e-01 -7.23711e-02 4.55992e-02 -2.51679e-01 3 3 0 10.18766 3 3 3
138 11 3.69654e-01 -8.11738e-02 5.11591e-02 -2.48631e-01 3 3 0 10.20195 3 3 3
138 11 3.68606e-01 -9.08479e-02 5.72750e-02 -2.44869e-01 3 3 0 10.21971 3 3 3
138 11 3.67331e-01 -1.01477e-01 6.40025e-02 -2.40237e-01 3 3 0 10.24180 3 3 3
138 11 3.65789e-01 -1.13152e-01 7.14028e-02 -2.34539e-01 3 3 0 10.26927 3 3 3
138 11 3.63938e-01 -1.25971e-01 7.95430e-02 -2.27538e-01 3 3 0 10.30353 3 3 3
138 11 3.61741e-01 -1.40037e-01 8.84973e-02 -2.18941e-01 3 3 0 10.34638 3 3 3
138 11 3.59179e-01 -1.55462e-01 9.83471e-02 -2.08384e-01 3 3 0 10.40026 3 3 3
138 11 3.56281e-01 -1.72356e-01 1.09182e-01 -1.95409e-01 3 3 0 10.46850 3 3 3
138 11 3.53198e-01 -1.90830e-01 1.21100e-01 -1.79425e-01 3 3 0 10.55595 3 3 3
138 11 3.50374e-01 -2.10987e-01 1.34210e-01 -1.59633e-01 3 3 0 10.67008 3 3 3
139 11 4.61571e-01 -1.58461e-03 1.00000e-03 -2.26803e-01 4 4 0 14.27832 4 4 4
139 11 4.61567e-01 -3.32765e-03 2.10000e-03 -2.26783e-01 4 4 0 14.27848 4 4 4
139 11 4.61560e-01 -5.24493e-03 3.31000e-03 -2.26746e-01 4 4 0 14.27878 4 4 4
139 11 4.61548e-01 -7.35381e-03 4.64100e-03 -2.26685e-01 4 4 0 14.27928 4 4 4
139 11 4.61530e-01 -9.67336e-03 6.10510e-03 -2.26595e-01 4 4 0 14.28001 4 4 4
139 11 4.61505e-01 -1.22245e-02 7.71561e-03 -2.26467e-01 4 4 0 14.28105 4 4 4
139 11 4.61471e-01 -1.50303e-02 9.48717e-03 -2.26293e-01 4 4 0 14.28247 4 4 4
139 11 4.61425e-01 -1.81158e-02 1.14359e-02 -2.26059e-01 4 4 0 14.28437 4 4 4
139 11 4.61364e-01 -2.15087e-02 1.35795e-02 -2.25752e-01 4 4 0 14.28687 4 4 4
139 11 4.61285e-01 -2.52393e-02 1.59374e-02 -2.25353e-01 4 4 0 14.29012 4 4 4
139 11 4.61184e-01 -2.93405e-02 1.85312e-02 -2.24841e-01 4 4 0 14.29431 4 4 4
139 11 4.61055e-01 -3.38486e-02 2.13843e-02 -2.24188e-01 4 4 0 14.29964 4 4 4
139 11 4.60891e-01 -3.88029e-02 2.45227e-02 -2.23364e-01 4 4 0 14.30640 4 4 4
139 11 4.60684e-01 -4.42461e-02 2.79750e-02 -2.22326e-01 4 4 0 14.31493 4 4 4
139 11 4.60425e-01 -5.02248e-02 3.17725e-02 -2.21029e-01 4 4 0 14.32563 4 4 4
139 11 4.60101e-01 -5.67891e-02 3.59497e-02 -2.19413e-01 4 4 0 14.33903 4 4 4
139 11 4.59695e-01 -6.39930e-02 4.05447e-02 -2.17406e-01 4 4 0 14.35575 4 4 4
139 11 4.59190e-01 -7.18944e-02 4.55992e-02 -2.14925e-01 4 4 0 14.37657 4 4 4
139 11 4.58560e-01 -8.05545e-02 5.11591e-02 -2.11864e-01 4 4 0 14.40248 4 4 4
139 11 4.57772e-01 -9.00380e-02 5.72750e-02 -2.08100e-01 4 4 0 14.43466 4 4 4
139 11 4.56784e-01 -1.00412e-01 6.40025e-02 -2.03485e-01 4 4 0 14.47464 4 4 4
139 11 4.55537e-01 -1.11746e-01 7.14028e-02 -1.97841e-01 4 4 0 14.52427 4 4 4
139 11 4.53943e-01 -1.24110e-01 7.95430e-02 -1.90964e-01 4 4 0 14.58587 4 4 4
139 11 4.51867e-01 -1.37574e-01 8.84973e-02 -1.82619e-01 4 4 0 14.66224 4 4 4
139 11 4.49082e-01 -1.52213e-01 9.83471e-02 -1.72551e-01 4 4 0 14.75668 4 4 4
139 11 4.45174e-01 -1.68110e-01 1.09182e-01 -1.60509e-01 4 4 0 14.87269 4 4 4
139 11 4.39326e-01 -1.85378e-01 1.21100e-01 -1.46321e-01 4 4 0 15.01333 4 4 4
139 11 4.29877e-01 -2.04183e-01 1.34210e-01 -1.30029e-01 4 4 0 15.18045 4 4 4
139 11 4.14696e-01 -2.24717e-01 1.48631e-01 -1.11643e-01 4 4 0 15.37922 4 4 4
140 11 5.24134e-01 8.39486e-03 1.00000e-03 -1.95935e-01 1 1 1 18.44140 1 1 2
140 11 5.24051e-01 1.76296e-02 2.10000e-03 -1.95841e-01 1 1 1 18.44427 1 1 2
140 11 5.23892e-01 2.77888e-02 3.31000e-03 -1.95661e-01 1 1 1 18.44980 1 1 2
140 11 5.23635e-01 3.89661e-02 4.64100e-03 -1.95369e-01 1 1 1 18.45878 1 1 2
140 11 5.23254e-01 5.12652e-02 6.10510e-03 -1.94936e-01 1 1 1 18.47221 1 1 2
140 11 5.22714e-01 6.48015e-02 7.71561e-03 -1.94321e-01 1 1 1 18.49138 1 1 2
140 11 5.21976e-01 7.97054e-02 9.48717e-03 -1.93477e-01 1 1 1 18.51795 1 1 2
140 11 5.20990e-01 9.61265e-02 1.14359e-02 -1.92344e-01 1 1 1 18.55412 1 1 2
140 11 5.19693e-01 1.14245e-01 1.35795e-02 -1.90845e-01 1 1 1 18.60287 1 1 2
140 11 5.18007e-01 1.34303e-01 1.59374e-02 -1.88879e-01 1 1 1 18.66837 1 1 2
140 11 5.15818e-01 1.56738e-01 1.85312e-02 -1.86299e-01 1 1 1 18.75717 1 1 2
140 11 5.12784e-01 1.83741e-01 2.13843e-02 -1.82693e-01 1 1 1 18.88697 1 1 4
141 11 5.28174e-01 -1.58160e-03 1.00000e-03 -1.93843e-01 5 5 0 18.75938 5 5 5
141 11 5.28199e-01 -3.32135e-03 2.10000e-03 -1.93809e-01 5 5 0 18.76030 5 5 5
141 11 5.28247e-01 -5.23505e-03 3.31000e-03 -1.93743e-01 5 5 0 18.76208 5 5 5
141 11 5.28324e-01 -7.34009e-03 4.64100e-03 -1.93635e-01 5 5 0 18.76495 5 5 5
141 11 5.28440e-01 -9.65556e-03 6.10510e-03 -1.93476e-01 5 5 0 18.76925 5 5 5
141 11 5.28604e-01 -1.22025e-02 7.71561e-03 -1.93250e-01 5 5 0 18.77537 5 5 5
141 11 5.28830e-01 -1.50039e-02 9.48717e-03 -1.92940e-01 5 5 0 18.78383 5 5 5
141 11 5.29135e-01 -1.80853e-02 1.14359e-02 -1.92524e-01 5 5 0 18.79530 5 5 5
141 11 5.29540e-01 -2.14744e-02 1.35795e-02 -1.91974e-01 5 5 0 18.81063 5 5 5
141 11 5.30073e-01 -2.52020e-02 1.59374e-02 -1.91257e-01 5 5 0 18.83095 5 5 5
141 11 5.30769e-01 -2.93015e-02 1.85312e-02 -1.90329e-01 5 5 0 18.85778 5 5 5
141 11 5.31670e-01 -3.38098e-02 2.13843e-02 -1.89139e-01 5 5 0 18.89313 5 5 5
141 11 5.32831e-01 -3.87668e-02 2.45227e-02 -1.87621e-01 5 5 0 18.93969 5 5 5
141 11 5.34309e-01 -4.42151e-02 2.79750e-02 -1.85700e-01 5 5 0 19.00099 5 5 5
141 11 5.36156e-01 -5.01983e-02 3.17725e-02 -1.83294e-01 5 5 0 19.08139 5 5 5
141 11 5.38380e-01 -5.67564e-02 3.59497e-02 -1.80334e-01 5 5 0 19.18536 5 5 5
141 11 5.40877e-01 -6.39191e-02 4.05447e-02 -1.76797e-01 5 5 0 19.31540 5 5 5
141 11 5.43365e-01 -7.17017e-02 4.55992e-02 -1.72744e-01 5 5 0 19.46885 5 5 5
141 11 5.45419e-01 -8.01141e-02 5.11591e-02 -1.68297e-01 5 5 0 19.63671 5 5 5
141 11 5.46616e-01 -8.91779e-02 5.72750e-02 -1.63560e-01 5 5 0 19.80749 5 5 5
141 11 5.46643e-01 -9.89309e-02 6.40025e-02 -1.58549e-01 5 5 0 19.97243 5 5 5
141 11 5.45287e-01 -1.09415e-01 7.14028e-02 -1.53187e-01 5 5 0 20.12717 5 5 5
141 11 5.42372e-01 -1.20663e-01 7.95430e-02 -1.47334e-01 5 5 0 20.27061 5 5 5
141 11 5.37712e-01 -1.32686e-01 8.84973e-02 -1.40805e-01 5 5 0 20.40336 5 5 5
141 11 5.31072e-01 -1.45466e-01 9.83471e-02 -1.33373e-01 5 5 0 20.52658 5 5 5
141 11 5.22161e-01 -1.58935e-01 1.09182e-01 -1.24774e-01 5 5 0 20.64117 5 5 5
142 11 5.92596e-01 -1.58166e-03 1.00000e-03 -1.57742e-01 6 6 0 25.21666 6 6 6
142 11 5.92575e-01 -3.32147e-03 2.10000e-03 -1.57733e-01 6 6 0 25.21694 6 6 6
142 11 5.92535e-01 -5.23525e-03 3.31000e-03 -1.57716e-01 6 6 0 25.21747 6 6 6
142 11 5.92471e-01 -7.34037e-03 4.64100e-03 -1.57688e-01 6 6 0 25.21834 6 6 6
142 11 5.92375e-01 -9.65596e-03 6.10510e-03 -1.57646e-01 6 6 0 25.21963 6 6 6
142 11 5.92240e-01 -1.22030e-02 7.71561e-03 -1.57587e-01 6 6 0 25.22146 6 6 6
142 11 5.92055e-01 -1.50047e-02 9.48717e-03 -1.57506e-01 6 6 0 25.22395 6 6 6
142 11 5.91807e-01 -1.80863e-02 1.14359e-02 -1.57398e-01 6 6 0 25.22728 6 6 6
142 11 5.91481e-01 -2.14758e-02 1.35795e-02 -1.57256e-01 6 6 0 25.23166 6 6 6
142 11 5.91059e-01 -2.52039e-02 1.59374e-02 -1.57070e-01 6 6 0 25.23732 6 6 6
142 11 5.90517e-01 -2.93042e-02 1.85312e-02 -1.56832e-01 6 6 0 25.24458 6 6 6
142 11 5.89827e-01 -3.38139e-02 2.13843e-02 -1.56527e-01 6 6 0 25.25379 6 6 6
142 11 5.88956e-01 -3.87734e-02 2.45227e-02 -1.56140e-01 6 6 0 25.26539 6 6 6
142 11 5.87863e-01 -4.42274e-02 2.79750e-02 -1.55651e-01 6 6 0 25.27989 6 6 6
142 11 5.86497e-01 -5.02248e-02 3.17725e-02 -1.55035e-01 6 6 0 25.29789 6 6 6
142 11 5.84800e-01 -5.68193e-02 3.59497e-02 -1.54262e-01 6 6 0 25.32011 6 6 6
142 11 5.82700e-01 -6.40694e-02 4.05447e-02 -1.53292e-01 6 6 0 25.34733 6 6 6
142 11 5.80113e-01 -7.20392e-02 4.55992e-02 -1.52077e-01 6 6 0 25.38047 6 6 6
142 11 5.76938e-01 -8.07988e-02 5.11591e-02 -1.50554e-01 6 6 0 25.42047 6 6 6
142 11 5.73057e-01 -9.04235e-02 5.72750e-02 -1.48646e-01 6 6 0 25.46832 6 6 6
142 11 5.68332e-01 -1.00994e-01 6.40025e-02 -1.46251e-01 6 6 0 25.52491 6 6 6
142 11 5.62605e-01 -1.12595e-01 7.14028e-02 -1.43241e-01 6 6 0 25.59092 6 6 6
142 11 5.55689e-01 -1.25310e-01 7.95430e-02 -1.39451e-01 6 6 0 25.66665 6 6 6
142 11 5.47368e-01 -1.39214e-01 8.84973e-02 -1.34678e-01 6 6 0 25.75180 6 6 6
142 11 5.37380e-01 -1.54359e-01 9.83471e-02 -1.28671e-01 6 6 0 25.84532 6 6 6
142 11 5.25396e-01 -1.70751e-01 1.09182e-01 -1.21131e-01 6 6 0 25.94539 6 6 6
143 11 6.31597e-01 -1.59014e-03 1.00000e-03 -1.33870e-01 7 7 0 31.01795 7 7 7
143 11 6.31578e-01 -3.33930e-03 2.10000e-03 -1.33860e-01 7 7 0 31.01809 7 7 7
143 11 6.31543e-01 -5.26344e-03 3.31000e-03 -1.33841e-01 7 7 0 31.01836 7 7 7
143 11 6.31486e-01 -7.38008e-03 4.64100e-03 -1.33811e-01 7 7 0 31.01881 7 7 7
143 11 6.31400e-01 -9.70855e-03 6.10510e-03 -1.33767e-01 7 7 0 31.01947 7 7 7
143 11 6.31280e-01 -1.22701e-02 7.71561e-03 -1.33703e-01 7 7 0 31.02040 7 7 7
143 11 6.31115e-01 -1.50882e-02 9.48717e-03 -1.33617e-01 7 7 0 31.02167 7 7 7
143 11 6.30894e-01 -1.81887e-02 1.14359e-02 -1.33501e-01 7 7 0 31.02338 7 7 7
143 11 6.30603e-01 -2.16001e-02 1.35795e-02 -1.33348e-01 7 7 0 31.02562 7 7 7
143 11 6.30226e-01 -2.53539e-02 1.59374e-02 -1.33150e-01 7 7 0 31.02853 7 7 7
143 11 6.29740e-01 -2.94848e-02 1.85312e-02 -1.32895e-01 7 7 0 31.03227 7 7 7
143 11 6.29121e-01 -3.40312e-02 2.13843e-02 -1.32571e-01 7 7 0 31.03703 7 7 7
143 11 6.28337e-01 -3.90357e-02 2.45227e-02 -1.32161e-01 7 7 0 31.04304 7 7 7
143 11 6.27350e-01 -4.45455e-02 2.79750e-02 -1.31644e-01 7 7 0 31.05061 7 7 7
143 11 6.26111e-01 -5.06130e-02 3.17725e-02 -1.30998e-01 7 7 0 31.06008 7 7 7
143 11 6.24562e-01 -5.72965e-02 3.59497e-02 -1.30191e-01 7 7 0 31.07187 7 7 7
143 11 6.22632e-01 -6.46614e-02 4.05447e-02 -1.29188e-01 7 7 0 31.08651 7 7 7
143 11 6.20232e-01 -7.27808e-02 4.55992e-02 -1.27944e-01 7 7 0 31.10463 7 7 7
143 11 6.17253e-01 -8.17373e-02 5.11591e-02 -1.26406e-01 7 7 0 31.12698 7 7 7
143 11 6.13561e-01 -9.16245e-02 5.72750e-02 -1.24505e-01 7 7 0 31.15450 7 7 7
143 11 6.08987e-01 -1.02550e-01 6.40025e-02 -1.22161e-01 7 7 0 31.18830 7 7 7
143 11 6.03324e-01 -1.14639e-01 7.14028e-02 -1.19271e-01 7 7 0 31.22975 7 7 7
143 11 5.96315e-01 -1.28040e-01 7.95430e-02 -1.15705e-01 7 7 0 31.28054 7 7 7
143 11 5.87645e-01 -1.42937e-01 8.84973e-02 -1.11296e-01 7 7 0 31.34282 7 7 7
143 11 5.76936e-01 -1.59578e-01 9.83471e-02 -1.05813e-01 7 7 0 31.41958 7 7 7
143 11 5.63781e-01 -1.78360e-01 1.09182e-01 -9.88995e-02 7 7 0 31.51605 7 7 7
143 11 5.47913e-01 -2.00168e-01 1.21100e-01 -8.98692e-02 7 7 0 31.64663 7 7 7
144 11 6.63708e-01 -1.62948e-03 1.00000e-03 -1.13073e-01 8 8 0 37.75626 8 8 8
144 11 6.63690e-01 -3.42189e-03 2.10000e-03 -1.13063e-01 8 8 0 37.75642 8 8 8
144 11 6.63657e-01 -5.39349e-03 3.31000e-03 -1.13044e-01 8 8 0 37.75672 8 8 8
144 11 6.63602e-01 -7.56219e-03 4.64100e-03 -1.13013e-01 8 8 0 37.75721 8 8 8
144 11 6.63521e-01 -9.94763e-03 6.10510e-03 -1.12967e-01 8 8 0 37.75793 8 8 8
144 11 6.63406e-01 -1.25714e-02 7.71561e-03 -1.12903e-01 8 8 0 37.75895 8 8 8
144 11 6.63249e-01 -1.54573e-02 9.48717e-03 -1.12814e-01 8 8 0 37.76036 8 8 8
144 11 6.63038e-01 -1.86313e-02 1.14359e-02 -1.12696e-01 8 8 0 37.76223 8 8 8
144 11 6.62761e-01 -2.21220e-02 1.35795e-02 -1.12540e-01 8 8 0 37.76469 8 8 8
144 11 6.62401e-01 -2.59607e-02 1.59374e-02 -1.12339e-01 8 8 0 37.76788 8 8 8
144 11 6.61938e-01 -3.01820e-02 1.85312e-02 -1.12080e-01 8 8 0 37.77196 8 8 8
144 11 6.61348e-01 -3.48233e-02 2.13843e-02 -1.11750e-01 8 8 0 37.77715 8 8 8
144 11 6.60599e-01 -3.99259e-02 2.45227e-02 -1.11334e-01 8 8 0 37.78369 8 8 8
144 11 6.59654e-01 -4.55346e-02 2.79750e-02 -1.10812e-01 8 8 0 37.79188 8 8 8
144 11 6.58468e-01 -5.16982e-02 3.17725e-02 -1.10159e-01 8 8 0 37.80207 8 8 8
144 11 6.56983e-01 -5.84697e-02 3.59497e-02 -1.09349e-01 8 8 0 37.81470 8 8 8
144 11 6.55129e-01 -6.59062e-02 4.05447e-02 -1.08345e-01 8 8 0 37.83028 8 8 8
144 11 6.52817e-01 -7.40688e-02 4.55992e-02 -1.07109e-01 8 8 0 37.84939 8 8 8
144 11 6.49939e-01 -8.30226e-02 5.11591e-02 -1.05590e-01 8 8 0 37.87277 8 8 8
144 11 6.46355e-01 -9.28356e-02 5.72750e-02 -1.03734e-01 8 8 0 37.90126 8 8 8
144 11 6.41892e-01 -1.03578e-01 6.40025e-02 -1.01475e-01 8 8 0 37.93594 8 8 8
144 11 6.36324e-01 -1.15321e-01 7.14028e-02 -9.87381e-02 8 8 0 37.97813 8 8 8
144 11 6.29357e-01 -1.28137e-01 7.95430e-02 -9.54433e-02 8 8 0 38.02962 8 8 8
144 11 6.20596e-01 -1.42104e-01 8.84973e-02 -9.15081e-02 8 8 0 38.09295 8 8 8
144 11 6.09491e-01 -1.57322e-01 9.83471e-02 -8.68576e-02 8 8 0 38.17196 8 8 8
144 11 5.95249e-01 -1.73970e-01 1.09182e-01 -8.14366e-02 8 8 0 38.27270 8 8 8
144 11 5.76731e-01 -1.92382e-01 1.21100e-01 -7.51924e-02 8 8 0 38.40529 8 8 8
145 11 6.88625e-01 -2.04594e-03 1.00000e-03 -9.62240e-02 9 9 0 45.06270 3 9 9
145 11 6.88606e-01 -4.29644e-03 2.10000e-03 -9.62129e-02 9 9 0 45.06296 3 9 9
145 11 6.88570e-01 -6.77195e-03 3.31000e-03 -9.61916e-02 9 9 0 45.06344 3 9 9
145 11 6.88510e-01 -9.49490e-03 4.64100e-03 -9.61572e-02 9 9 0 45.06423 3 9 9
145 11 6.88423e-01 -1.24900e-02 6.10510e-03 -9.61061e-02 9 9 0 45.06540 3 9 9
145 11 6.88298e-01 -1.57843e-02 7.71561e-03 -9.60337e-02 9 9 0 45.06706 3 9 9
145 11 6.88128e-01 -1.94077e-02 9.48717e-03 -9.59347e-02 9 9 0 45.06932 3 9 9
145 11 6.87901e-01 -2.33928e-02 1.14359e-02 -9.58021e-02 9 9 0 45.07236 3 9 9
145 11 6.87601e-01 -2.77756e-02 1.35795e-02 -9.56278e-02 9 9 0 45.07635 3 9 9
145 11 6.87213e-01 -3.25954e-02 1.59374e-02 -9.54014e-02 9 9 0 45.08152 3 9 9
145 11 6.86713e-01 -3.78954e-02 1.85312e-02 -9.51106e-02 9 9 0 45.08818 3 9 9
145 11 6.86077e-01 -4.37230e-02 2.13843e-02 -9.47399e-02 9 9 0 45.09665 3 9 9
145 11 6.85273e-01 -5.01299e-02 2.45227e-02 -9.42707e-02 9 9 0 45.10738 3 9 9
145 11 6.84260e-01 -5.71729e-02 2.79750e-02 -9.36800e-02 9 9 0 45.12087 3 9 9
145 11 6.82992e-01 -6.49137e-02 3.17725e-02 -9.29398e-02 9 9 0 45.13778 3 9 9
145 11 6.81411e-01 -7.34197e-02 3.59497e-02 -9.20154e-02 9 9 0 45.15887 3 9 9
145 11 6.79447e-01 -8.27642e-02 4.05447e-02 -9.08647e-02 9 9 0 45.18512 3 9 9
145 11 6.77015e-01 -9.30265e-02 4.55992e-02 -8.94351e-02 9 9 0 45.21769 3 9 9
145 11 6.74013e-01 -1.04291e-01 5.11591e-02 -8.76617e-02 9 9 0 45.25807 3 9 9
145 11 6.70321e-01 -1.16648e-01 5.72750e-02 -8.54624e-02 9 9 0 45.30812 3 9 9
145 11 6.65800e-01 -1.30188e-01 6.40025e-02 -8.27324e-02 9 9 0 45.37026 3 9 9
145 11 6.60301e-01 -1.44990e-01 7.14028e-02 -7.93321e-02 9 9 0 45.44792 3 9 9
145 11 6.53692e-01 -1.61090e-01 7.95430e-02 -7.50665e-02 9 9 0 45.54669 3 9 9
145 11 6.45963e-01 -1.78351e-01 8.84973e-02 -6.96359e-02 9 9 0 45.67949 3 9 9
145 11 6.37408e-01 -1.96047e-01 9.83471e-02 -6.26110e-02 9 9 0 45.89046 3 9 9
146 11 7.09263e-01 -1.22598e-03 1.00000e-03 -8.18003e-02 10 10 0 53.41690 10 10 10
146 11 7.09254e-01 -2.57443e-03 2.10000e-03 -8.17872e-02 10 10 0 53.41778 10 10 10
146 11 7.09236e-01 -4.05736e-03 3.31000e-03 -8.17623e-02 10 10 0 53.41945 10 10 10
146 11 7.09207e-01 -5.68793e-03 4.64100e-03 -8.17218e-02 10 10 0 53.42215 10 10 10
146 11 7.09165e-01 -7.48043e-03 6.10510e-03 -8.16617e-02 10 10 0 53.42618 10 10 10
146 11 7.09104e-01 -9.45040e-03 7.71561e-03 -8.15767e-02 10 10 0 53.43190 10 10 10
146 11 7.09021e-01 -1.16146e-02 9.48717e-03 -8.14603e-02 10 10 0 53.43974 10 10 10
146 11 7.08911e-01 -1.39912e-02 1.14359e-02 -8.13045e-02 10 10 0 53.45027 10 10 10
146 11 7.08765e-01 -1.65995e-02 1.35795e-02 -8.10995e-02 10 10 0 53.46419 10 10 10
146 11 7.08577e-01 -1.94599e-02 1.59374e-02 -8.08333e-02 10 10 0 53.48238 10 10 10
146 11 7.08336e-01 -2.25942e-02 1.85312e-02 -8.04912e-02 10 10 0 53.50594 10 10 10
146 11 7.08030e-01 -2.60245e-02 2.13843e-02 -8.00553e-02 10 10 0 53.53626 10 10 10
146 11 7.07644e-01 -2.97734e-02 2.45227e-02 -7.95036e-02 10 10 0 53.57511 10 10 10
146 11 7.07160e-01 -3.38631e-02 2.79750e-02 -7.88095e-02 10 10 0 53.62476 10 10 10
146 11 7.06556e-01 -3.83148e-02 3.17725e-02 -7.79411e-02 10 10 0 53.68807 10 10 10
146 11 7.05805e-01 -4.31474e-02 3.59497e-02 -7.68602e-02 10 10 0 53.76871 10 10 10
146 11 7.04870e-01 -4.83779e-02 4.05447e-02 -7.55226e-02 10 10 0 53.87124 10 10 10
146 11 7.03702e-01 -5.40233e-02 4.55992e-02 -7.38791e-02 10 10 0 54.00112 10 10 10
146 11 7.02226e-01 -6.01116e-02 5.11591e-02 -7.18795e-02 10 10 0 54.16422 10 10 10
146 11 7.00319e-01 -6.67159e-02 5.72750e-02 -6.94820e-02 10 10 0 54.36540 10 10 10
146 11 6.97772e-01 -7.40397e-02 6.40025e-02 -6.66678e-02 10 10 0 54.60569 10 10 10
146 11 6.94236e-01 -8.25762e-02 7.14028e-02 -6.34505e-02 10 10 0 54.87984 10 10 10
146 11 6.89211e-01 -9.32024e-02 7.95430e-02 -5.98488e-02 10 10 0 55.18026 10 10 10
146 11 6.82214e-01 -1.06529e-01 8.84973e-02 -5.57919e-02 10 10 0 55.50456 10 10 10
147 11 7.32376e-01 3.23962e-02 1.00000e-03 -6.46164e-02 2 8 1 67.54698 2 2 13
147 11 7.30540e-01 6.91626e-02 2.10000e-03 -6.40755e-02 2 8 1 67.67002 2 2 13
147 11 7.27775e-01 1.02063e-01 3.31000e-03 -6.32419e-02 2 8 1 67.86633 2 2 13
147 11 7.27967e-01 1.00153e-01 4.64100e-03 -6.32421e-02 2 8 1 67.86560 2 2 13
147 11 7.28188e-01 9.77281e-02 6.10510e-03 -6.32426e-02 2 10 1 67.86360 2 2 13
147 11 7.28439e-01 9.46587e-02 7.71561e-03 -6.32435e-02 2 10 1 67.85993 2 2 13
147 11 7.28723e-01 9.07732e-02 9.48717e-03 -6.32448e-02 2 10 1 67.85412 2 2 12
147 11 7.29038e-01 8.58412e-02 1.14359e-02 -6.32466e-02 2 10 1 67.84556 2 2 12
147 11 7.29382e-01 7.95393e-02 1.35795e-02 -6.32487e-02 4 10 1 67.83350 2 2 11
147 11 7.29746e-01 7.13837e-02 1.59374e-02 -6.32510e-02 4 11 1 67.81698 2 3 11
147 11 7.30108e-01 6.05735e-02 1.85312e-02 -6.32530e-02 4 11 1 67.79478 2 3 11
147 11 7.30420e-01 4.55295e-02 2.13843e-02 -6.32538e-02 4 11 1 67.76509 2 5 11
147 11 7.30534e-01 2.16643e-02 2.45227e-02 -6.32520e-02 4 11 1 67.72450 2 9 11
147 11 7.28945e-01 -3.61022e-02 2.79750e-02 -6.30882e-02 11 11 0 67.67538 11 11 11
148 11 7.41435e-01 -1.19190e-03 1.00000e-03 -5.84650e-02 12 12 0 74.58758 8 12 12
148 11 7.41415e-01 -2.50295e-03 2.10000e-03 -5.84602e-02 12 12 0 74.58798 8 12 12
148 11 7.41377e-01 -3.94498e-03 3.31000e-03 -5.84508e-02 12 12 0 74.58876 8 12 12
148 11 7.41316e-01 -5.53099e-03 4.64100e-03 -5.84356e-02 12 12 0 74.59002 8 12 12
148 11 7.41225e-01 -7.27523e-03 6.10510e-03 -5.84131e-02 12 12 0 74.59189 8 12 12
148 11 7.41097e-01 -9.19330e-03 7.71561e-03 -5.83812e-02 12 12 0 74.59454 8 12 12
148 11 7.40921e-01 -1.13023e-02 9.48717e-03 -5.83376e-02 12 12 0 74.59815 8 12 12
148 11 7.40686e-01 -1.36208e-02 1.14359e-02 -5.82791e-02 12 12 0 74.60298 8 12 12
148 11 7.40376e-01 -1.61692e-02 1.35795e-02 -5.82022e-02 12 12 0 74.60931 8 12 12
148 11 7.39974e-01 -1.89697e-02 1.59374e-02 -5.81024e-02 12 12 0 74.61748 8 12 12
148 11 7.39458e-01 -2.20462e-02 1.85312e-02 -5.79740e-02 12 12 0 74.62794 8 12 12
148 11 7.38801e-01 -2.54249e-02 2.13843e-02 -5.78102e-02 12 12 0 74.64116 8 12 12
148 11 7.37969e-01 -2.91338e-02 2.45227e-02 -5.76028e-02 12 12 0 74.65775 8 12 12
148 11 7.36923e-01 -3.32031e-02 2.79750e-02 -5.73413e-02 12 12 0 74.67838 8 12 12
148 11 7.35613e-01 -3.76650e-02 3.17725e-02 -5.70132e-02 12 12 0 74.70384 8 12 12
148 11 7.33980e-01 -4.25538e-02 3.59497e-02 -5.66029e-02 12 12 0 74.73501 8 12 12
148 11 7.31950e-01 -4.79057e-02 4.05447e-02 -5.60911e-02 12 12 0 74.77282 8 12 12
148 11 7.29435e-01 -5.37585e-02 4.55992e-02 -5.54540e-02 12 12 0 74.81823 8 12 12
148 11 7.26328e-01 -6.01502e-02 5.11591e-02 -5.46616e-02 12 12 0 74.87211 8 12 12
148 11 7.22499e-01 -6.71117e-02 5.72750e-02 -5.36765e-02 12 12 0 74.93509 8 12 12
148 11 7.17804e-01 -7.45924e-02 6.40025e-02 -5.24482e-02 12 12 0 75.00743 8 12 12
149 11 7.53278e-01 1.01009e-05 1.00000e-03 -4.96148e-02 12 13 1 87.24606 2 13 13
149 11 7.53261e-01 2.12288e-05 2.10000e-03 -4.96101e-02 12 13 1 87.24632 2 13 13
149 11 7.53230e-01 3.35119e-05 3.31000e-03 -4.96011e-02 12 13 1 87.24683 2 13 13
149 11 7.53179e-01 4.71040e-05 4.64100e-03 -4.95865e-02 12 13 1 87.24765 2 13 13
149 11 7.53103e-01 6.21917e-05 6.10510e-03 -4.95647e-02 12 13 1 87.24887 2 13 13
149 11 7.52996e-01 7.90055e-05 7.71561e-03 -4.95340e-02 12 13 1 87.25060 2 13 13
149 11 7.52850e-01 9.78333e-05 9.48717e-03 -4.94919e-02 12 13 1 87.25296 2 13 13
149 11 7.52654e-01 1.19040e-04 1.14359e-02 -4.94355e-02 12 13 1 87.25611 2 13 13
149 11 7.52396e-01 1.43095e-04 1.35795e-02 -4.93615e-02 12 13 1 87.26025 2 13 13
149 11 7.52061e-01 1.70607e-04 1.59374e-02 -4.92654e-02 12 13 1 87.26561 2 13 13
149 11 7.51630e-01 2.02379e-04 1.85312e-02 -4.91421e-02 12 13 1 87.27247 2 13 13
149 11 7.51082e-01 2.39486e-04 2.13843e-02 -4.89851e-02 12 13 1 87.28118 2 13 13
149 11 7.50386e-01 2.83383e-04 2.45227e-02 -4.87867e-02 12 13 1 87.29214 2 13 13
149 11 7.49510e-01 3.36087e-04 2.79750e-02 -4.85374e-02 12 13 1 87.30584 2 13 13
149 11 7.48412e-01 4.00453e-04 3.17725e-02 -4.82258e-02 12 13 1 87.32286 2 13 13
149 11 7.47038e-01 4.80640e-04 3.59497e-02 -4.78381e-02 12 13 1 87.34389 2 13 13
149 11 7.45327e-01 5.82915e-04 4.05447e-02 -4.73577e-02 12 13 1 87.36973 2 13 13
149 11 7.43199e-01 7.17069e-04 4.55992e-02 -4.67646e-02 12 13 1 87.40134 2 13 13
149 11 7.40556e-01 8.98975e-04 5.11591e-02 -4.60351e-02 12 13 1 87.43988 2 13 13
149 11 7.37278e-01 1.15525e-03 5.72750e-02 -4.51410e-02 10 13 1 87.48678 2 13 13
149 11 7.33215e-01 1.53176e-03 6.40025e-02 -4.40487e-02 10 13 1 87.54393 2 13 13
149 11 7.28177e-01 2.10905e-03 7.14028e-02 -4.27182e-02 10 13 1 87.61408 2 13 13
149 11 7.21932e-01 3.02987e-03 7.95430e-02 -4.11006e-02 10 13 1 87.70171 2 13 13
149 11 7.14185e-01 4.54735e-03 8.84973e-02 -3.91340e-02 10 13 1 87.81496 2 13 13
150 11 7.59101e-01 -2.00102e-03 1.00000e-03 -4.52093e-02 14 14 0 95.21182 4 14 14
150 11 7.59078e-01 -4.20234e-03 2.10000e-03 -4.52027e-02 14 14 0 95.21206 4 14 14
150 11 7.59034e-01 -6.62435e-03 3.31000e-03 -4.51900e-02 14 14 0 95.21252 4 14 14
150 11 7.58964e-01 -9.28958e-03 4.64100e-03 -4.51695e-02 14 14 0 95.21326 4 14 14
150 11 7.58859e-01 -1.22231e-02 6.10510e-03 -4.51391e-02 14 14 0 95.21436 4 14 14
150 11 7.58710e-01 -1.54528e-02 7.71561e-03 -4.50959e-02 14 14 0 95.21592 4 14 14
150 11 7.58506e-01 -1.90100e-02 9.48717e-03 -4.50367e-02 14 14 0 95.21806 4 14 14
150 11 7.58234e-01 -2.29298e-02 1.14359e-02 -4.49573e-02 14 14 0 95.22094 4 14 14
150 11 7.57875e-01 -2.72520e-02 1.35795e-02 -4.48526e-02 14 14 0 95.22476 4 14 14
150 11 7.57409e-01 -3.20224e-02 1.59374e-02 -4.47161e-02 14 14 0 95.22975 4 14 14
150 11 7.56811e-01 -3.72942e-02 1.85312e-02 -4.45397e-02 14 14 0 95.23624 4 14 14
150 11 7.56047e-01 -4.31310e-02 2.13843e-02 -4.43133e-02 14 14 0 95.24468 4 14 14
150 11 7.55079e-01 -4.96107e-02 2.45227e-02 -4.40236e-02 14 14 0 95.25566 4 14 14
150 11 7.53859e-01 -5.68341e-02 2.79750e-02 -4.36535e-02 14 14 0 95.27008 4 14 14
150 11 7.52326e-01 -6.49395e-02 3.17725e-02 -4.31799e-02 14 14 0 95.28938 4 14 14
150 11 7.50405e-01 -7.41334e-02 3.59497e-02 -4.25695e-02 14 14 0 95.31610 4 14 14
150 11 7.47999e-01 -8.47580e-02 4.05447e-02 -4.17710e-02 14 14 0 95.35528 4 14 14
150 11 7.44975e-01 -9.74459e-02 4.55992e-02 -4.06952e-02 14 14 0 95.41819 4 14 14
150 11 7.41142e-01 -1.13408e-01 5.11591e-02 -3.91706e-02 14 14 0 95.53142 4 14 14
150 11 7.36213e-01 -1.34288e-01 5.72750e-02 -3.69095e-02 14 14 0 95.74314 4 14 14
151 11 7.66519e-01 -1.74362e-03 1.00000e-03 -3.95514e-02 15 15 0 107.79250 7 15 15
151 11 7.66499e-01 -3.66166e-03 2.10000e-03 -3.95442e-02 15 15 0 107.79315 7 15 15
151 11 7.66461e-01 -5.77167e-03 3.31000e-03 -3.95303e-02 15 15 0 107.79440 7 15 15
151 11 7.66401e-01 -8.09299e-03 4.64100e-03 -3.95080e-02 15 15 0 107.79643 7 15 15
151 11 7.66310e-01 -1.06470e-02 6.10510e-03 -3.94748e-02 15 15 0 107.79945 7 15 15
151 11 7.66182e-01 -1.34572e-02 7.71561e-03 -3.94278e-02 15 15 0 107.80372 7 15 15
151 11 7.66007e-01 -1.65497e-02 9.48717e-03 -3.93633e-02 15 15 0 107.80959 7 15 15
151 11 7.65772e-01 -1.99533e-02 1.14359e-02 -3.92771e-02 15 15 0 107.81746 7 15 15
151 11 7.65463e-01 -2.36999e-02 1.35795e-02 -3.91636e-02 15 15 0 107.82785 7 15 15
151 11 7.65062e-01 -2.78249e-02 1.59374e-02 -3.90162e-02 15 15 0 107.84140 7 15 15
151 11 7.64547e-01 -3.23676e-02 1.85312e-02 -3.88266e-02 15 15 0 107.85892 7 15 15
151 11 7.63890e-01 -3.73716e-02 2.13843e-02 -3.85847e-02 15 15 0 107.88142 7 15 15
151 11 7.63058e-01 -4.28850e-02 2.45227e-02 -3.82783e-02 15 15 0 107.91018 7 15 15
151 11 7.62010e-01 -4.89613e-02 2.79750e-02 -3.78921e-02 15 15 0 107.94682 7 15 15
151 11 7.60696e-01 -5.56589e-02 3.17725e-02 -3.74080e-02 15 15 0 107.99341 7 15 15
151 11 7.59052e-01 -6.30405e-02 3.59497e-02 -3.68041e-02 15 15 0 108.05262 7 15 15
151 11 7.57002e-01 -7.11715e-02 4.05447e-02 -3.60551e-02 15 15 0 108.12783 7 15 15
151 11 7.54446e-01 -8.01157e-02 4.55992e-02 -3.51335e-02 15 15 0 108.22333 7 15 15
151 11 7.51251e-01 -8.99270e-02 5.11591e-02 -3.40144e-02 15 15 0 108.34450 7 15 15
151 11 7.47235e-01 -1.00637e-01 5.72750e-02 -3.26875e-02 15 15 0 108.49865 7 15 15
151 11 7.42128e-01 -1.12232e-01 6.40025e-02 -3.11765e-02 15 15 0 108.70147 7 15 15
151 11 7.35638e-01 -1.24632e-01 7.14028e-02 -2.94933e-02 15 15 0 108.99631 9 15 15
151 11 7.27651e-01 -1.37827e-01 7.95430e-02 -2.74621e-02 15 15 0 109.42225 9 15 15
152 11 7.72167e-01 -1.67953e-03 1.00000e-03 -3.52059e-02 16 16 0 119.92854 12 16 16
152 11 7.72161e-01 -3.52670e-03 2.10000e-03 -3.51889e-02 16 16 0 119.93781 12 16 16
152 11 7.72149e-01 -5.55781e-03 3.31000e-03 -3.51560e-02 16 16 0 119.95583 12 16 16
152 11 7.72131e-01 -7.79060e-03 4.64100e-03 -3.51024e-02 16 16 0 119.98561 12 16 16
152 11 7.72105e-01 -1.02444e-02 6.10510e-03 -3.50216e-02 16 16 0 120.03143 12 16 16
152 11 7.72071e-01 -1.29401e-02 7.71561e-03 -3.49053e-02 16 16 0 120.09955 12 16 16
152 11 7.72030e-01 -1.59012e-02 9.48717e-03 -3.47419e-02 16 16 0 120.19958 12 16 16
152 11 7.71985e-01 -1.91546e-02 1.14359e-02 -3.45155e-02 16 16 0 120.34671 12 16 16
152 11 7.71944e-01 -2.27357e-02 1.35795e-02 -3.42044e-02 16 16 0 120.56552 12 16 16
152 11 7.71914e-01 -2.66999e-02 1.59374e-02 -3.37815e-02 16 16 0 120.89395 10 16 16
152 11 7.71888e-01 -3.11466e-02 1.85312e-02 -3.32261e-02 16 16 0 121.37570 10 16 16
152 11 7.71792e-01 -3.62206e-02 2.13843e-02 -3.25594e-02 16 16 0 122.01088 8 16 16
152 11 7.71478e-01 -4.20200e-02 2.45227e-02 -3.18547e-02 16 16 0 122.70726 8 16 16
152 11 7.70813e-01 -4.85436e-02 2.79750e-02 -3.11656e-02 16 16 0 123.35922 8 16 16
152 11 7.69724e-01 -5.57809e-02 3.17725e-02 -3.04923e-02 16 16 0 123.92471 8 16 16
152 11 7.68151e-01 -6.37612e-02 3.59497e-02 -2.98104e-02 16 16 0 124.40333 8 16 16
152 11 7.66020e-01 -7.25428e-02 4.05447e-02 -2.90895e-02 16 16 0 124.80605 8 16 16
152 11 7.63232e-01 -8.21964e-02 4.55992e-02 -2.82974e-02 16 16 0 125.14317 10 16 16
152 11 7.59660e-01 -9.27942e-02 5.11591e-02 -2.73997e-02 16 16 0 125.42060 10 16 16
153 11 7.78966e-01 -1.65662e-03 1.00000e-03 -2.99331e-02 17 17 0 138.94514 9 17 17
153 11 7.78942e-01 -3.47887e-03 2.10000e-03 -2.99297e-02 17 17 0 138.94735 9 17 17
153 11 7.78897e-01 -5.48329e-03 3.31000e-03 -2.99231e-02 17 17 0 138.95161 9 17 17
153 11 7.78824e-01 -7.68805e-03 4.64100e-03 -2.99125e-02 17 17 0 138.95847 9 17 17
153 11 7.78716e-01 -1.01131e-02 6.10510e-03 -2.98967e-02 17 17 0 138.96863 9 17 17
153 11 7.78562e-01 -1.27804e-02 7.71561e-03 -2.98744e-02 17 17 0 138.98293 9 17 17
153 11 7.78352e-01 -1.57140e-02 9.48717e-03 -2.98437e-02 17 17 0 139.00237 9 17 17
153 11 7.78072e-01 -1.89404e-02 1.14359e-02 -2.98024e-02 17 17 0 139.02812 9 17 17
153 11 7.77702e-01 -2.24888e-02 1.35795e-02 -2.97479e-02 17 17 0 139.06154 9 17 17
153 11 7.77224e-01 -2.63911e-02 1.59374e-02 -2.96767e-02 17 17 0 139.10414 9 17 17
153 11 7.76609e-01 -3.06827e-02 1.85312e-02 -2.95845e-02 17 17 0 139.15757 9 17 17
153 11 7.75828e-01 -3.54028e-02 2.13843e-02 -2.94658e-02 17 17 0 139.22352 9 17 17
153 11 7.74841e-01 -4.05950e-02 2.45227e-02 -2.93136e-02 17 17 0 139.30351 9 17 17
153 11 7.73601e-01 -4.63085e-02 2.79750e-02 -2.91190e-02 17 17 0 139.39868 7 17 17
153 11 7.72052e-01 -5.25995e-02 3.17725e-02 -2.88703e-02 17 17 0 139.50924 7 17 17
153 11 7.70125e-01 -5.95335e-02 3.59497e-02 -2.85527e-02 17 17 0 139.63394 7 17 17
153 11 7.67737e-01 -6.71881e-02 4.05447e-02 -2.81470e-02 17 17 0 139.76922 7 17 17
153 11 7.64783e-01 -7.56564e-02 4.55992e-02 -2.76286e-02 17 17 0 139.90841 7 17 17
153 11 7.61135e-01 -8.50485e-02 5.11591e-02 -2.69671e-02 17 17 0 140.04116 7 17 17
153 11 7.56633e-01 -9.54914e-02 5.72750e-02 -2.61253e-02 17 17 0 140.15345 7 17 17
154 11 7.82809e-01 -1.68969e-03 1.00000e-03 -2.69323e-02 18 18 0 152.76668 10 18 18
154 11 7.82785e-01 -3.54838e-03 2.10000e-03 -2.69284e-02 18 18 0 152.76711 10 18 18
154 11 7.82741e-01 -5.59301e-03 3.31000e-03 -2.69211e-02 18 18 0 152.76794 10 18 18
154 11 7.82669e-01 -7.84222e-03 4.64100e-03 -2.69093e-02 18 18 0 152.76928 10 18 18
154 11 7.82563e-01 -1.03166e-02 6.10510e-03 -2.68917e-02 18 18 0 152.77127 10 18 18
154 11 7.82412e-01 -1.30387e-02 7.71561e-03 -2.68668e-02 18 18 0 152.77407 10 18 18
154 11 7.82205e-01 -1.60335e-02 9.48717e-03 -2.68327e-02 18 18 0 152.77790 10 18 18
154 11 7.81928e-01 -1.93286e-02 1.14359e-02 -2.67870e-02 18 18 0 152.78299 10 18 18
154 11 7.81564e-01 -2.29543e-02 1.35795e-02 -2.67270e-02 18 18 0 152.78965 10 18 18
154 11 7.81091e-01 -2.69442e-02 1.59374e-02 -2.66491e-02 18 18 0 152.79822 10 18 18
154 11 7.80482e-01 -3.13352e-02 1.85312e-02 -2.65489e-02 18 18 0 152.80911 10 18 18
154 11 7.79707e-01 -3.61683e-02 2.13843e-02 -2.64213e-02 18 18 0 152.82278 10 18 18
154 11 7.78725e-01 -4.14889e-02 2.45227e-02 -2.62598e-02 18 18 0 152.83977 10 18 18
154 11 7.77487e-01 -4.73470e-02 2.79750e-02 -2.60563e-02 18 18 0 152.86063 10 18 18
154 11 7.75935e-01 -5.37983e-02 3.17725e-02 -2.58011e-02 18 18 0 152.88596 10 18 18
154 11 7.73996e-01 -6.09043e-02 3.59497e-02 -2.54821e-02 18 18 0 152.91630 10 18 18
154 11 7.71580e-01 -6.87337e-02 4.05447e-02 -2.50840e-02 18 18 0 152.95209 10 18 18
154 11 7.68580e-01 -7.73638e-02 4.55992e-02 -2.45870e-02 18 18 0 152.99354 10 18 18
154 11 7.64863e-01 -8.68855e-02 5.11591e-02 -2.39645e-02 18 18 0 153.04064 10 18 18
154 11 7.60276e-01 -9.74198e-02 5.72750e-02 -2.31759e-02 18 18 0 153.09409 10 18 18
154 11 7.54645e-01 -1.09183e-01 6.40025e-02 -2.21464e-02 18 18 0 153.16263 10 18 18
155 11 7.86272e-01 -2.26456e-03 1.00000e-03 -2.42138e-02 19 19 0 167.96883 5 19 19
155 11 7.86245e-01 -4.75553e-03 2.10000e-03 -2.42091e-02 19 19 0 167.96891 5 19 19
155 11 7.86194e-01 -7.49551e-03 3.31000e-03 -2.42002e-02 19 19 0 167.96908 5 19 19
155 11 7.86110e-01 -1.05093e-02 4.64100e-03 -2.41858e-02 19 19 0 167.96936 5 19 19
155 11 7.85986e-01 -1.38242e-02 6.10510e-03 -2.41644e-02 19 19 0 167.96975 5 19 19
155 11 7.85810e-01 -1.74702e-02 7.71561e-03 -2.41342e-02 19 19 0 167.97030 5 19 19
155 11 7.85570e-01 -2.14801e-02 9.48717e-03 -2.40929e-02 19 19 0 167.97103 5 19 19
155 11 7.85247e-01 -2.58900e-02 1.14359e-02 -2.40377e-02 19 19 0 167.97195 5 19 19
155 11 7.84823e-01 -3.07396e-02 1.35795e-02 -2.39652e-02 19 19 0 167.97309 5 19 19
155 11 7.84272e-01 -3.60723e-02 1.59374e-02 -2.38714e-02 19 19 0 167.97445 5 19 19
155 11 7.83563e-01 -4.19361e-02 1.85312e-02 -2.37513e-02 19 19 0 167.97599 5 19 19
155 11 7.82659e-01 -4.83835e-02 2.13843e-02 -2.35990e-02 19 19 0 167.97768 5 19 19
155 11 7.81512e-01 -5.54729e-02 2.45227e-02 -2.34077e-02 19 19 0 167.97943 5 19 19
155 11 7.80064e-01 -6.32695e-02 2.79750e-02 -2.31689e-02 19 19 0 167.98115 5 19 19
155 11 7.78244e-01 -7.18473e-02 3.17725e-02 -2.28733e-02 19 19 0 167.98284 5 19 19
155 11 7.75960e-01 -8.12927e-02 3.59497e-02 -2.25102e-02 19 19 0 167.98485 5 19 19
155 11 7.73098e-01 -9.17116e-02 4.05447e-02 -2.20685e-02 19 19 0 167.98849 5 19 19
155 11 7.69507e-01 -1.03240e-01 4.55992e-02 -2.15375e-02 19 19 0 167.99741 5 19 19
155 11 7.64987e-01 -1.16064e-01 5.11591e-02 -2.09095e-02 19 19 0 168.02020 5 19 19
155 11 7.59266e-01 -1.30436e-01 5.72750e-02 -2.01819e-02 19 19 0 168.07412 5 19 19
155 11 7.51985e-01 -1.46705e-01 6.40025e-02 -1.93496e-02 19 19 0 168.18776 5 19 19
155 11 7.42714e-01 -1.65373e-01 7.14028e-02 -1.83558e-02 19 19 0 168.38721 5 19 19
156 11 7.89590e-01 -1.33256e-03 1.00000e-03 -2.16014e-02 20 20 0 185.84810 20 20 20
156 11 7.89570e-01 -2.79830e-03 2.10000e-03 -2.15970e-02 20 20 0 185.84863 20 20 20
156 11 7.89532e-01 -4.41041e-03 3.31000e-03 -2.15886e-02 20 20 0 185.84966 20 20 20
156 11 7.89470e-01 -6.18335e-03 4.64100e-03 -2.15751e-02 20 20 0 185.85132 20 20 20
156 11 7.89378e-01 -8.13292e-03 6.10510e-03 -2.15550e-02 20 20 0 185.85379 20 20 20
156 11 7.89248e-01 -1.02764e-02 7.71561e-03 -2.15265e-02 20 20 0 185.85729 20 20 20
156 11 7.89070e-01 -1.26326e-02 9.48717e-03 -2.14874e-02 20 20 0 185.86209 20 20 20
156 11 7.88833e-01 -1.52220e-02 1.14359e-02 -2.14351e-02 20 20 0 185.86854 20 20 20
156 11 7.88520e-01 -1.80667e-02 1.35795e-02 -2.13662e-02 20 20 0 185.87705 20 20 20
156 11 7.88114e-01 -2.11904e-02 1.59374e-02 -2.12767e-02 20 20 0 185.88815 19 20 20
156 11 7.87594e-01 -2.46184e-02 1.85312e-02 -2.11614e-02 20 20 0 185.90252 18 20 20
156 11 7.86931e-01 -2.83768e-02 2.13843e-02 -2.10140e-02 20 20 0 185.92101 18 20 20
156 11 7.86094e-01 -3.24920e-02 2.45227e-02 -2.08267e-02 20 20 0 185.94474 18 20 20
156 11 7.85044e-01 -3.69879e-02 2.79750e-02 -2.05894e-02 20 20 0 185.97520 18 20 20
156 11 7.83734e-01 -4.18813e-02 3.17725e-02 -2.02897e-02 20 20 0 186.01444 16 20 20
156 11 7.82110e-01 -4.71713e-02 3.59497e-02 -1.99111e-02 20 20 0 186.06547 16 20 20
156 11 7.80112e-01 -5.28149e-02 4.05447e-02 -1.94319e-02 20 20 0 186.13316 16 20 20
156 11 7.77679e-01 -5.86679e-02 4.55992e-02 -1.88233e-02 20 20 0 186.22652 16 20 20
156 11 7.74765e-01 -6.43321e-02 5.11591e-02 -1.80473e-02 20 20 0 186.36651 16 20 20
157 11 7.92193e-01 -1.41824e-03 1.00000e-03 -1.95424e-02 21 21 0 202.99127 21 21 21
157 11 7.92175e-01 -2.97591e-03 2.10000e-03 -1.95361e-02 21 21 0 202.99527 21 21 21
157 11 7.92141e-01 -4.68334e-03 3.31000e-03 -1.95241e-02 21 21 0 203.00297 21 21 21
157 11 7.92085e-01 -6.55010e-03 4.64100e-03 -1.95048e-02 21 21 0 203.01544 21 21 21
157 11 7.92003e-01 -8.58419e-03 6.10510e-03 -1.94760e-02 21 21 0 203.03402 21 21 21
157 11 7.91887e-01 -1.07908e-02 7.71561e-03 -1.94353e-02 21 21 0 203.06043 21 21 21
157 11 7.91728e-01 -1.31708e-02 9.48717e-03 -1.93797e-02 21 21 0 203.09679 21 21 21
157 11 7.91518e-01 -1.57182e-02 1.14359e-02 -1.93056e-02 21 21 0 203.14577 21 21 21
157 11 7.91244e-01 -1.84167e-02 1.35795e-02 -1.92084e-02 21 21 0 203.21076 21 21 21
157 11 7.90892e-01 -2.12357e-02 1.59374e-02 -1.90831e-02 21 21 0 203.29594 19 21 21
157 11 7.90445e-01 -2.41244e-02 1.85312e-02 -1.89233e-02 21 21 0 203.40649 15 21 21
157 11 7.89886e-01 -2.70050e-02 2.13843e-02 -1.87222e-02 21 21 0 203.54860 15 21 21
157 11 7.89191e-01 -2.97667e-02 2.45227e-02 -1.84720e-02 21 21 0 203.72927 15 21 21
157 11 7.88334e-01 -3.22636e-02 2.79750e-02 -1.81649e-02 21 21 0 203.95549 15 21 21
157 11 7.87278e-01 -3.43242e-02 3.17725e-02 -1.77937e-02 21 21 0 204.23228 11 21 21
157 11 7.85973e-01 -3.57856e-02 3.59497e-02 -1.73547e-02 21 21 0 204.55898 9 21 21
157 11 7.84335e-01 -3.65681e-02 4.05447e-02 -1.68547e-02 20 21 0 204.92339 4 21 21
158 11 7.94107e-01 1.12923e-02 1.00000e-03 -1.79614e-02 3 13 1 218.52749 3 3 25
158 11 7.93844e-01 2.37344e-02 2.10000e-03 -1.79352e-02 3 13 1 218.55961 3 3 25
158 11 7.93337e-01 3.74742e-02 3.31000e-03 -1.78845e-02 3 13 1 218.62364 3 3 25
158 11 7.92510e-01 5.26979e-02 4.64100e-03 -1.78011e-02 3 13 1 218.73405 3 3 25
158 11 7.91261e-01 6.96547e-02 6.10510e-03 -1.76739e-02 3 13 1 218.91508 3 3 25
158 11 7.89449e-01 8.87090e-02 7.71561e-03 -1.74861e-02 3 13 1 219.20992 3 3 25
158 11 7.86856e-01 1.10464e-01 9.48717e-03 -1.72109e-02 3 13 1 219.70193 3 3 25
158 11 7.83094e-01 1.36120e-01 1.14359e-02 -1.67973e-02 3 13 1 220.57622 3 3 25
158 11 7.77189e-01 1.69040e-01 1.35795e-02 -1.61131e-02 3 13 1 222.38578 3 3 25
158 11 7.55726e-01 2.58148e-01 1.59374e-02 -1.31821e-02 3 16 1 235.60936 3 4 25
159 11 7.97102e-01 -1.38358e-03 1.00000e-03 -1.56414e-02 23 23 0 246.64546 17 23 23
159 11 7.97080e-01 -2.90621e-03 2.10000e-03 -1.56389e-02 23 23 0 246.64748 17 23 23
159 11 7.97037e-01 -4.58284e-03 3.31000e-03 -1.56341e-02 23 23 0 246.65136 17 23 23
159 11 7.96967e-01 -6.43044e-03 4.64100e-03 -1.56264e-02 23 23 0 246.65762 17 23 23
159 11 7.96864e-01 -8.46839e-03 6.10510e-03 -1.56149e-02 23 23 0 246.66692 17 23 23
159 11 7.96718e-01 -1.07190e-02 7.71561e-03 -1.55985e-02 23 23 0 246.68008 17 23 23
159 11 7.96517e-01 -1.32083e-02 9.48717e-03 -1.55762e-02 23 23 0 246.69807 17 23 23
159 11 7.96248e-01 -1.59668e-02 1.14359e-02 -1.55462e-02 23 23 0 246.72211 17 23 23
159 11 7.95894e-01 -1.90308e-02 1.35795e-02 -1.55066e-02 23 23 0 246.75367 17 23 23
159 11 7.95432e-01 -2.24437e-02 1.59374e-02 -1.54551e-02 23 23 0 246.79451 19 23 23
159 11 7.94837e-01 -2.62587e-02 1.85312e-02 -1.53886e-02 23 23 0 246.84675 19 23 23
159 11 7.94074e-01 -3.05407e-02 2.13843e-02 -1.53034e-02 23 23 0 246.91290 19 23 23
159 11 7.93103e-01 -3.53708e-02 2.45227e-02 -1.51947e-02 23 23 0 246.99582 17 23 23
159 11 7.91871e-01 -4.08505e-02 2.79750e-02 -1.50564e-02 23 23 0 247.09872 17 23 23
159 11 7.90311e-01 -4.71082e-02 3.17725e-02 -1.48809e-02 23 23 0 247.22488 15 23 23
159 11 7.88339e-01 -5.43064e-02 3.59497e-02 -1.46580e-02 23 23 0 247.37721 13 23 23
159 11 7.85847e-01 -6.26500e-02 4.05447e-02 -1.43739e-02 23 23 0 247.55731 11 23 23
159 11 7.82698e-01 -7.23881e-02 4.55992e-02 -1.40090e-02 23 23 0 247.76420 11 23 23
159 11 7.78721e-01 -8.37731e-02 5.11591e-02 -1.35351e-02 23 23 0 247.99371 9 23 23
160 11 7.98830e-01 -1.27872e-03 1.00000e-03 -1.42631e-02 24 24 0 267.23187 10 24 24
160 11 7.98808e-01 -2.68530e-03 2.10000e-03 -1.42603e-02 24 24 0 267.23225 10 24 24
160 11 7.98767e-01 -4.23251e-03 3.31000e-03 -1.42551e-02 24 24 0 267.23297 10 24 24
160 11 7.98701e-01 -5.93440e-03 4.64100e-03 -1.42467e-02 24 24 0 267.23414 10 24 24
160 11 7.98602e-01 -7.80640e-03 6.10510e-03 -1.42341e-02 24 24 0 267.23587 10 24 24
160 11 7.98462e-01 -9.86548e-03 7.71561e-03 -1.42163e-02 24 24 0 267.23828 10 24 24
160 11 7.98270e-01 -1.21303e-02 9.48717e-03 -1.41920e-02 24 24 0 267.24154 10 24 24
160 11 7.98014e-01 -1.46213e-02 1.14359e-02 -1.41594e-02 24 24 0 267.24580 10 24 24
160 11 7.97677e-01 -1.73611e-02 1.35795e-02 -1.41167e-02 24 24 0 267.25127 10 24 24
160 11 7.97238e-01 -2.03744e-02 1.59374e-02 -1.40613e-02 24 24 0 267.25810 10 24 24
160 11 7.96675e-01 -2.36888e-02 1.85312e-02 -1.39903e-02 24 24 0 267.26646 10 24 24
160 11 7.95956e-01 -2.73349e-02 2.13843e-02 -1.39001e-02 24 24 0 267.27647 10 24 24
160 11 7.95045e-01 -3.13473e-02 2.45227e-02 -1.37866e-02 24 24 0 267.28814 10 24 24
160 11 7.93897e-01 -3.57671e-02 2.79750e-02 -1.36446e-02 24 24 0 267.30138 10 24 24
160 11 7.92454e-01 -4.06457e-02 3.17725e-02 -1.34685e-02 24 24 0 267.31606 10 24 24
160 11 7.90644e-01 -4.60549e-02 3.59497e-02 -1.32517e-02 24 24 0 267.33233 10 24 24
160 11 7.88377e-01 -5.21081e-02 4.05447e-02 -1.29873e-02 24 24 0 267.35188 10 24 24
160 11 7.85530e-01 -5.90066e-02 4.55992e-02 -1.26677e-02 24 24 0 267.38180 10 24 24
160 11 7.81935e-01 -6.71186e-02 5.11591e-02 -1.22833e-02 24 24 0 267.44482 10 24 24
161 11 8.01602e-01 -2.02559e-03 1.00000e-03 -1.20434e-02 26 26 0 309.34071 6 26 26
161 11 8.01577e-01 -4.25392e-03 2.10000e-03 -1.20393e-02 26 26 0 309.34240 6 26 26
161 11 8.01529e-01 -6.70557e-03 3.31000e-03 -1.20316e-02 26 26 0 309.34565 6 26 26
161 11 8.01452e-01 -9.40330e-03 4.64100e-03 -1.20190e-02 26 26 0 309.35093 6 26 26
161 11 8.01337e-01 -1.23723e-02 6.10510e-03 -1.20003e-02 26 26 0 309.35883 6 26 26
161 11 8.01174e-01 -1.56407e-02 7.71561e-03 -1.19738e-02 26 26 0 309.37013 6 26 26
161 11 8.00950e-01 -1.92396e-02 9.48717e-03 -1.19375e-02 26 26 0 309.38580 6 26 26
161 11 8.00651e-01 -2.32039e-02 1.14359e-02 -1.18889e-02 26 26 0 309.40717 6 26 26
161 11 8.00258e-01 -2.75724e-02 1.35795e-02 -1.18247e-02 26 26 0 309.43597 6 26 26
161 11 7.99747e-01 -3.23883e-02 1.59374e-02 -1.17411e-02 26 26 0 309.47456 6 26 26
161 11 7.99090e-01 -3.76996e-02 1.85312e-02 -1.16335e-02 26 26 0 309.52620 6 26 26
161 11 7.98251e-01 -4.35571e-02 2.13843e-02 -1.14959e-02 26 26 0 309.59540 6 26 26
161 11 7.97188e-01 -5.00076e-02 2.45227e-02 -1.13220e-02 26 26 0 309.68851 6 26 26
161 11 7.95848e-01 -5.70659e-02 2.79750e-02 -1.11051e-02 26 26 0 309.81427 6 26 26
161 11 7.94173e-01 -6.46027e-02 3.17725e-02 -1.08435e-02 26 26 0 309.98434 6 26 26
161 11 7.92119e-01 -7.20040e-02 3.59497e-02 -1.05531e-02 26 26 0 310.22128 6 26 26
161 11 7.89650e-01 -7.86509e-02 4.05447e-02 -1.02478e-02 26 26 0 310.60469 8 26 26
162 11 8.04274e-01 -1.70768e-03 1.00000e-03 -9.89845e-03 28 28 0 366.22936 8 28 28
162 11 8.04249e-01 -3.58597e-03 2.10000e-03 -9.89650e-03 28 28 0 366.23891 8 28 28
162 11 8.04201e-01 -5.65168e-03 3.31000e-03 -9.89275e-03 28 28 0 366.25718 8 28 28
162 11 8.04124e-01 -7.92320e-03 4.64100e-03 -9.88667e-03 28 28 0 366.28652 8 28 28
162 11 8.04009e-01 -1.04205e-02 6.10510e-03 -9.87761e-03 28 28 0 366.32969 8 28 28
162 11 8.03846e-01 -1.31653e-02 7.71561e-03 -9.86473e-03 28 28 0 366.38987 8 28 28
162 11 8.03624e-01 -1.61809e-02 9.48717e-03 -9.84698e-03 28 28 0 366.47053 8 28 28
162 11 8.03326e-01 -1.94924e-02 1.14359e-02 -9.82301e-03 28 28 0 366.57530 8 28 28
162 11 8.02936e-01 -2.31258e-02 1.35795e-02 -9.79111e-03 28 28 0 366.70756 8 28 28
162 11 8.02430e-01 -2.71082e-02 1.59374e-02 -9.74907e-03 28 28 0 366.86986 8 28 28
162 11 8.01782e-01 -3.14668e-02 1.85312e-02 -9.69404e-03 28 28 0 367.06290 8 28 28
162 11 8.00960e-01 -3.62274e-02 2.13843e-02 -9.62232e-03 28 28 0 367.28419 8 28 28
162 11 7.99925e-01 -4.14145e-02 2.45227e-02 -9.52916e-03 28 28 0 367.52637 8 28 28
163 11 8.06034e-01 -1.36310e-03 1.00000e-03 -8.48227e-03 30 30 0 418.00656 14 30 30
163 11 8.06011e-01 -2.86253e-03 2.10000e-03 -8.47999e-03 30 30 0 418.00691 14 30 30
163 11 8.05969e-01 -4.51193e-03 3.31000e-03 -8.47562e-03 30 30 0 418.00757 14 30 30
163 11 8.05900e-01 -6.32636e-03 4.64100e-03 -8.46855e-03 30 30 0 418.00861 14 30 30
163 11 8.05797e-01 -8.32242e-03 6.10510e-03 -8.45807e-03 30 30 0 418.01011 14 30 30
163 11 8.05651e-01 -1.05185e-02 7.71561e-03 -8.44327e-03 30 30 0 418.01212 14 30 30
163 11 8.05452e-01 -1.29350e-02 9.48717e-03 -8.42308e-03 30 30 0 418.01468 14 30 30
163 11 8.05185e-01 -1.55947e-02 1.14359e-02 -8.39621e-03 30 30 0 418.01782 14 30 30
163 11 8.04834e-01 -1.85236e-02 1.35795e-02 -8.36109e-03 30 30 0 418.02153 14 30 30
163 11 8.04377e-01 -2.17513e-02 1.59374e-02 -8.31587e-03 30 30 0 418.02584 14 30 30
163 11 8.03788e-01 -2.53128e-02 1.85312e-02 -8.25841e-03 30 30 0 418.03093 14 30 30
163 11 8.03035e-01 -2.92505e-02 2.13843e-02 -8.18619e-03 30 30 0 418.03755 12 30 30
163 11 8.02079e-01 -3.36175e-02 2.45227e-02 -8.09641e-03 30 30 0 418.04772 12 30 30
163 11 8.00867e-01 -3.84833e-02 2.79750e-02 -7.98601e-03 30 30 0 418.06624 12 30 30
163 11 7.99335e-01 -4.39418e-02 3.17725e-02 -7.85189e-03 30 30 0 418.10335 12 30 30
163 11 7.97401e-01 -5.01219e-02 3.59497e-02 -7.69133e-03 30 30 0 418.17854 12 30 30
163 11 7.94954e-01 -5.71984e-02 4.05447e-02 -7.50242e-03 30 30 0 418.32550 12 30 30
163 11 7.91855e-01 -6.53767e-02 4.55992e-02 -7.28271e-03 30 30 0 418.59724 12 30 30
164 11 8.07485e-01 -1.48385e-03 1.00000e-03 -7.31094e-03 32 32 0 474.52527 31 32 32
164 11 8.07464e-01 -3.11624e-03 2.10000e-03 -7.30712e-03 32 32 0 474.53874 30 32 32
164 11 8.07424e-01 -4.91227e-03 3.31000e-03 -7.29977e-03 32 32 0 474.56479 30 32 32
164 11 8.07359e-01 -6.88870e-03 4.64100e-03 -7.28786e-03 32 32 0 474.60744 30 32 32
164 11 8.07262e-01 -9.06419e-03 6.10510e-03 -7.27010e-03 32 32 0 474.67208 30 32 32
164 11 8.07125e-01 -1.14596e-02 7.71561e-03 -7.24489e-03 32 32 0 474.76605 28 32 32
164 11 8.06937e-01 -1.40985e-02 9.48717e-03 -7.21018e-03 32 32 0 474.89955 28 32 32
164 11 8.06686e-01 -1.70077e-02 1.14359e-02 -7.16347e-03 32 32 0 475.08692 28 32 32
164 11 8.06356e-01 -2.02178e-02 1.35795e-02 -7.10162e-03 32 32 0 475.34833 28 32 32
164 11 8.05928e-01 -2.37632e-02 1.59374e-02 -7.02096e-03 32 32 0 475.71156 27 32 32
164 11 8.05377e-01 -2.76794e-02 1.85312e-02 -6.91756e-03 32 32 0 476.21117 26 32 32
164 11 8.04670e-01 -3.19893e-02 2.13843e-02 -6.78867e-03 32 32 0 476.87843 26 32 32
164 11 8.03764e-01 -3.66614e-02 2.45227e-02 -6.63604e-03 32 32 0 477.71570 26 32 32
164 11 8.02608e-01 -4.15590e-02 2.79750e-02 -6.46675e-03 32 32 0 478.70716 27 32 32
164 11 8.01152e-01 -4.66349e-02 3.17725e-02 -6.27642e-03 32 32 0 479.89424 27 32 32
165 11 8.08844e-01 -1.45386e-03 1.00000e-03 -6.21329e-03 34 34 0 545.03547 22 34 34
165 11 8.08820e-01 -3.05326e-03 2.10000e-03 -6.21170e-03 34 34 0 545.04239 22 34 34
165 11 8.08775e-01 -4.81300e-03 3.31000e-03 -6.20866e-03 34 34 0 545.05563 22 34 34
165 11 8.08702e-01 -6.74944e-03 4.64100e-03 -6.20375e-03 34 34 0 545.07697 22 34 34
165 11 8.08593e-01 -8.88079e-03 6.10510e-03 -6.19643e-03 34 34 0 545.10852 22 34 34
165 11 8.08439e-01 -1.12273e-02 7.71561e-03 -6.18606e-03 34 34 0 545.15278 22 34 34
165 11 8.08228e-01 -1.38115e-02 9.48717e-03 -6.17183e-03 34 34 0 545.21268 22 34 34
165 11 8.07945e-01 -1.66589e-02 1.14359e-02 -6.15274e-03 34 34 0 545.29151 22 34 34
165 11 8.07574e-01 -1.97978e-02 1.35795e-02 -6.12752e-03 34 34 0 545.39285 22 34 34
165 11 8.07091e-01 -2.32607e-02 1.59374e-02 -6.09461e-03 34 34 0 545.52036 22 34 34
165 11 8.06471e-01 -2.70843e-02 1.85312e-02 -6.05202e-03 34 34 0 545.67726 22 34 34
165 11 8.05679e-01 -3.13107e-02 2.13843e-02 -5.99724e-03 34 34 0 545.86558 23 34 34
165 11 8.04676e-01 -3.59868e-02 2.45227e-02 -5.92704e-03 34 34 0 546.08477 24 34 34
165 11 8.03413e-01 -4.11582e-02 2.79750e-02 -5.83709e-03 34 34 0 546.32986 24 34 34
165 11 8.01833e-01 -4.68245e-02 3.17725e-02 -5.72135e-03 34 34 0 546.58964 22 34 34
165 11 7.99886e-01 -5.27528e-02 3.59497e-02 -5.57155e-03 34 34 0 546.84921 24 34 34
166 11 8.11076e-01 -1.75859e-03 1.00000e-03 -4.40460e-03 39 39 0 729.60568 11 39 39
166 11 8.11050e-01 -3.69432e-03 2.10000e-03 -4.40329e-03 39 39 0 729.63377 11 39 39
166 11 8.11000e-01 -5.82683e-03 3.31000e-03 -4.40076e-03 39 39 0 729.68732 11 39 39
166 11 8.10920e-01 -8.17867e-03 4.64100e-03 -4.39665e-03 39 39 0 729.77292 11 39 39
166 11 8.10800e-01 -1.07760e-02 6.10510e-03 -4.39050e-03 39 39 0 729.89792 11 39 39
166 11 8.10630e-01 -1.36493e-02 7.71561e-03 -4.38170e-03 39 39 0 730.07010 11 39 39
166 11 8.10398e-01 -1.68346e-02 9.48717e-03 -4.36946e-03 39 39 0 730.29683 11 39 39
166 11 8.10085e-01 -2.03744e-02 1.14359e-02 -4.35275e-03 39 39 0 730.58371 11 39 39
166 11 8.09673e-01 -2.43189e-02 1.35795e-02 -4.33020e-03 39 39 0 730.93214 11 39 39
166 11 8.09136e-01 -2.87266e-02 1.59374e-02 -4.29997e-03 39 39 0 731.33589 11 39 39
166 11 8.08443e-01 -3.36626e-02 1.85312e-02 -4.25966e-03 39 39 0 731.77692 11 39 39
166 11 8.07555e-01 -3.91949e-02 2.13843e-02 -4.20619e-03 39 39 0 732.22190 13 39 39
166 11 8.06425e-01 -4.53869e-02 2.45227e-02 -4.13579e-03 39 39 0 732.62197 13 39 39
167 11 8.13635e-01 -1.53018e-03 1.00000e-03 -2.32620e-03 26 50 0 1249.63172 10 46 50
167 11 8.13610e-01 -3.21315e-03 2.10000e-03 -2.32529e-03 26 50 0 1249.70368 10 46 50
167 11 8.13563e-01 -5.06388e-03 3.31000e-03 -2.32353e-03 26 50 0 1249.84008 10 46 50
167 11 8.13486e-01 -7.09882e-03 4.64100e-03 -2.32067e-03 27 50 0 1250.05571 10 46 50
167 11 8.13372e-01 -9.33617e-03 6.10510e-03 -2.31636e-03 28 50 0 1250.36510 10 46 50
167 11 8.13211e-01 -1.17963e-02 7.71561e-03 -2.31017e-03 28 50 0 1250.77996 10 46 50
167 11 8.12990e-01 -1.45027e-02 9.48717e-03 -2.30150e-03 28 50 0 1251.30475 10 46 50
168 11 8.14866e-01 -1.67173e-03 1.00000e-03 -1.32338e-03 62 62 0 2005.83368 12 62 62
