74 95 1.44077e-01 -1.59547e-03 1.00000e-03 -3.22948e-01 9 9 0 28.15530 9 9 9
74 95 1.44075e-01 -3.35048e-03 2.10000e-03 -3.22927e-01 9 9 0 28.15553 9 9 9
74 95 1.44070e-01 -5.28097e-03 3.31000e-03 -3.22887e-01 9 9 0 28.15598 9 9 9
74 95 1.44061e-01 -7.40450e-03 4.64100e-03 -3.22821e-01 9 9 0 28.15671 9 9 9
74 95 1.44049e-01 -9.74034e-03 6.10510e-03 -3.22724e-01 9 9 0 28.15779 9 9 9
74 95 1.44032e-01 -1.23097e-02 7.71561e-03 -3.22587e-01 9 9 0 28.15932 9 9 9
74 95 1.44008e-01 -1.51359e-02 9.48717e-03 -3.22400e-01 9 9 0 28.16142 9 9 9
74 95 1.43976e-01 -1.82446e-02 1.14359e-02 -3.22148e-01 9 9 0 28.16422 9 9 9
74 95 1.43934e-01 -2.16639e-02 1.35795e-02 -3.21818e-01 9 9 0 28.16791 9 9 9
74 95 1.43880e-01 -2.54249e-02 1.59374e-02 -3.21389e-01 9 9 0 28.17270 9 9 9
74 95 1.43810e-01 -2.95616e-02 1.85312e-02 -3.20839e-01 9 9 0 28.17886 9 9 9
74 95 1.43721e-01 -3.41113e-02 2.13843e-02 -3.20137e-01 9 9 0 28.18672 9 9 9
74 95 1.43608e-01 -3.91152e-02 2.45227e-02 -3.19250e-01 9 9 0 28.19668 9 9 9
74 95 1.43466e-01 -4.46183e-02 2.79750e-02 -3.18134e-01 9 9 0 28.20922 9 9 9
74 95 1.43288e-01 -5.06702e-02 3.17725e-02 -3.16736e-01 9 9 0 28.22496 9 9 9
74 95 1.43065e-01 -5.73250e-02 3.59497e-02 -3.14995e-01 9 9 0 28.24463 9 9 9
74 95 1.42787e-01 -6.46424e-02 4.05447e-02 -3.12831e-01 9 9 0 28.26915 9 9 9
74 95 1.42442e-01 -7.26873e-02 4.55992e-02 -3.10150e-01 9 9 0 28.29966 9 9 9
74 95 1.42014e-01 -8.15310e-02 5.11591e-02 -3.06839e-01 9 9 0 28.33755 9 9 9
74 95 1.41483e-01 -9.12514e-02 5.72750e-02 -3.02759e-01 9 9 0 28.38456 9 9 9
74 95 1.40826e-01 -1.01933e-01 6.40025e-02 -2.97741e-01 9 9 0 28.44286 9 9 9
74 95 1.40012e-01 -1.13669e-01 7.14028e-02 -2.91580e-01 9 9 0 28.51516 9 9 9
75 95 1.45481e-01 6.35911e-03 1.00000e-03 -3.22726e-01 2 2 1 28.44681 2 2 2
75 95 1.45469e-01 1.33545e-02 2.10000e-03 -3.22642e-01 2 2 1 28.44944 2 2 2
75 95 1.45444e-01 2.10504e-02 3.31000e-03 -3.22480e-01 2 2 1 28.45451 2 2 2
75 95 1.45406e-01 2.95178e-02 4.64100e-03 -3.22219e-01 2 2 1 28.46270 2 2 2
75 95 1.45348e-01 3.88351e-02 6.10510e-03 -3.21830e-01 2 2 1 28.47492 2 2 2
75 95 1.45266e-01 4.90892e-02 7.71561e-03 -3.21280e-01 2 2 1 28.49228 2 2 2
75 95 1.45154e-01 6.03765e-02 9.48717e-03 -3.20526e-01 2 2 1 28.51618 2 2 2
75 95 1.45004e-01 7.28044e-02 1.14359e-02 -3.19516e-01 2 2 1 28.54841 2 2 2
75 95 1.44808e-01 8.64928e-02 1.35795e-02 -3.18186e-01 2 2 1 28.59124 2 2 2
75 95 1.44554e-01 1.01576e-01 1.59374e-02 -3.16457e-01 2 2 1 28.64759 2 2 2
75 95 1.44229e-01 1.18206e-01 1.85312e-02 -3.14229e-01 2 2 1 28.72131 2 2 2
75 95 1.43817e-01 1.36554e-01 2.13843e-02 -3.11382e-01 2 2 1 28.81744 2 2 2
75 95 1.43300e-01 1.56821e-01 2.45227e-02 -3.07763e-01 2 2 1 28.94284 2 2 2
75 95 1.42655e-01 1.79238e-01 2.79750e-02 -3.03182e-01 2 2 1 29.10704 2 2 2
75 95 1.41858e-01 2.04082e-01 3.17725e-02 -2.97399e-01 2 2 1 29.32371 2 2 2
75 95 1.40885e-01 2.31697e-01 3.59497e-02 -2.90105e-01 2 2 1 29.61334 2 2 2
75 95 1.39715e-01 2.62524e-01 4.05447e-02 -2.80894e-01 2 2 1 30.00860 2 2 2
75 95 1.38343e-01 2.97190e-01 4.55992e-02 -2.69207e-01 2 2 1 30.56599 2 2 2
75 95 1.36818e-01 3.36798e-01 5.11591e-02 -2.54171e-01 2 2 1 31.39859 2 2 2
76 95 1.59493e-01 -1.59521e-03 1.00000e-03 -3.20608e-01 10 10 0 31.36982 10 10 10
76 95 1.59490e-01 -3.34993e-03 2.10000e-03 -3.20587e-01 10 10 0 31.37008 10 10 10
76 95 1.59485e-01 -5.28012e-03 3.31000e-03 -3.20547e-01 10 10 0 31.37058 10 10 10
76 95 1.59476e-01 -7.40330e-03 4.64100e-03 -3.20482e-01 10 10 0 31.37139 10 10 10
76 95 1.59462e-01 -9.73875e-03 6.10510e-03 -3.20385e-01 10 10 0 31.37259 10 10 10
76 95 1.59443e-01 -1.23077e-02 7.71561e-03 -3.20249e-01 10 10 0 31.37429 10 10 10
76 95 1.59417e-01 -1.51334e-02 9.48717e-03 -3.20062e-01 10 10 0 31.37663 10 10 10
76 95 1.59382e-01 -1.82416e-02 1.14359e-02 -3.19812e-01 10 10 0 31.37975 10 10 10
76 95 1.59336e-01 -2.16604e-02 1.35795e-02 -3.19483e-01 10 10 0 31.38386 10 10 10
76 95 1.59276e-01 -2.54208e-02 1.59374e-02 -3.19056e-01 10 10 0 31.38919 10 10 10
76 95 1.59199e-01 -2.95568e-02 1.85312e-02 -3.18507e-01 10 10 0 31.39605 10 10 10
76 95 1.59101e-01 -3.41058e-02 2.13843e-02 -3.17809e-01 10 10 0 31.40480 10 10 10
76 95 1.58976e-01 -3.91088e-02 2.45227e-02 -3.16925e-01 10 10 0 31.41588 10 10 10
76 95 1.58820e-01 -4.46111e-02 2.79750e-02 -3.15813e-01 10 10 0 31.42984 10 10 10
76 95 1.58623e-01 -5.06620e-02 3.17725e-02 -3.14422e-01 10 10 0 31.44736 10 10 10
76 95 1.58378e-01 -5.73157e-02 3.59497e-02 -3.12687e-01 10 10 0 31.46925 10 10 10
76 95 1.58072e-01 -6.46319e-02 4.05447e-02 -3.10532e-01 10 10 0 31.49655 10 10 10
76 95 1.57691e-01 -7.26755e-02 4.55992e-02 -3.07863e-01 10 10 0 31.53051 10 10 10
76 95 1.57220e-01 -8.15178e-02 5.11591e-02 -3.04566e-01 10 10 0 31.57269 10 10 10
76 95 1.56635e-01 -9.12366e-02 5.72750e-02 -3.00502e-01 10 10 0 31.62501 10 10 10
76 95 1.55910e-01 -1.01917e-01 6.40025e-02 -2.95504e-01 10 10 0 31.68990 10 10 10
76 95 1.55012e-01 -1.13650e-01 7.14028e-02 -2.89369e-01 10 10 0 31.77037 10 10 10
76 95 1.53900e-01 -1.26537e-01 7.95430e-02 -2.81849e-01 10 10 0 31.87026 10 10 10
76 95 1.52519e-01 -1.40685e-01 8.84973e-02 -2.72647e-01 10 10 0 31.99443 10 10 10
76 95 1.50800e-01 -1.56210e-01 9.83471e-02 -2.61401e-01 10 10 0 32.14918 10 10 10
76 95 1.48655e-01 -1.73235e-01 1.09182e-01 -2.47676e-01 10 10 0 32.34268 10 10 10
