0 1 8.16045e-01 -1.58776e-03 1.00000e-03 -3.62365e-04 9 9 0 538.44180 1 9 9
0 1 8.16019e-01 -3.33432e-03 2.10000e-03 -3.61874e-04 9 9 0 538.42400 1 9 9
0 1 8.15970e-01 -5.25559e-03 3.31000e-03 -3.60931e-04 9 9 0 538.38973 1 9 9
0 1 8.15891e-01 -7.36909e-03 4.64100e-03 -3.59406e-04 9 9 0 538.33397 1 9 9
0 1 8.15773e-01 -9.69411e-03 6.10510e-03 -3.57139e-04 9 9 0 538.25031 1 9 9
0 1 8.15606e-01 -1.22519e-02 7.71561e-03 -3.53931e-04 9 9 0 538.13036 1 9 9
0 1 8.15378e-01 -1.50659e-02 9.48717e-03 -3.49539e-04 9 9 0 537.96311 1 9 9
0 1 8.15072e-01 -1.81619e-02 1.14359e-02 -3.43662e-04 9 9 0 537.73381 1 9 9
0 1 8.14669e-01 -2.15684e-02 1.35795e-02 -3.35932e-04 9 9 0 537.42252 1 9 9
0 1 8.14146e-01 -2.53168e-02 1.59374e-02 -3.25895e-04 9 9 0 537.00172 1 9 9
0 1 8.13474e-01 -2.94419e-02 1.85312e-02 -3.12994e-04 9 9 0 536.43291 1 9 9
0 1 8.12617e-01 -3.39820e-02 2.13843e-02 -2.96547e-04 9 9 0 535.66117 1 9 9
0 1 8.11531e-01 -3.89798e-02 2.45227e-02 -2.75708e-04 9 9 0 534.60682 1 9 9
0 1 8.10162e-01 -4.44822e-02 2.79750e-02 -2.49433e-04 9 9 0 533.15232 1 9 9
0 1 8.08446e-01 -5.05416e-02 3.17725e-02 -2.16410e-04 9 9 0 531.12136 1 9 9
0 1 8.06300e-01 -5.72159e-02 3.59497e-02 -1.74970e-04 9 9 0 528.24585 1 9 9
0 1 8.03625e-01 -6.45696e-02 4.05447e-02 -1.22930e-04 9 9 0 524.11408 1 9 9
0 1 8.00299e-01 -7.26740e-02 4.55992e-02 -5.73066e-05 9 9 0 518.09329 1 9 9
1 1 8.16158e-01 -1.59784e-03 1.00000e-03 -2.69993e-04 10 10 0 688.30674 2 10 10
1 1 8.16132e-01 -3.35549e-03 2.10000e-03 -2.69568e-04 10 10 0 688.28080 2 10 10
1 1 8.16083e-01 -5.28897e-03 3.31000e-03 -2.68752e-04 10 10 0 688.23079 2 10 10
1 1 8.16003e-01 -7.41591e-03 4.64100e-03 -2.67433e-04 10 10 0 688.14938 2 10 10
1 1 8.15885e-01 -9.75574e-03 6.10510e-03 -2.65471e-04 10 10 0 688.02702 2 10 10
1 1 8.15717e-01 -1.23299e-02 7.71561e-03 -2.62696e-04 10 10 0 687.85120 2 10 10
1 1 8.15487e-01 -1.51619e-02 9.48717e-03 -2.58897e-04 10 10 0 687.60529 2 10 10
1 1 8.15179e-01 -1.82778e-02 1.14359e-02 -2.53812e-04 10 10 0 687.26681 2 10 10
1 1 8.14774e-01 -2.17063e-02 1.35795e-02 -2.47124e-04 10 10 0 686.80495 2 10 10
1 1 8.14248e-01 -2.54792e-02 1.59374e-02 -2.38439e-04 10 10 0 686.17665 2 10 10
1 1 8.13572e-01 -2.96314e-02 1.85312e-02 -2.27275e-04 10 10 0 685.32076 2 10 10
1 1 8.12710e-01 -3.42017e-02 2.13843e-02 -2.13038e-04 10 10 0 684.14880 2 10 10
1 1 8.11618e-01 -3.92332e-02 2.45227e-02 -1.94992e-04 10 10 0 682.53047 2 10 10
1 1 8.10242e-01 -4.47735e-02 2.79750e-02 -1.72221e-04 10 10 0 680.27074 2 10 10
1 1 8.08515e-01 -5.08754e-02 3.17725e-02 -1.43565e-04 10 10 0 677.07308 2 10 10
1 1 8.06356e-01 -5.75977e-02 3.59497e-02 -1.07523e-04 10 10 0 672.48136 2 10 10
1 1 8.03665e-01 -6.50056e-02 4.05447e-02 -6.20789e-05 10 10 0 665.79055 2 10 10
1 1 8.00319e-01 -7.31710e-02 4.55992e-02 -4.37749e-06 10 10 0 655.92083 2 10 10
2 1 8.16236e-01 -1.60695e-03 1.00000e-03 -2.06526e-04 11 11 0 860.72074 1 11 11
2 1 8.16210e-01 -3.37462e-03 2.10000e-03 -2.06153e-04 11 11 0 860.68411 1 11 11
2 1 8.16160e-01 -5.31913e-03 3.31000e-03 -2.05438e-04 11 11 0 860.61346 1 11 11
2 1 8.16080e-01 -7.45821e-03 4.64100e-03 -2.04282e-04 11 11 0 860.49831 1 11 11
2 1 8.15961e-01 -9.81143e-03 6.10510e-03 -2.02563e-04 11 11 0 860.32496 1 11 11
2 1 8.15792e-01 -1.24003e-02 7.71561e-03 -2.00132e-04 11 11 0 860.07530 1 11 11
2 1 8.15561e-01 -1.52486e-02 9.48717e-03 -1.96802e-04 11 11 0 859.72500 1 11 11
2 1 8.15252e-01 -1.83826e-02 1.14359e-02 -1.92346e-04 11 11 0 859.24083 1 11 11
2 1 8.14845e-01 -2.18311e-02 1.35795e-02 -1.86484e-04 11 11 0 858.57667 1 11 11
2 1 8.14317e-01 -2.56262e-02 1.59374e-02 -1.78871e-04 11 11 0 857.66727 1 11 11
2 1 8.13638e-01 -2.98031e-02 1.85312e-02 -1.69084e-04 11 11 0 856.41864 1 11 11
2 1 8.12771e-01 -3.44011e-02 2.13843e-02 -1.56599e-04 11 11 0 854.69297 1 11 11
2 1 8.11674e-01 -3.94635e-02 2.45227e-02 -1.40766e-04 11 11 0 852.28453 1 11 11
2 1 8.10290e-01 -4.50385e-02 2.79750e-02 -1.20768e-04 11 11 0 848.88126 1 11 11
2 1 8.08555e-01 -5.11797e-02 3.17725e-02 -9.55599e-05 11 11 0 844.00324 1 11 11
2 1 8.06385e-01 -5.79465e-02 3.59497e-02 -6.37616e-05 11 11 0 836.90599 1 11 11
2 1 8.03681e-01 -6.54048e-02 4.05447e-02 -2.34647e-05 11 11 0 826.43708 1 11 11
3 1 8.16291e-01 -1.61529e-03 1.00000e-03 -1.61488e-04 12 12 0 1056.71389 2 12 12
3 1 8.16265e-01 -3.39213e-03 2.10000e-03 -1.61158e-04 12 12 0 1056.66355 2 12 12
3 1 8.16215e-01 -5.34674e-03 3.31000e-03 -1.60524e-04 12 12 0 1056.56639 2 12 12
3 1 8.16135e-01 -7.49696e-03 4.64100e-03 -1.59500e-04 12 12 0 1056.40784 2 12 12
3 1 8.16015e-01 -9.86245e-03 6.10510e-03 -1.57977e-04 12 12 0 1056.16876 2 12 12
3 1 8.15846e-01 -1.24649e-02 7.71561e-03 -1.55823e-04 12 12 0 1055.82357 2 12 12
3 1 8.15614e-01 -1.53282e-02 9.48717e-03 -1.52873e-04 12 12 0 1055.33764 2 12 12
3 1 8.15303e-01 -1.84787e-02 1.14359e-02 -1.48926e-04 12 12 0 1054.66313 2 12 12
3 1 8.14895e-01 -2.19456e-02 1.35795e-02 -1.43732e-04 12 12 0 1053.73283 2 12 12
3 1 8.14364e-01 -2.57611e-02 1.59374e-02 -1.36987e-04 12 12 0 1052.45050 2 12 12
3 1 8.13682e-01 -2.99609e-02 1.85312e-02 -1.28313e-04 12 12 0 1050.67574 2 12 12
3 1 8.12812e-01 -3.45844e-02 2.13843e-02 -1.17245e-04 12 12 0 1048.19999 2 12 12
3 1 8.11710e-01 -3.96756e-02 2.45227e-02 -1.03199e-04 12 12 0 1044.70805 2 12 12
3 1 8.10320e-01 -4.52831e-02 2.79750e-02 -8.54375e-05 12 12 0 1039.71618 2 12 12
3 1 8.08577e-01 -5.14610e-02 3.17725e-02 -6.30023e-05 12 12 0 1032.47329 2 12 12
3 1 8.06398e-01 -5.82696e-02 3.59497e-02 -3.45992e-05 12 12 0 1021.80844 2 12 12
3 1 8.03682e-01 -6.57752e-02 4.05447e-02 1.62360e-06 12 12 0 1005.91743 2 12 12
4 1 8.16331e-01 -1.62300e-03 1.00000e-03 -1.28647e-04 13 13 0 1277.27309 1 13 13
4 1 8.16305e-01 -3.40834e-03 2.10000e-03 -1.28352e-04 13 13 0 1277.20548 1 13 13
4 1 8.16255e-01 -5.37230e-03 3.31000e-03 -1.27785e-04 13 13 0 1277.07490 1 13 13
4 1 8.16174e-01 -7.53283e-03 4.64100e-03 -1.26870e-04 13 13 0 1276.86155 1 13 13
4 1 8.16054e-01 -9.90969e-03 6.10510e-03 -1.25508e-04 13 13 0 1276.53925 1 13 13
4 1 8.15884e-01 -1.25247e-02 7.71561e-03 -1.23582e-04 13 13 0 1276.07274 1 13 13
4 1 8.15652e-01 -1.54019e-02 9.48717e-03 -1.20945e-04 13 13 0 1275.41377 1 13 13
4 1 8.15340e-01 -1.85678e-02 1.14359e-02 -1.17416e-04 13 13 0 1274.49502 1 13 13
4 1 8.14930e-01 -2.20518e-02 1.35795e-02 -1.12772e-04 13 13 0 1273.22080 1 13 13
4 1 8.14397e-01 -2.58864e-02 1.59374e-02 -1.06740e-04 13 13 0 1271.45249 1 13 13
4 1 8.13713e-01 -3.01075e-02 1.85312e-02 -9.89824e-05 13 13 0 1268.98537 1 13 13
4 1 8.12839e-01 -3.47550e-02 2.13843e-02 -8.90778e-05 13 13 0 1265.51172 1 13 13
4 1 8.11733e-01 -3.98732e-02 2.45227e-02 -7.64989e-05 13 13 0 1260.56112 1 13 13
4 1 8.10338e-01 -4.55113e-02 2.79750e-02 -6.05700e-05 13 13 0 1253.40424 1 13 13
4 1 8.08589e-01 -5.17242e-02 3.17725e-02 -4.03990e-05 13 13 0 1242.90034 1 13 13
4 1 8.06401e-01 -5.85725e-02 3.59497e-02 -1.47486e-05 13 13 0 1227.26891 1 13 13
5 1 8.16361e-01 -1.63021e-03 1.00000e-03 -1.04138e-04 14 14 0 1523.34708 2 14 14
5 1 8.16335e-01 -3.42349e-03 2.10000e-03 -1.03873e-04 14 14 0 1523.25806 2 14 14
5 1 8.16285e-01 -5.39619e-03 3.31000e-03 -1.03362e-04 14 14 0 1523.08599 2 14 14
5 1 8.16204e-01 -7.56635e-03 4.64100e-03 -1.02537e-04 14 14 0 1522.80453 2 14 14
5 1 8.16083e-01 -9.95384e-03 6.10510e-03 -1.01311e-04 14 14 0 1522.37855 2 14 14
5 1 8.15913e-01 -1.25806e-02 7.71561e-03 -9.95752e-05 14 14 0 1521.76035 2 14 14
5 1 8.15679e-01 -1.54708e-02 9.48717e-03 -9.71987e-05 14 14 0 1520.88403 2 14 14
5 1 8.15367e-01 -1.86512e-02 1.14359e-02 -9.40183e-05 14 14 0 1519.65670 2 14 14
5 1 8.14955e-01 -2.21513e-02 1.35795e-02 -8.98334e-05 14 14 0 1517.94486 2 14 14
5 1 8.14421e-01 -2.60038e-02 1.59374e-02 -8.43967e-05 14 14 0 1515.55290 2 14 14
5 1 8.13734e-01 -3.02451e-02 1.85312e-02 -7.74020e-05 14 14 0 1512.18867 2 14 14
5 1 8.12858e-01 -3.49152e-02 2.13843e-02 -6.84673e-05 14 14 0 1507.40809 2 14 14
5 1 8.11748e-01 -4.00591e-02 2.45227e-02 -5.71094e-05 14 14 0 1500.52521 2 14 14
5 1 8.10348e-01 -4.57265e-02 2.79750e-02 -4.27024e-05 14 14 0 1490.46732 2 14 14
5 1 8.08592e-01 -5.19727e-02 3.17725e-02 -2.44031e-05 14 14 0 1475.54825 2 14 14
5 1 8.06397e-01 -5.88589e-02 3.59497e-02 -1.00733e-06 14 14 0 1453.14489 2 14 14
6 1 8.16384e-01 -1.63700e-03 1.00000e-03 -8.54793e-05 15 15 0 1795.85049 1 15 15
6 1 8.16358e-01 -3.43775e-03 2.10000e-03 -8.52382e-05 15 15 0 1795.73529 1 15 15
6 1 8.16308e-01 -5.41868e-03 3.31000e-03 -8.47752e-05 15 15 0 1795.51247 1 15 15
6 1 8.16226e-01 -7.59791e-03 4.64100e-03 -8.40267e-05 15 15 0 1795.14753 1 15 15
6 1 8.16106e-01 -9.99543e-03 6.10510e-03 -8.29138e-05 15 15 0 1794.59412 1 15 15
6 1 8.15934e-01 -1.26333e-02 7.71561e-03 -8.13393e-05 15 15 0 1793.78883 1 15 15
6 1 8.15700e-01 -1.55358e-02 9.48717e-03 -7.91831e-05 15 15 0 1792.64319 1 15 15
6 1 8.15387e-01 -1.87298e-02 1.14359e-02 -7.62974e-05 15 15 0 1791.03121 1 15 15
6 1 8.14974e-01 -2.22451e-02 1.35795e-02 -7.24999e-05 15 15 0 1788.76994 1 15 15
6 1 8.14438e-01 -2.61147e-02 1.59374e-02 -6.75656e-05 15 15 0 1785.58833 1 15 15
6 1 8.13749e-01 -3.03751e-02 1.85312e-02 -6.12152e-05 15 15 0 1781.07730 1 15 15
6 1 8.12870e-01 -3.50669e-02 2.13843e-02 -5.30985e-05 15 15 0 1774.60851 1 15 15
6 1 8.11756e-01 -4.02354e-02 2.45227e-02 -4.27690e-05 15 15 0 1765.20229 1 15 15
6 1 8.10353e-01 -4.59308e-02 2.79750e-02 -2.96399e-05 15 15 0 1751.31563 1 15 15
6 1 8.08591e-01 -5.22092e-02 3.17725e-02 -1.29032e-05 15 15 0 1730.51783 1 15 15
7 1 8.16402e-01 -1.64343e-03 1.00000e-03 -7.10236e-05 16 16 0 2095.66733 2 16 16
7 1 8.16376e-01 -3.45126e-03 2.10000e-03 -7.08035e-05 16 16 0 2095.52053 2 16 16
7 1 8.16325e-01 -5.43999e-03 3.31000e-03 -7.03809e-05 16 16 0 2095.23635 2 16 16
7 1 8.16244e-01 -7.62783e-03 4.64100e-03 -6.96978e-05 16 16 0 2094.77031 2 16 16
7 1 8.16122e-01 -1.00349e-02 6.10510e-03 -6.86820e-05 16 16 0 2094.06219 2 16 16
7 1 8.15951e-01 -1.26832e-02 7.71561e-03 -6.72449e-05 16 16 0 2093.02891 2 16 16
7 1 8.15716e-01 -1.55974e-02 9.48717e-03 -6.52768e-05 16 16 0 2091.55348 2 16 16
7 1 8.15402e-01 -1.88044e-02 1.14359e-02 -6.26427e-05 16 16 0 2089.46767 2 16 16
7 1 8.14988e-01 -2.23342e-02 1.35795e-02 -5.91759e-05 16 16 0 2086.52464 2 16 16
7 1 8.14451e-01 -2.62201e-02 1.59374e-02 -5.46704e-05 16 16 0 2082.35496 2 16 16
7 1 8.13760e-01 -3.04988e-02 1.85312e-02 -4.88696e-05 16 16 0 2076.39537 2 16 16
7 1 8.12878e-01 -3.52115e-02 2.13843e-02 -4.14500e-05 16 16 0 2067.77239 2 16 16
7 1 8.11761e-01 -4.04037e-02 2.45227e-02 -3.19953e-05 16 16 0 2055.11283 2 16 16
7 1 8.10354e-01 -4.61264e-02 2.79750e-02 -1.99496e-05 16 16 0 2036.24200 2 16 16
7 1 8.08587e-01 -5.24358e-02 3.17725e-02 -4.52812e-06 16 16 0 2007.73704 2 16 16
8 1 8.16416e-01 -1.64956e-03 1.00000e-03 -5.96514e-05 17 17 0 2423.65384 1 17 17
8 1 8.16389e-01 -3.46413e-03 2.10000e-03 -5.94494e-05 17 17 0 2423.46929 1 17 17
8 1 8.16339e-01 -5.46030e-03 3.31000e-03 -5.90617e-05 17 17 0 2423.11175 1 17 17
8 1 8.16257e-01 -7.65635e-03 4.64100e-03 -5.84348e-05 17 17 0 2422.52458 1 17 17
8 1 8.16136e-01 -1.00724e-02 6.10510e-03 -5.75028e-05 17 17 0 2421.63061 1 17 17
8 1 8.15964e-01 -1.27308e-02 7.71561e-03 -5.61841e-05 17 17 0 2420.32242 1 17 17
8 1 8.15728e-01 -1.56562e-02 9.48717e-03 -5.43781e-05 17 17 0 2418.44739 1 17 17
8 1 8.15413e-01 -1.88756e-02 1.14359e-02 -5.19608e-05 17 17 0 2415.78395 1 17 17
8 1 8.14998e-01 -2.24194e-02 1.35795e-02 -4.87790e-05 17 17 0 2412.00377 1 17 17
8 1 8.14460e-01 -2.63209e-02 1.59374e-02 -4.46428e-05 17 17 0 2406.61062 1 17 17
8 1 8.13767e-01 -3.06173e-02 1.85312e-02 -3.93152e-05 17 17 0 2398.84067 1 17 17
8 1 8.12883e-01 -3.53501e-02 2.13843e-02 -3.24952e-05 17 17 0 2387.49893 1 17 17
8 1 8.11763e-01 -4.05654e-02 2.45227e-02 -2.37913e-05 17 17 0 2370.69308 1 17 17
8 1 8.10352e-01 -4.63145e-02 2.79750e-02 -1.26713e-05 17 17 0 2345.41539 1 17 17
9 1 8.16427e-01 -1.65543e-03 1.00000e-03 -5.05825e-05 18 18 0 2780.64097 2 18 18
9 1 8.16400e-01 -3.47646e-03 2.10000e-03 -5.03962e-05 18 18 0 2780.41176 2 18 18
9 1 8.16350e-01 -5.47975e-03 3.31000e-03 -5.00388e-05 18 18 0 2779.96732 2 18 18
9 1 8.16268e-01 -7.68366e-03 4.64100e-03 -4.94608e-05 18 18 0 2779.23643 2 18 18
9 1 8.16146e-01 -1.01085e-02 6.10510e-03 -4.86016e-05 18 18 0 2778.12130 2 18 18
9 1 8.15974e-01 -1.27765e-02 7.71561e-03 -4.73858e-05 18 18 0 2776.48475 2 18 18
9 1 8.15738e-01 -1.57125e-02 9.48717e-03 -4.57207e-05 18 18 0 2774.13005 2 18 18
9 1 8.15422e-01 -1.89440e-02 1.14359e-02 -4.34918e-05 18 18 0 2770.76896 2 18 18
9 1 8.15006e-01 -2.25012e-02 1.35795e-02 -4.05576e-05 18 18 0 2765.97032 2 18 18
9 1 8.14466e-01 -2.64178e-02 1.59374e-02 -3.67423e-05 18 18 0 2759.07636 2 18 18
9 1 8.13772e-01 -3.07314e-02 1.85312e-02 -3.18254e-05 18 18 0 2749.06545 2 18 18
9 1 8.12886e-01 -3.54837e-02 2.13843e-02 -2.55252e-05 18 18 0 2734.32625 2 18 18
9 1 8.11763e-01 -4.07215e-02 2.45227e-02 -1.74706e-05 18 18 0 2712.29157 2 18 18
9 1 8.10348e-01 -4.64965e-02 2.79750e-02 -7.14678e-06 18 18 0 2678.87425 2 18 18
10 1 8.16436e-01 -1.66107e-03 1.00000e-03 -4.32620e-05 19 19 0 3167.43647 1 19 19
10 1 8.16409e-01 -3.48832e-03 2.10000e-03 -4.30896e-05 19 19 0 3167.15487 1 19 19
10 1 8.16359e-01 -5.49846e-03 3.31000e-03 -4.27587e-05 19 19 0 3166.60840 1 19 19
10 1 8.16277e-01 -7.70994e-03 4.64100e-03 -4.22236e-05 19 19 0 3165.70842 1 19 19
10 1 8.16155e-01 -1.01431e-02 6.10510e-03 -4.14281e-05 19 19 0 3164.33237 1 19 19
10 1 8.15982e-01 -1.28204e-02 7.71561e-03 -4.03024e-05 19 19 0 3162.30690 1 19 19
10 1 8.15745e-01 -1.57668e-02 9.48717e-03 -3.87606e-05 19 19 0 3159.38120 1 19 19
10 1 8.15429e-01 -1.90098e-02 1.14359e-02 -3.66967e-05 19 19 0 3155.18453 1 19 19
10 1 8.15012e-01 -2.25800e-02 1.35795e-02 -3.39793e-05 19 19 0 3149.15718 1 19 19
10 1 8.14471e-01 -2.65113e-02 1.59374e-02 -3.04447e-05 19 19 0 3140.43768 1 19 19
10 1 8.13775e-01 -3.08416e-02 1.85312e-02 -2.58870e-05 19 19 0 3127.67663 1 19 19
10 1 8.12887e-01 -3.56131e-02 2.13843e-02 -2.00407e-05 19 19 0 3108.73006 1 19 19
10 1 8.11762e-01 -4.08729e-02 2.45227e-02 -1.25511e-05 19 19 0 3080.16519 1 19 19
11 1 8.16443e-01 -1.66652e-03 1.00000e-03 -3.72883e-05 20 20 0 3584.82674 2 20 20
11 1 8.16417e-01 -3.49977e-03 2.10000e-03 -3.71281e-05 20 20 0 3584.48418 2 20 20
11 1 8.16366e-01 -5.51652e-03 3.31000e-03 -3.68205e-05 20 20 0 3583.81882 2 20 20
11 1 8.16284e-01 -7.73531e-03 4.64100e-03 -3.63232e-05 20 20 0 3582.72145 2 20 20
11 1 8.16161e-01 -1.01766e-02 6.10510e-03 -3.55838e-05 20 20 0 3581.03992 2 20 20
11 1 8.15988e-01 -1.28629e-02 7.71561e-03 -3.45376e-05 20 20 0 3578.55728 2 20 20
11 1 8.15751e-01 -1.58193e-02 9.48717e-03 -3.31046e-05 20 20 0 3574.95701 2 20 20
11 1 8.15434e-01 -1.90735e-02 1.14359e-02 -3.11861e-05 20 20 0 3569.76703 2 20 20
11 1 8.15017e-01 -2.26563e-02 1.35795e-02 -2.86597e-05 20 20 0 3562.26846 2 20 20
11 1 8.14474e-01 -2.66020e-02 1.59374e-02 -2.53724e-05 20 20 0 3551.34534 2 20 20
11 1 8.13777e-01 -3.09486e-02 1.85312e-02 -2.11308e-05 20 20 0 3535.23578 2 20 20
11 1 8.12887e-01 -3.57389e-02 2.13843e-02 -1.56832e-05 20 20 0 3511.12178 2 20 20
11 1 8.11759e-01 -4.10203e-02 2.45227e-02 -8.68830e-06 20 20 0 3474.47487 2 20 20
