205 15 1.02210e-01 -1.59604e-03 1.00000e-03 -3.28104e-01 1 1 0 3.10968 1 1 1
205 15 1.02208e-01 -3.35167e-03 2.10000e-03 -3.28082e-01 1 1 0 3.10970 1 1 1
205 15 1.02205e-01 -5.28286e-03 3.31000e-03 -3.28042e-01 1 1 0 3.10975 1 1 1
205 15 1.02199e-01 -7.40714e-03 4.64100e-03 -3.27976e-01 1 1 0 3.10984 1 1 1
205 15 1.02190e-01 -9.74381e-03 6.10510e-03 -3.27878e-01 1 1 0 3.10996 1 1 1
205 15 1.02178e-01 -1.23141e-02 7.71561e-03 -3.27740e-01 1 1 0 3.11012 1 1 1
205 15 1.02161e-01 -1.51413e-02 9.48717e-03 -3.27550e-01 1 1 0 3.11036 1 1 1
205 15 1.02138e-01 -1.82511e-02 1.14359e-02 -3.27297e-01 1 1 0 3.11067 1 1 1
205 15 1.02108e-01 -2.16716e-02 1.35795e-02 -3.26964e-01 1 1 0 3.11108 1 1 1
205 15 1.02069e-01 -2.54340e-02 1.59374e-02 -3.26531e-01 1 1 0 3.11161 1 1 1
205 15 1.02019e-01 -2.95721e-02 1.85312e-02 -3.25975e-01 1 1 0 3.11229 1 1 1
205 15 1.01955e-01 -3.41235e-02 2.13843e-02 -3.25267e-01 1 1 0 3.11316 1 1 1
205 15 1.01874e-01 -3.91291e-02 2.45227e-02 -3.24372e-01 1 1 0 3.11426 1 1 1
205 15 1.01772e-01 -4.46342e-02 2.79750e-02 -3.23245e-01 1 1 0 3.11565 1 1 1
205 15 1.01644e-01 -5.06882e-02 3.17725e-02 -3.21835e-01 1 1 0 3.11739 1 1 1
205 15 1.01485e-01 -5.73454e-02 3.59497e-02 -3.20078e-01 1 1 0 3.11957 1 1 1
205 15 1.01286e-01 -6.46653e-02 4.05447e-02 -3.17894e-01 1 1 0 3.12228 1 1 1
205 15 1.01039e-01 -7.27131e-02 4.55992e-02 -3.15189e-01 1 1 0 3.12566 1 1 1
205 15 1.00732e-01 -8.15600e-02 5.11591e-02 -3.11848e-01 1 1 0 3.12986 1 1 1
205 15 1.00352e-01 -9.12838e-02 5.72750e-02 -3.07730e-01 1 1 0 3.13506 1 1 1
205 15 9.98818e-02 -1.01969e-01 6.40025e-02 -3.02665e-01 1 1 0 3.14152 1 1 1
205 15 9.92993e-02 -1.13709e-01 7.14028e-02 -2.96447e-01 1 1 0 3.14953 1 1 1
205 15 9.85779e-02 -1.26602e-01 7.95430e-02 -2.88825e-01 1 1 0 3.15946 1 1 1
205 15 9.76833e-02 -1.40758e-01 8.84973e-02 -2.79497e-01 1 1 0 3.17182 1 1 1
205 15 9.65715e-02 -1.56291e-01 9.83471e-02 -2.68096e-01 1 1 0 3.18723 1 1 1
205 15 9.51855e-02 -1.73324e-01 1.09182e-01 -2.54179e-01 1 1 0 3.20649 1 1 1
205 15 9.34494e-02 -1.91987e-01 1.21100e-01 -2.37211e-01 1 1 0 3.23071 1 1 1
205 15 9.12600e-02 -2.12413e-01 1.34210e-01 -2.16548e-01 1 1 0 3.26134 1 1 1
206 15 1.99693e-01 -1.59440e-03 1.00000e-03 -3.13388e-01 2 2 0 6.32822 2 2 2
206 15 1.99689e-01 -3.34824e-03 2.10000e-03 -3.13368e-01 2 2 0 6.32827 2 2 2
206 15 1.99682e-01 -5.27745e-03 3.31000e-03 -3.13328e-01 2 2 0 6.32837 2 2 2
206 15 1.99671e-01 -7.39956e-03 4.64100e-03 -3.13264e-01 2 2 0 6.32853 2 2 2
206 15 1.99654e-01 -9.73384e-03 6.10510e-03 -3.13169e-01 2 2 0 6.32877 2 2 2
206 15 1.99631e-01 -1.23015e-02 7.71561e-03 -3.13034e-01 2 2 0 6.32912 2 2 2
206 15 1.99598e-01 -1.51258e-02 9.48717e-03 -3.12849e-01 2 2 0 6.32959 2 2 2
206 15 1.99555e-01 -1.82324e-02 1.14359e-02 -3.12602e-01 2 2 0 6.33021 2 2 2
206 15 1.99498e-01 -2.16495e-02 1.35795e-02 -3.12277e-01 2 2 0 6.33104 2 2 2
206 15 1.99424e-01 -2.54080e-02 1.59374e-02 -3.11855e-01 2 2 0 6.33212 2 2 2
206 15 1.99330e-01 -2.95419e-02 1.85312e-02 -3.11314e-01 2 2 0 6.33350 2 2 2
206 15 1.99209e-01 -3.40886e-02 2.13843e-02 -3.10624e-01 2 2 0 6.33526 2 2 2
206 15 1.99055e-01 -3.90891e-02 2.45227e-02 -3.09751e-01 2 2 0 6.33749 2 2 2
206 15 1.98862e-01 -4.45886e-02 2.79750e-02 -3.08653e-01 2 2 0 6.34030 2 2 2
206 15 1.98620e-01 -5.06364e-02 3.17725e-02 -3.07279e-01 2 2 0 6.34382 2 2 2
206 15 1.98317e-01 -5.72869e-02 3.59497e-02 -3.05566e-01 2 2 0 6.34823 2 2 2
206 15 1.97940e-01 -6.45993e-02 4.05447e-02 -3.03437e-01 2 2 0 6.35373 2 2 2
206 15 1.97471e-01 -7.26389e-02 4.55992e-02 -3.00801e-01 2 2 0 6.36056 2 2 2
206 15 1.96888e-01 -8.14768e-02 5.11591e-02 -2.97545e-01 2 2 0 6.36905 2 2 2
206 15 1.96166e-01 -9.11907e-02 5.72750e-02 -2.93533e-01 2 2 0 6.37958 2 2 2
206 15 1.95271e-01 -1.01865e-01 6.40025e-02 -2.88598e-01 2 2 0 6.39264 2 2 2
206 15 1.94161e-01 -1.13593e-01 7.14028e-02 -2.82541e-01 2 2 0 6.40883 2 2 2
206 15 1.92786e-01 -1.26474e-01 7.95430e-02 -2.75117e-01 2 2 0 6.42893 2 2 2
206 15 1.91078e-01 -1.40615e-01 8.84973e-02 -2.66033e-01 2 2 0 6.45391 2 2 2
206 15 1.88953e-01 -1.56132e-01 9.83471e-02 -2.54932e-01 2 2 0 6.48503 2 2 2
206 15 1.86302e-01 -1.73148e-01 1.09182e-01 -2.41386e-01 2 2 0 6.52395 2 2 2
206 15 1.82984e-01 -1.91792e-01 1.21100e-01 -2.24874e-01 2 2 0 6.57284 2 2 2
206 15 1.78818e-01 -2.12197e-01 1.34210e-01 -2.04770e-01 2 2 0 6.63467 2 2 2
206 15 1.73587e-01 -2.34491e-01 1.48631e-01 -1.80318e-01 2 2 0 6.71359 2 2 2
206 15 1.67098e-01 -2.58796e-01 1.64494e-01 -1.50593e-01 2 2 0 6.81566 2 2 2
206 15 1.59631e-01 -2.85213e-01 1.81943e-01 -1.14402e-01 2 2 0 6.95072 2 2 2
207 15 2.88759e-01 -1.59195e-03 1.00000e-03 -2.91636e-01 3 3 0 9.75359 3 3 3
207 15 2.88754e-01 -3.34308e-03 2.10000e-03 -2.91616e-01 3 3 0 9.75367 3 3 3
207 15 2.88745e-01 -5.26932e-03 3.31000e-03 -2.91578e-01 3 3 0 9.75383 3 3 3
207 15 2.88729e-01 -7.38815e-03 4.64100e-03 -2.91516e-01 3 3 0 9.75408 3 3 3
207 15 2.88707e-01 -9.71884e-03 6.10510e-03 -2.91424e-01 3 3 0 9.75445 3 3 3
207 15 2.88674e-01 -1.22825e-02 7.71561e-03 -2.91294e-01 3 3 0 9.75498 3 3 3
207 15 2.88631e-01 -1.51025e-02 9.48717e-03 -2.91115e-01 3 3 0 9.75571 3 3 3
207 15 2.88572e-01 -1.82043e-02 1.14359e-02 -2.90877e-01 3 3 0 9.75668 3 3 3
207 15 2.88494e-01 -2.16161e-02 1.35795e-02 -2.90563e-01 3 3 0 9.75796 3 3 3
207 15 2.88394e-01 -2.53688e-02 1.59374e-02 -2.90156e-01 3 3 0 9.75962 3 3 3
207 15 2.88264e-01 -2.94963e-02 1.85312e-02 -2.89633e-01 3 3 0 9.76175 3 3 3
207 15 2.88099e-01 -3.40360e-02 2.13843e-02 -2.88967e-01 3 3 0 9.76447 3 3 3
207 15 2.87890e-01 -3.90288e-02 2.45227e-02 -2.88125e-01 3 3 0 9.76792 3 3 3
207 15 2.87626e-01 -4.45197e-02 2.79750e-02 -2.87065e-01 3 3 0 9.77226 3 3 3
207 15 2.87295e-01 -5.05582e-02 3.17725e-02 -2.85739e-01 3 3 0 9.77771 3 3 3
207 15 2.86880e-01 -5.71982e-02 3.59497e-02 -2.84085e-01 3 3 0 9.78451 3 3 3
207 15 2.86363e-01 -6.44992e-02 4.05447e-02 -2.82032e-01 3 3 0 9.79300 3 3 3
207 15 2.85717e-01 -7.25260e-02 4.55992e-02 -2.79490e-01 3 3 0 9.80355 3 3 3
207 15 2.84914e-01 -8.13497e-02 5.11591e-02 -2.76350e-01 3 3 0 9.81665 3 3 3
207 15 2.83915e-01 -9.10477e-02 5.72750e-02 -2.72482e-01 3 3 0 9.83290 3 3 3
207 15 2.82671e-01 -1.01704e-01 6.40025e-02 -2.67728e-01 3 3 0 9.85303 3 3 3
207 15 2.81119e-01 -1.13411e-01 7.14028e-02 -2.61896e-01 3 3 0 9.87799 3 3 3
207 15 2.79180e-01 -1.26267e-01 7.95430e-02 -2.54755e-01 3 3 0 9.90894 3 3 3
207 15 2.76746e-01 -1.40379e-01 8.84973e-02 -2.46027e-01 3 3 0 9.94738 3 3 3
207 15 2.73672e-01 -1.55858e-01 9.83471e-02 -2.35378e-01 3 3 0 9.99520 3 3 3
207 15 2.69757e-01 -1.72825e-01 1.09182e-01 -2.22411e-01 3 3 0 10.05491 3 3 3
207 15 2.64704e-01 -1.91401e-01 1.21100e-01 -2.06656e-01 3 3 0 10.12977 3 3 3
207 15 2.58058e-01 -2.11703e-01 1.34210e-01 -1.87566e-01 3 3 0 10.22421 3 3 3
207 15 2.49064e-01 -2.33842e-01 1.48631e-01 -1.64520e-01 3 3 0 10.34443 3 3 3
207 15 2.36391e-01 -2.57902e-01 1.64494e-01 -1.36845e-01 3 3 0 10.49955 3 3 3
207 15 2.17693e-01 -2.83952e-01 1.81943e-01 -1.03807e-01 3 3 0 10.70376 3 3 3
208 15 3.67290e-01 -1.58899e-03 1.00000e-03 -2.65876e-01 4 4 0 13.46467 4 4 4
208 15 3.67284e-01 -3.33688e-03 2.10000e-03 -2.65857e-01 4 4 0 13.46479 4 4 4
208 15 3.67274e-01 -5.25954e-03 3.31000e-03 -2.65820e-01 4 4 0 13.46501 4 4 4
208 15 3.67256e-01 -7.37444e-03 4.64100e-03 -2.65760e-01 4 4 0 13.46537 4 4 4
208 15 3.67231e-01 -9.70079e-03 6.10510e-03 -2.65671e-01 4 4 0 13.46591 4 4 4
208 15 3.67194e-01 -1.22597e-02 7.71561e-03 -2.65545e-01 4 4 0 13.46667 4 4 4
208 15 3.67145e-01 -1.50744e-02 9.48717e-03 -2.65372e-01 4 4 0 13.46770 4 4 4
208 15 3.67078e-01 -1.81704e-02 1.14359e-02 -2.65141e-01 4 4 0 13.46909 4 4 4
208 15 3.66991e-01 -2.15758e-02 1.35795e-02 -2.64837e-01 4 4 0 13.47092 4 4 4
208 15 3.66878e-01 -2.53215e-02 1.59374e-02 -2.64443e-01 4 4 0 13.47329 4 4 4
208 15 3.66732e-01 -2.94412e-02 1.85312e-02 -2.63937e-01 4 4 0 13.47634 4 4 4
208 15 3.66548e-01 -3.39722e-02 2.13843e-02 -2.63291e-01 4 4 0 13.48024 4 4 4
208 15 3.66314e-01 -3.89555e-02 2.45227e-02 -2.62475e-01 4 4 0 13.48517 4 4 4
208 15 3.66022e-01 -4.44358e-02 2.79750e-02 -2.61447e-01 4 4 0 13.49139 4 4 4
208 15 3.65657e-01 -5.04625e-02 3.17725e-02 -2.60160e-01 4 4 0 13.49920 4 4 4
208 15 3.65204e-01 -5.70894e-02 3.59497e-02 -2.58555e-01 4 4 0 13.50898 4 4 4
208 15 3.64645e-01 -6.43757e-02 4.05447e-02 -2.56559e-01 4 4 0 13.52117 4 4 4
208 15 3.63958e-01 -7.23860e-02 4.55992e-02 -2.54084e-01 4 4 0 13.53637 4 4 4
208 15 3.63118e-01 -8.11912e-02 5.11591e-02 -2.51024e-01 4 4 0 13.55527 4 4 4
208 15 3.62097e-01 -9.08682e-02 5.72750e-02 -2.47246e-01 4 4 0 13.57879 4 4 4
208 15 3.60863e-01 -1.01501e-01 6.40025e-02 -2.42590e-01 4 4 0 13.60805 4 4 4
208 15 3.59385e-01 -1.13181e-01 7.14028e-02 -2.36858e-01 4 4 0 13.64452 4 4 4
208 15 3.57638e-01 -1.26005e-01 7.95430e-02 -2.29807e-01 4 4 0 13.69007 4 4 4
208 15 3.55609e-01 -1.40079e-01 8.84973e-02 -2.21135e-01 4 4 0 13.74721 4 4 4
208 15 3.53324e-01 -1.55511e-01 9.83471e-02 -2.10462e-01 4 4 0 13.81938 4 4 4
208 15 3.50892e-01 -1.72409e-01 1.09182e-01 -1.97305e-01 4 4 0 13.91143 4 4 4
208 15 3.48589e-01 -1.90859e-01 1.21100e-01 -1.81037e-01 4 4 0 14.03051 4 4 4
209 15 4.16989e-01 7.29475e-03 1.00000e-03 -2.46362e-01 1 1 1 16.35174 1 1 2
209 15 4.16940e-01 1.53194e-02 2.10000e-03 -2.46275e-01 1 1 1 16.35371 1 1 2
209 15 4.16846e-01 2.41476e-02 3.31000e-03 -2.46107e-01 1 1 1 16.35750 1 1 2
209 15 4.16694e-01 3.38606e-02 4.64100e-03 -2.45835e-01 1 1 1 16.36364 1 1 2
209 15 4.16469e-01 4.45484e-02 6.10510e-03 -2.45432e-01 1 1 1 16.37281 1 1 2
209 15 4.16150e-01 5.63108e-02 7.71561e-03 -2.44860e-01 1 1 1 16.38586 1 1 2
209 15 4.15715e-01 6.92584e-02 9.48717e-03 -2.44076e-01 1 1 1 16.40388 1 1 2
209 15 4.15133e-01 8.35151e-02 1.14359e-02 -2.43024e-01 1 1 1 16.42826 1 1 2
209 15 4.14369e-01 9.92196e-02 1.35795e-02 -2.41638e-01 1 1 1 16.46084 1 1 2
209 15 4.13380e-01 1.16529e-01 1.59374e-02 -2.39832e-01 1 1 1 16.50400 1 1 2
209 15 4.12114e-01 1.35625e-01 1.85312e-02 -2.37500e-01 1 1 1 16.56098 1 1 2
209 15 4.10509e-01 1.56718e-01 2.13843e-02 -2.34508e-01 1 1 1 16.63626 1 1 2
209 15 4.08488e-01 1.80069e-01 2.45227e-02 -2.30683e-01 1 1 1 16.73622 1 1 2
209 15 4.05964e-01 2.06013e-01 2.79750e-02 -2.25796e-01 1 1 1 16.87046 1 1 2
209 15 4.02828e-01 2.35051e-01 3.17725e-02 -2.19526e-01 1 1 1 17.05455 1 1 2
209 15 3.98924e-01 2.68178e-01 3.59497e-02 -2.11342e-01 1 1 1 17.31762 1 1 2
209 15 3.93514e-01 3.11586e-01 4.05447e-02 -1.99144e-01 1 1 1 17.76719 1 1 4
210 15 4.34623e-01 -1.58593e-03 1.00000e-03 -2.38878e-01 5 5 0 17.51388 5 5 5
210 15 4.34618e-01 -3.33045e-03 2.10000e-03 -2.38859e-01 5 5 0 17.51405 5 5 5
210 15 4.34609e-01 -5.24943e-03 3.31000e-03 -2.38822e-01 5 5 0 17.51438 5 5 5
210 15 4.34593e-01 -7.36033e-03 4.64100e-03 -2.38763e-01 5 5 0 17.51491 5 5 5
210 15 4.34570e-01 -9.68234e-03 6.10510e-03 -2.38674e-01 5 5 0 17.51570 5 5 5
210 15 4.34538e-01 -1.22366e-02 7.71561e-03 -2.38549e-01 5 5 0 17.51682 5 5 5
210 15 4.34493e-01 -1.50463e-02 9.48717e-03 -2.38378e-01 5 5 0 17.51835 5 5 5
210 15 4.34433e-01 -1.81371e-02 1.14359e-02 -2.38149e-01 5 5 0 17.52040 5 5 5
210 15 4.34355e-01 -2.15371e-02 1.35795e-02 -2.37847e-01 5 5 0 17.52310 5 5 5
210 15 4.34253e-01 -2.52772e-02 1.59374e-02 -2.37456e-01 5 5 0 17.52661 5 5 5
210 15 4.34122e-01 -2.93916e-02 1.85312e-02 -2.36954e-01 5 5 0 17.53112 5 5 5
210 15 4.33954e-01 -3.39178e-02 2.13843e-02 -2.36313e-01 5 5 0 17.53687 5 5 5
210 15 4.33743e-01 -3.88972e-02 2.45227e-02 -2.35504e-01 5 5 0 17.54416 5 5 5
210 15 4.33476e-01 -4.43751e-02 2.79750e-02 -2.34485e-01 5 5 0 17.55337 5 5 5
210 15 4.33142e-01 -5.04018e-02 3.17725e-02 -2.33210e-01 5 5 0 17.56492 5 5 5
210 15 4.32724e-01 -5.70326e-02 3.59497e-02 -2.31620e-01 5 5 0 17.57940 5 5 5
210 15 4.32204e-01 -6.43282e-02 4.05447e-02 -2.29645e-01 5 5 0 17.59748 5 5 5
210 15 4.31558e-01 -7.23560e-02 4.55992e-02 -2.27198e-01 5 5 0 17.62002 5 5 5
210 15 4.30756e-01 -8.11901e-02 5.11591e-02 -2.24176e-01 5 5 0 17.64811 5 5 5
210 15 4.29762e-01 -9.09126e-02 5.72750e-02 -2.20451e-01 5 5 0 17.68310 5 5 5
210 15 4.28531e-01 -1.01614e-01 6.40025e-02 -2.15869e-01 5 5 0 17.72669 5 5 5
210 15 4.27005e-01 -1.13395e-01 7.14028e-02 -2.10246e-01 5 5 0 17.78107 5 5 5
210 15 4.25109e-01 -1.26367e-01 7.95430e-02 -2.03355e-01 5 5 0 17.84904 5 5 5
210 15 4.22744e-01 -1.40654e-01 8.84973e-02 -1.94926e-01 5 5 0 17.93426 5 5 5
210 15 4.19774e-01 -1.56392e-01 9.83471e-02 -1.84638e-01 5 5 0 18.04147 5 5 5
210 15 4.15999e-01 -1.73729e-01 1.09182e-01 -1.72112e-01 5 5 0 18.17682 5 5 5
210 15 4.11104e-01 -1.92823e-01 1.21100e-01 -1.56914e-01 5 5 0 18.34803 5 5 5
210 15 4.04562e-01 -2.13823e-01 1.34210e-01 -1.38576e-01 5 5 0 18.56384 5 5 5
211 15 4.90929e-01 -1.58319e-03 1.00000e-03 -2.12821e-01 6 6 0 21.90260 6 6 6
211 15 4.90929e-01 -3.32470e-03 2.10000e-03 -2.12800e-01 6 6 0 21.90292 6 6 6
211 15 4.90927e-01 -5.24033e-03 3.31000e-03 -2.12760e-01 6 6 0 21.90355 6 6 6
211 15 4.90926e-01 -7.34749e-03 4.64100e-03 -2.12695e-01 6 6 0 21.90456 6 6 6
211 15 4.90923e-01 -9.66530e-03 6.10510e-03 -2.12598e-01 6 6 0 21.90606 6 6 6
211 15 4.90919e-01 -1.22148e-02 7.71561e-03 -2.12460e-01 6 6 0 21.90819 6 6 6
211 15 4.90913e-01 -1.50191e-02 9.48717e-03 -2.12273e-01 6 6 0 21.91110 6 6 6
211 15 4.90906e-01 -1.81036e-02 1.14359e-02 -2.12021e-01 6 6 0 21.91500 6 6 6
211 15 4.90896e-01 -2.14962e-02 1.35795e-02 -2.11691e-01 6 6 0 21.92014 6 6 6
211 15 4.90884e-01 -2.52275e-02 1.59374e-02 -2.11262e-01 6 6 0 21.92683 6 6 6
211 15 4.90867e-01 -2.93313e-02 1.85312e-02 -2.10711e-01 6 6 0 21.93543 6 6 6
211 15 4.90846e-01 -3.38445e-02 2.13843e-02 -2.10009e-01 6 6 0 21.94642 6 6 6
211 15 4.90818e-01 -3.88076e-02 2.45227e-02 -2.09122e-01 6 6 0 21.96037 6 6 6
211 15 4.90783e-01 -4.42649e-02 2.79750e-02 -2.08007e-01 6 6 0 21.97801 6 6 6
211 15 4.90737e-01 -5.02652e-02 3.17725e-02 -2.06611e-01 6 6 0 22.00021 6 6 6
211 15 4.90676e-01 -5.68613e-02 3.59497e-02 -2.04873e-01 6 6 0 22.02807 6 6 6
211 15 4.90596e-01 -6.41112e-02 4.05447e-02 -2.02717e-01 6 6 0 22.06298 6 6 6
211 15 4.90487e-01 -7.20777e-02 4.55992e-02 -2.00050e-01 6 6 0 22.10664 6 6 6
211 15 4.90337e-01 -8.08287e-02 5.11591e-02 -1.96765e-01 6 6 0 22.16122 6 6 6
211 15 4.90122e-01 -9.04371e-02 5.72750e-02 -1.92732e-01 6 6 0 22.22937 6 6 6
211 15 4.89803e-01 -1.00980e-01 6.40025e-02 -1.87800e-01 6 6 0 22.31440 6 6 6
211 15 4.89311e-01 -1.12539e-01 7.14028e-02 -1.81796e-01 6 6 0 22.42031 6 6 6
211 15 4.88525e-01 -1.25197e-01 7.95430e-02 -1.74532e-01 6 6 0 22.55173 6 6 6
211 15 4.87232e-01 -1.39038e-01 8.84973e-02 -1.65811e-01 6 6 0 22.71357 6 6 6
211 15 4.85069e-01 -1.54147e-01 9.83471e-02 -1.55446e-01 6 6 0 22.91005 6 6 6
211 15 4.81452e-01 -1.70618e-01 1.09182e-01 -1.43277e-01 6 6 0 23.14291 6 6 6
211 15 4.75518e-01 -1.88566e-01 1.21100e-01 -1.29170e-01 6 6 0 23.40876 6 6 6
211 15 4.66120e-01 -2.08156e-01 1.34210e-01 -1.12973e-01 6 6 0 23.69666 6 6 6
212 15 5.34831e-01 -1.58137e-03 1.00000e-03 -1.90305e-01 7 7 0 26.32535 7 7 7
212 15 5.34883e-01 -3.32087e-03 2.10000e-03 -1.90256e-01 7 7 0 26.32770 7 7 7
212 15 5.34982e-01 -5.23429e-03 3.31000e-03 -1.90162e-01 7 7 0 26.33224 7 7 7
212 15 5.35143e-01 -7.33901e-03 4.64100e-03 -1.90010e-01 7 7 0 26.33965 7 7 7
212 15 5.35385e-01 -9.65412e-03 6.10510e-03 -1.89782e-01 7 7 0 26.35084 7 7 7
212 15 5.35734e-01 -1.22006e-02 7.71561e-03 -1.89456e-01 7 7 0 26.36702 7 7 7
212 15 5.36222e-01 -1.50016e-02 9.48717e-03 -1.89004e-01 7 7 0 26.38986 7 7 7
212 15 5.36895e-01 -1.80824e-02 1.14359e-02 -1.88388e-01 7 7 0 26.42174 7 7 7
212 15 5.37815e-01 -2.14708e-02 1.35795e-02 -1.87559e-01 7 7 0 26.46609 7 7 7
212 15 5.39068e-01 -2.51975e-02 1.59374e-02 -1.86449e-01 7 7 0 26.52804 7 7 7
212 15 5.40773e-01 -2.92961e-02 1.85312e-02 -1.84969e-01 7 7 0 26.61536 7 7 7
212 15 5.43074e-01 -3.38033e-02 2.13843e-02 -1.83011e-01 7 7 0 26.73928 7 7 7
212 15 5.46072e-01 -3.87596e-02 2.45227e-02 -1.80478e-01 7 7 0 26.91304 7 7 7
212 15 5.49633e-01 -4.42089e-02 2.79750e-02 -1.77395e-01 7 7 0 27.14177 7 7 7
212 15 5.53214e-01 -5.01979e-02 3.17725e-02 -1.74003e-01 7 7 0 27.40669 7 7 7
212 15 5.56180e-01 -5.67763e-02 3.59497e-02 -1.70591e-01 7 7 0 27.67364 7 7 7
212 15 5.58205e-01 -6.39990e-02 4.05447e-02 -1.67270e-01 7 7 0 27.91990 7 7 7
212 15 5.59212e-01 -7.19273e-02 4.55992e-02 -1.63991e-01 7 7 0 28.13915 7 7 7
212 15 5.59195e-01 -8.06282e-02 5.11591e-02 -1.60647e-01 7 7 0 28.33307 7 7 7
212 15 5.58129e-01 -9.01742e-02 5.72750e-02 -1.57112e-01 7 7 0 28.50560 7 7 7
212 15 5.55947e-01 -1.00644e-01 6.40025e-02 -1.53248e-01 7 7 0 28.66083 7 7 7
212 15 5.52538e-01 -1.12120e-01 7.14028e-02 -1.48907e-01 7 7 0 28.80242 7 7 7
212 15 5.47738e-01 -1.24694e-01 7.95430e-02 -1.43915e-01 7 7 0 28.93339 7 7 7
213 15 5.87535e-01 -1.58133e-03 1.00000e-03 -1.60729e-01 8 8 0 33.53773 8 8 8
213 15 5.87514e-01 -3.32080e-03 2.10000e-03 -1.60720e-01 8 8 0 33.53821 8 8 8
213 15 5.87473e-01 -5.23419e-03 3.31000e-03 -1.60702e-01 8 8 0 33.53914 8 8 8
213 15 5.87408e-01 -7.33889e-03 4.64100e-03 -1.60675e-01 8 8 0 33.54065 8 8 8
213 15 5.87311e-01 -9.65401e-03 6.10510e-03 -1.60633e-01 8 8 0 33.54288 8 8 8
213 15 5.87174e-01 -1.22006e-02 7.71561e-03 -1.60575e-01 8 8 0 33.54603 8 8 8
213 15 5.86986e-01 -1.50017e-02 9.48717e-03 -1.60495e-01 8 8 0 33.55034 8 8 8
213 15 5.86735e-01 -1.80827e-02 1.14359e-02 -1.60387e-01 8 8 0 33.55609 8 8 8
213 15 5.86405e-01 -2.14716e-02 1.35795e-02 -1.60245e-01 8 8 0 33.56363 8 8 8
213 15 5.85978e-01 -2.51990e-02 1.59374e-02 -1.60061e-01 8 8 0 33.57336 8 8 8
213 15 5.85430e-01 -2.92986e-02 1.85312e-02 -1.59823e-01 8 8 0 33.58579 8 8 8
213 15 5.84735e-01 -3.38075e-02 2.13843e-02 -1.59518e-01 8 8 0 33.60150 8 8 8
213 15 5.83858e-01 -3.87663e-02 2.45227e-02 -1.59130e-01 8 8 0 33.62117 8 8 8
213 15 5.82761e-01 -4.42196e-02 2.79750e-02 -1.58638e-01 8 8 0 33.64560 8 8 8
213 15 5.81395e-01 -5.02164e-02 3.17725e-02 -1.58015e-01 8 8 0 33.67566 8 8 8
213 15 5.79706e-01 -5.68102e-02 3.59497e-02 -1.57228e-01 8 8 0 33.71234 8 8 8
213 15 5.77627e-01 -6.40600e-02 4.05447e-02 -1.56236e-01 8 8 0 33.75663 8 8 8
213 15 5.75082e-01 -7.20300e-02 4.55992e-02 -1.54983e-01 8 8 0 33.80953 8 8 8
213 15 5.71985e-01 -8.07906e-02 5.11591e-02 -1.53400e-01 8 8 0 33.87190 8 8 8
213 15 5.68234e-01 -9.04182e-02 5.72750e-02 -1.51399e-01 8 8 0 33.94429 8 8 8
213 15 5.63714e-01 -1.00995e-01 6.40025e-02 -1.48865e-01 8 8 0 34.02682 8 8 8
213 15 5.58287e-01 -1.12609e-01 7.14028e-02 -1.45659e-01 8 8 0 34.11898 8 8 8
213 15 5.51784e-01 -1.25349e-01 7.95430e-02 -1.41609e-01 8 8 0 34.21961 8 8 8
213 15 5.43985e-01 -1.39298e-01 8.84973e-02 -1.36512e-01 8 8 0 34.32690 8 8 8
214 15 6.16613e-01 -1.58506e-03 1.00000e-03 -1.43221e-01 9 9 0 38.93106 9 9 9
214 15 6.16594e-01 -3.32862e-03 2.10000e-03 -1.43212e-01 9 9 0 38.93127 9 9 9
214 15 6.16558e-01 -5.24650e-03 3.31000e-03 -1.43193e-01 9 9 0 38.93168 9 9 9
214 15 6.16498e-01 -7.35611e-03 4.64100e-03 -1.43164e-01 9 9 0 38.93235 9 9 9
214 15 6.16410e-01 -9.67658e-03 6.10510e-03 -1.43120e-01 9 9 0 38.93335 9 9 9
214 15 6.16285e-01 -1.22289e-02 7.71561e-03 -1.43057e-01 9 9 0 38.93475 9 9 9
214 15 6.16114e-01 -1.50363e-02 9.48717e-03 -1.42972e-01 9 9 0 38.93668 9 9 9
214 15 6.15885e-01 -1.81240e-02 1.14359e-02 -1.42858e-01 9 9 0 38.93925 9 9 9
214 15 6.15583e-01 -2.15199e-02 1.35795e-02 -1.42708e-01 9 9 0 38.94264 9 9 9
214 15 6.15192e-01 -2.52547e-02 1.59374e-02 -1.42514e-01 9 9 0 38.94703 9 9 9
214 15 6.14690e-01 -2.93618e-02 1.85312e-02 -1.42264e-01 9 9 0 38.95268 9 9 9
214 15 6.14049e-01 -3.38780e-02 2.13843e-02 -1.41945e-01 9 9 0 38.95986 9 9 9
214 15 6.13239e-01 -3.88437e-02 2.45227e-02 -1.41541e-01 9 9 0 38.96894 9 9 9
214 15 6.12218e-01 -4.43029e-02 2.79750e-02 -1.41034e-01 9 9 0 38.98036 9 9 9
214 15 6.10939e-01 -5.03037e-02 3.17725e-02 -1.40397e-01 9 9 0 38.99465 9 9 9
214 15 6.09343e-01 -5.68985e-02 3.59497e-02 -1.39603e-01 9 9 0 39.01244 9 9 9
214 15 6.07357e-01 -6.41446e-02 4.05447e-02 -1.38616e-01 9 9 0 39.03451 9 9 9
214 15 6.04892e-01 -7.21036e-02 4.55992e-02 -1.37390e-01 9 9 0 39.06181 9 9 9
214 15 6.01841e-01 -8.08424e-02 5.11591e-02 -1.35873e-01 9 9 0 39.09545 9 9 9
214 15 5.98071e-01 -9.04324e-02 5.72750e-02 -1.33998e-01 9 9 0 39.13680 9 9 9
214 15 5.93419e-01 -1.00950e-01 6.40025e-02 -1.31683e-01 9 9 0 39.18747 9 9 9
214 15 5.87686e-01 -1.12474e-01 7.14028e-02 -1.28829e-01 9 9 0 39.24939 9 9 9
214 15 5.80629e-01 -1.25086e-01 7.95430e-02 -1.25310e-01 9 9 0 39.32484 9 9 9
214 15 5.71947e-01 -1.38869e-01 8.84973e-02 -1.20970e-01 9 9 0 39.41651 9 9 9
214 15 5.61276e-01 -1.53897e-01 9.83471e-02 -1.15615e-01 9 9 0 39.52758 9 9 9
214 15 5.48164e-01 -1.70234e-01 1.09182e-01 -1.08998e-01 9 9 0 39.66194 9 9 9
214 15 5.32062e-01 -1.87918e-01 1.21100e-01 -1.00806e-01 9 9 0 39.82454 9 9 9
215 15 6.43141e-01 -1.59734e-03 1.00000e-03 -1.26512e-01 10 10 0 45.24560 10 10 10
215 15 6.43123e-01 -3.35442e-03 2.10000e-03 -1.26502e-01 10 10 0 45.24579 10 10 10
215 15 6.43088e-01 -5.28722e-03 3.31000e-03 -1.26483e-01 10 10 0 45.24616 10 10 10
215 15 6.43032e-01 -7.41332e-03 4.64100e-03 -1.26453e-01 10 10 0 45.24676 10 10 10
215 15 6.42949e-01 -9.75207e-03 6.10510e-03 -1.26408e-01 10 10 0 45.24765 10 10 10
215 15 6.42831e-01 -1.23248e-02 7.71561e-03 -1.26344e-01 10 10 0 45.24891 10 10 10
215 15 6.42669e-01 -1.51548e-02 9.48717e-03 -1.26257e-01 10 10 0 45.25064 10 10 10
215 15 6.42453e-01 -1.82680e-02 1.14359e-02 -1.26140e-01 10 10 0 45.25295 10 10 10
215 15 6.42169e-01 -2.16926e-02 1.35795e-02 -1.25986e-01 10 10 0 45.25598 10 10 10
215 15 6.41799e-01 -2.54600e-02 1.59374e-02 -1.25786e-01 10 10 0 45.25993 10 10 10
215 15 6.41324e-01 -2.96046e-02 1.85312e-02 -1.25530e-01 10 10 0 45.26500 10 10 10
215 15 6.40718e-01 -3.41642e-02 2.13843e-02 -1.25203e-01 10 10 0 45.27146 10 10 10
215 15 6.39951e-01 -3.91805e-02 2.45227e-02 -1.24790e-01 10 10 0 45.27964 10 10 10
215 15 6.38985e-01 -4.46995e-02 2.79750e-02 -1.24270e-01 10 10 0 45.28994 10 10 10
215 15 6.37773e-01 -5.07720e-02 3.17725e-02 -1.23620e-01 10 10 0 45.30286 10 10 10
215 15 6.36258e-01 -5.74539e-02 3.59497e-02 -1.22809e-01 10 10 0 45.31899 10 10 10
215 15 6.34371e-01 -6.48070e-02 4.05447e-02 -1.21801e-01 10 10 0 45.33908 10 10 10
215 15 6.32024e-01 -7.28996e-02 4.55992e-02 -1.20552e-01 10 10 0 45.36403 10 10 10
215 15 6.29112e-01 -8.18075e-02 5.11591e-02 -1.19010e-01 10 10 0 45.39498 10 10 10
215 15 6.25501e-01 -9.16145e-02 5.72750e-02 -1.17109e-01 10 10 0 45.43332 10 10 10
215 15 6.21028e-01 -1.02414e-01 6.40025e-02 -1.14770e-01 10 10 0 45.48079 10 10 10
215 15 6.15486e-01 -1.14311e-01 7.14028e-02 -1.11896e-01 10 10 0 45.53959 10 10 10
215 15 6.08617e-01 -1.27423e-01 7.95430e-02 -1.08372e-01 10 10 0 45.61253 10 10 10
215 15 6.00090e-01 -1.41882e-01 8.84973e-02 -1.04055e-01 10 10 0 45.70325 10 10 10
215 15 5.89484e-01 -1.57841e-01 9.83471e-02 -9.87702e-02 10 10 0 45.81661 10 10 10
215 15 5.76248e-01 -1.75478e-01 1.09182e-01 -9.23029e-02 10 10 0 45.95923 10 10 10
215 15 5.59660e-01 -1.95000e-01 1.21100e-01 -8.43853e-02 10 10 0 46.14034 10 10 10
216 15 6.51945e-01 1.55672e-02 1.00000e-03 -1.20691e-01 2 2 1 47.78014 2 2 11
216 15 6.51586e-01 3.27175e-02 2.10000e-03 -1.20494e-01 2 2 1 47.80271 2 2 11
216 15 6.50894e-01 5.16494e-02 3.31000e-03 -1.20113e-01 2 2 1 47.84662 2 2 11
216 15 6.49768e-01 7.26041e-02 4.64100e-03 -1.19491e-01 2 2 1 47.91928 2 2 11
216 15 6.48074e-01 9.58836e-02 6.10510e-03 -1.18550e-01 2 2 1 48.03134 2 2 11
216 15 6.45636e-01 1.21883e-01 7.71561e-03 -1.17185e-01 2 2 1 48.19883 2 2 11
216 15 6.42209e-01 1.51162e-01 9.48717e-03 -1.15242e-01 2 2 1 48.44753 2 2 11
216 15 6.37430e-01 1.84611e-01 1.14359e-02 -1.12480e-01 2 2 1 48.82313 2 2 11
216 15 6.30663e-01 2.24005e-01 1.35795e-02 -1.08454e-01 2 2 1 49.42158 2 2 11
216 15 6.20244e-01 2.74862e-01 1.59374e-02 -1.01937e-01 2 2 1 50.53707 2 2 11
216 15 5.98654e-01 3.64486e-01 1.85312e-02 -8.59979e-02 2 2 1 54.28449 2 2 13
217 15 6.65589e-01 -1.63518e-03 1.00000e-03 -1.11823e-01 11 11 0 52.13312 11 11 11
217 15 6.65572e-01 -3.43387e-03 2.10000e-03 -1.11813e-01 11 11 0 52.13334 11 11 11
217 15 6.65538e-01 -5.41239e-03 3.31000e-03 -1.11794e-01 11 11 0 52.13376 11 11 11
217 15 6.65483e-01 -7.58870e-03 4.64100e-03 -1.11763e-01 11 11 0 52.13444 11 11 11
217 15 6.65402e-01 -9.98255e-03 6.10510e-03 -1.11717e-01 11 11 0 52.13544 11 11 11
217 15 6.65288e-01 -1.26156e-02 7.71561e-03 -1.11652e-01 11 11 0 52.13686 11 11 11
217 15 6.65131e-01 -1.55117e-02 9.48717e-03 -1.11564e-01 11 11 0 52.13881 11 11 11
217 15 6.64920e-01 -1.86971e-02 1.14359e-02 -1.11445e-01 11 11 0 52.14141 11 11 11
217 15 6.64644e-01 -2.22005e-02 1.35795e-02 -1.11289e-01 11 11 0 52.14482 11 11 11
217 15 6.64284e-01 -2.60534e-02 1.59374e-02 -1.11087e-01 11 11 0 52.14924 11 11 11
217 15 6.63821e-01 -3.02904e-02 1.85312e-02 -1.10828e-01 11 11 0 52.15489 11 11 11
217 15 6.63231e-01 -3.49495e-02 2.13843e-02 -1.10499e-01 11 11 0 52.16208 11 11 11
217 15 6.62482e-01 -4.00721e-02 2.45227e-02 -1.10083e-01 11 11 0 52.17113 11 11 11
217 15 6.61536e-01 -4.57036e-02 2.79750e-02 -1.09561e-01 11 11 0 52.18245 11 11 11
217 15 6.60347e-01 -5.18936e-02 3.17725e-02 -1.08910e-01 11 11 0 52.19653 11 11 11
217 15 6.58858e-01 -5.86961e-02 3.59497e-02 -1.08102e-01 11 11 0 52.21397 11 11 11
217 15 6.56995e-01 -6.61703e-02 4.05447e-02 -1.07103e-01 11 11 0 52.23545 11 11 11
217 15 6.54669e-01 -7.43810e-02 4.55992e-02 -1.05875e-01 11 11 0 52.26183 11 11 11
217 15 6.51765e-01 -8.34009e-02 5.11591e-02 -1.04370e-01 11 11 0 52.29413 11 11 11
217 15 6.48137e-01 -9.33149e-02 5.72750e-02 -1.02536e-01 11 11 0 52.33364 11 11 11
217 15 6.43596e-01 -1.04231e-01 6.40025e-02 -1.00312e-01 11 11 0 52.38204 11 11 11
217 15 6.37883e-01 -1.16307e-01 7.14028e-02 -9.76306e-02 11 11 0 52.44166 11 11 11
217 15 6.30635e-01 -1.29818e-01 7.95430e-02 -9.44216e-02 11 11 0 52.51593 11 11 11
217 15 6.21294e-01 -1.45312e-01 8.84973e-02 -9.06134e-02 11 11 0 52.61016 11 11 11
217 15 6.08940e-01 -1.63931e-01 9.83471e-02 -8.61318e-02 11 11 0 52.73276 11 11 11
217 15 5.91921e-01 -1.88013e-01 1.09182e-01 -8.08702e-02 11 11 0 52.89811 11 11 11
218 15 6.84273e-01 -1.82066e-03 1.00000e-03 -9.92120e-02 12 12 0 59.46326 6 12 12
218 15 6.84255e-01 -3.82338e-03 2.10000e-03 -9.92015e-02 12 12 0 59.46356 6 12 12
218 15 6.84221e-01 -6.02635e-03 3.31000e-03 -9.91813e-02 12 12 0 59.46413 6 12 12
218 15 6.84165e-01 -8.44956e-03 4.64100e-03 -9.91487e-02 12 12 0 59.46506 6 12 12
218 15 6.84083e-01 -1.11150e-02 6.10510e-03 -9.91002e-02 12 12 0 59.46643 6 12 12
218 15 6.83967e-01 -1.40469e-02 7.71561e-03 -9.90317e-02 12 12 0 59.46838 6 12 12
218 15 6.83808e-01 -1.72717e-02 9.48717e-03 -9.89377e-02 12 12 0 59.47104 6 12 12
218 15 6.83594e-01 -2.08187e-02 1.14359e-02 -9.88120e-02 12 12 0 59.47460 6 12 12
218 15 6.83314e-01 -2.47200e-02 1.35795e-02 -9.86467e-02 12 12 0 59.47929 6 12 12
218 15 6.82950e-01 -2.90107e-02 1.59374e-02 -9.84319e-02 12 12 0 59.48537 6 12 12
218 15 6.82483e-01 -3.37296e-02 1.85312e-02 -9.81560e-02 12 12 0 59.49319 6 12 12
218 15 6.81888e-01 -3.89190e-02 2.13843e-02 -9.78043e-02 12 12 0 59.50315 6 12 12
218 15 6.81134e-01 -4.46256e-02 2.45227e-02 -9.73589e-02 12 12 0 59.51576 6 12 12
218 15 6.80187e-01 -5.09002e-02 2.79750e-02 -9.67980e-02 12 12 0 59.53162 6 12 12
218 15 6.79000e-01 -5.77986e-02 3.17725e-02 -9.60949e-02 12 12 0 59.55151 6 12 12
218 15 6.77521e-01 -6.53818e-02 3.59497e-02 -9.52166e-02 12 12 0 59.57633 6 12 12
218 15 6.75684e-01 -7.37162e-02 4.05447e-02 -9.41226e-02 12 12 0 59.60724 6 12 12
218 15 6.73409e-01 -8.28740e-02 4.55992e-02 -9.27630e-02 12 12 0 59.64563 6 12 12
218 15 6.70601e-01 -9.29334e-02 5.11591e-02 -9.10759e-02 12 12 0 59.69329 6 12 12
218 15 6.67146e-01 -1.03978e-01 5.72750e-02 -8.89836e-02 12 12 0 59.75248 6 12 12
218 15 6.62909e-01 -1.16098e-01 6.40025e-02 -8.63879e-02 12 12 0 59.82620 6 12 12
218 15 6.57738e-01 -1.29386e-01 7.14028e-02 -8.31615e-02 12 12 0 59.91868 6 12 12
218 15 6.51469e-01 -1.43933e-01 7.95430e-02 -7.91336e-02 12 12 0 60.03653 6 12 12
218 15 6.43956e-01 -1.59822e-01 8.84973e-02 -7.40636e-02 12 12 0 60.19160 6 12 12
218 15 6.35127e-01 -1.77093e-01 9.83471e-02 -6.75984e-02 12 12 0 60.40840 6 12 12
219 15 7.01213e-01 -8.27130e-04 1.00000e-03 -8.74781e-02 13 13 0 67.95476 5 13 13
219 15 7.01202e-01 -1.73687e-03 2.10000e-03 -8.74677e-02 13 13 0 67.95537 5 13 13
219 15 7.01181e-01 -2.73731e-03 3.31000e-03 -8.74477e-02 13 13 0 67.95654 5 13 13
219 15 7.01146e-01 -3.83731e-03 4.64100e-03 -8.74153e-02 13 13 0 67.95843 5 13 13
219 15 7.01095e-01 -5.04646e-03 6.10510e-03 -8.73672e-02 13 13 0 67.96125 5 13 13
219 15 7.01022e-01 -6.37518e-03 7.71561e-03 -8.72991e-02 13 13 0 67.96524 5 13 13
219 15 7.00923e-01 -7.83472e-03 9.48717e-03 -8.72059e-02 13 13 0 67.97070 5 13 13
219 15 7.00791e-01 -9.43717e-03 1.14359e-02 -8.70812e-02 13 13 0 67.97802 5 13 13
219 15 7.00616e-01 -1.11954e-02 1.35795e-02 -8.69172e-02 13 13 0 67.98766 5 13 13
219 15 7.00390e-01 -1.31231e-02 1.59374e-02 -8.67043e-02 13 13 0 68.00019 5 13 13
219 15 7.00099e-01 -1.52345e-02 1.85312e-02 -8.64308e-02 13 13 0 68.01632 5 13 13
219 15 6.99729e-01 -1.75444e-02 2.13843e-02 -8.60825e-02 13 13 0 68.03694 5 13 13
219 15 6.99261e-01 -2.00675e-02 2.45227e-02 -8.56419e-02 13 13 0 68.06311 5 13 13
219 15 6.98673e-01 -2.28184e-02 2.79750e-02 -8.50877e-02 13 13 0 68.09619 5 13 13
219 15 6.97938e-01 -2.58109e-02 3.17725e-02 -8.43942e-02 13 13 0 68.13784 5 13 13
219 15 6.97021e-01 -2.90570e-02 3.59497e-02 -8.35302e-02 13 13 0 68.19011 5 13 13
219 15 6.95882e-01 -3.25667e-02 4.05447e-02 -8.24580e-02 13 13 0 68.25556 3 13 13
219 15 6.94469e-01 -3.63470e-02 4.55992e-02 -8.11329e-02 13 13 0 68.33735 3 13 13
219 15 6.92717e-01 -4.04033e-02 5.11591e-02 -7.95023e-02 13 13 0 68.43932 3 13 13
219 15 6.90542e-01 -4.47436e-02 5.72750e-02 -7.75062e-02 13 13 0 68.56607 3 13 13
219 15 6.87825e-01 -4.93925e-02 6.40025e-02 -7.50802e-02 13 13 0 68.72279 3 13 13
219 15 6.84394e-01 -5.44259e-02 7.14028e-02 -7.21628e-02 13 13 0 68.91486 3 13 13
219 15 6.79976e-01 -6.00513e-02 7.95430e-02 -6.87110e-02 13 13 0 69.14691 3 13 13
219 15 6.74117e-01 -6.67772e-02 8.84973e-02 -6.47282e-02 13 13 0 69.42234 3 13 13
219 15 6.66096e-01 -7.55974e-02 9.83471e-02 -6.02730e-02 13 13 0 69.74869 3 13 13
220 15 7.13489e-01 -1.27650e-03 1.00000e-03 -7.87946e-02 14 14 0 75.68315 14 14 14
220 15 7.13484e-01 -2.68012e-03 2.10000e-03 -7.87780e-02 14 14 0 75.68542 14 14 14
220 15 7.13475e-01 -4.22279e-03 3.31000e-03 -7.87461e-02 14 14 0 75.68978 14 14 14
220 15 7.13462e-01 -5.91720e-03 4.64100e-03 -7.86944e-02 14 14 0 75.69685 14 14 14
220 15 7.13441e-01 -7.77680e-03 6.10510e-03 -7.86177e-02 14 14 0 75.70741 14 14 14
220 15 7.13412e-01 -9.81553e-03 7.71561e-03 -7.85089e-02 14 14 0 75.72242 14 14 14
220 15 7.13373e-01 -1.20476e-02 9.48717e-03 -7.83599e-02 14 14 0 75.74313 14 14 14
220 15 7.13322e-01 -1.44872e-02 1.14359e-02 -7.81601e-02 14 14 0 75.77112 14 14 14
220 15 7.13256e-01 -1.71473e-02 1.35795e-02 -7.78969e-02 14 14 0 75.80843 14 14 14
220 15 7.13173e-01 -2.00394e-02 1.59374e-02 -7.75545e-02 14 14 0 75.85769 14 14 14
220 15 7.13070e-01 -2.31714e-02 1.85312e-02 -7.71134e-02 14 14 0 75.92233 14 14 14
220 15 7.12944e-01 -2.65456e-02 2.13843e-02 -7.65499e-02 14 14 0 76.00689 14 14 14
220 15 7.12792e-01 -3.01561e-02 2.45227e-02 -7.58355e-02 14 14 0 76.11729 14 14 14
220 15 7.12610e-01 -3.39852e-02 2.79750e-02 -7.49366e-02 14 14 0 76.26124 14 14 14
220 15 7.12388e-01 -3.80012e-02 3.17725e-02 -7.38157e-02 14 14 0 76.44837 14 14 14
220 15 7.12105e-01 -4.21612e-02 3.59497e-02 -7.24358e-02 14 14 0 76.68954 14 14 14
220 15 7.11711e-01 -4.64260e-02 4.05447e-02 -7.07701e-02 14 14 0 76.99415 14 14 14
220 15 7.11095e-01 -5.07923e-02 4.55992e-02 -6.88186e-02 14 14 0 77.36380 14 14 14
220 15 7.10050e-01 -5.52983e-02 5.11591e-02 -6.66329e-02 14 14 0 77.78240 14 14 14
220 15 7.08184e-01 -5.97635e-02 5.72750e-02 -6.43831e-02 14 14 0 78.20502 14 14 14
220 15 7.05032e-01 -6.36516e-02 6.40025e-02 -6.22907e-02 14 14 0 78.59596 12 14 14
220 15 7.00903e-01 -6.82153e-02 7.14028e-02 -5.98822e-02 14 14 0 79.01142 12 14 14
220 15 6.94137e-01 -7.47293e-02 7.95430e-02 -5.79929e-02 14 14 0 79.29702 12 14 14
221 15 7.33154e-01 -1.28947e-03 1.00000e-03 -6.45699e-02 15 15 0 92.33770 15 15 15
221 15 7.33136e-01 -2.70790e-03 2.10000e-03 -6.45634e-02 15 15 0 92.33748 15 15 15
221 15 7.33101e-01 -4.26819e-03 3.31000e-03 -6.45510e-02 15 15 0 92.33705 15 15 15
221 15 7.33044e-01 -5.98456e-03 4.64100e-03 -6.45309e-02 15 15 0 92.33635 15 15 15
221 15 7.32960e-01 -7.87264e-03 6.10510e-03 -6.45011e-02 15 15 0 92.33532 15 15 15
221 15 7.32840e-01 -9.94965e-03 7.71561e-03 -6.44589e-02 15 15 0 92.33385 15 15 15
221 15 7.32676e-01 -1.22346e-02 9.48717e-03 -6.44012e-02 15 15 0 92.33184 15 15 15
221 15 7.32457e-01 -1.47482e-02 1.14359e-02 -6.43239e-02 15 15 0 92.32914 15 15 15
221 15 7.32169e-01 -1.75137e-02 1.35795e-02 -6.42223e-02 15 15 0 92.32558 15 15 15
221 15 7.31795e-01 -2.05562e-02 1.59374e-02 -6.40904e-02 15 15 0 92.32092 15 15 15
221 15 7.31313e-01 -2.39039e-02 1.85312e-02 -6.39209e-02 15 15 0 92.31490 15 15 15
221 15 7.30700e-01 -2.75874e-02 2.13843e-02 -6.37050e-02 15 15 0 92.30716 15 15 15
221 15 7.29923e-01 -3.16410e-02 2.45227e-02 -6.34319e-02 15 15 0 92.29725 15 15 15
221 15 7.28945e-01 -3.61022e-02 2.79750e-02 -6.30882e-02 15 15 0 92.28461 15 15 15
221 15 7.27718e-01 -4.10126e-02 3.17725e-02 -6.26579e-02 15 15 0 92.26849 15 15 15
222 15 7.38540e-01 -1.24017e-03 1.00000e-03 -6.06067e-02 16 16 0 98.22756 14 16 16
222 15 7.38520e-01 -2.60399e-03 2.10000e-03 -6.06019e-02 16 16 0 98.22836 14 16 16
222 15 7.38481e-01 -4.10328e-03 3.31000e-03 -6.05927e-02 16 16 0 98.22988 14 16 16
222 15 7.38419e-01 -5.75080e-03 4.64100e-03 -6.05778e-02 16 16 0 98.23235 14 16 16
222 15 7.38326e-01 -7.56017e-03 6.10510e-03 -6.05557e-02 16 16 0 98.23601 14 16 16
222 15 7.38195e-01 -9.54588e-03 7.71561e-03 -6.05244e-02 16 16 0 98.24118 14 16 16
222 15 7.38015e-01 -1.17231e-02 9.48717e-03 -6.04815e-02 16 16 0 98.24823 16 16 16
222 15 7.37775e-01 -1.41077e-02 1.14359e-02 -6.04242e-02 16 16 0 98.25761 16 16 16
222 15 7.37459e-01 -1.67156e-02 1.35795e-02 -6.03486e-02 16 16 0 98.26986 16 16 16
222 15 7.37050e-01 -1.95627e-02 1.59374e-02 -6.02505e-02 16 16 0 98.28561 16 16 16
222 15 7.36526e-01 -2.26640e-02 1.85312e-02 -6.01242e-02 16 16 0 98.30561 16 16 16
222 15 7.35860e-01 -2.60327e-02 2.13843e-02 -5.99631e-02 16 16 0 98.33069 16 16 16
222 15 7.35020e-01 -2.96795e-02 2.45227e-02 -5.97587e-02 16 16 0 98.36181 16 16 16
222 15 7.33968e-01 -3.36103e-02 2.79750e-02 -5.95008e-02 16 16 0 98.39996 16 16 16
222 15 7.32658e-01 -3.78253e-02 3.17725e-02 -5.91766e-02 16 16 0 98.44621 16 16 16
222 15 7.31035e-01 -4.23159e-02 3.59497e-02 -5.87703e-02 16 16 0 98.50152 16 16 16
222 15 7.29033e-01 -4.70634e-02 4.05447e-02 -5.82621e-02 16 16 0 98.56669 16 16 16
222 15 7.26575e-01 -5.20368e-02 4.55992e-02 -5.76274e-02 16 16 0 98.64213 16 16 16
222 15 7.23570e-01 -5.71929e-02 5.11591e-02 -5.68351e-02 16 16 0 98.72755 16 16 16
222 15 7.19908e-01 -6.24789e-02 5.72750e-02 -5.58459e-02 16 16 0 98.82171 16 16 16
222 15 7.15461e-01 -6.78328e-02 6.40025e-02 -5.46090e-02 16 16 0 98.92204 12 16 16
223 15 7.46554e-01 -1.01270e-03 1.00000e-03 -5.46562e-02 17 17 0 108.51450 7 17 17
223 15 7.46536e-01 -2.12666e-03 2.10000e-03 -5.46513e-02 17 17 0 108.51485 7 17 17
223 15 7.46500e-01 -3.35198e-03 3.31000e-03 -5.46418e-02 17 17 0 108.51551 7 17 17
223 15 7.46442e-01 -4.69978e-03 4.64100e-03 -5.46265e-02 17 17 0 108.51659 7 17 17
223 15 7.46357e-01 -6.18227e-03 6.10510e-03 -5.46036e-02 17 17 0 108.51820 7 17 17
223 15 7.46236e-01 -7.81286e-03 7.71561e-03 -5.45713e-02 17 17 0 108.52046 7 17 17
223 15 7.46070e-01 -9.60629e-03 9.48717e-03 -5.45271e-02 17 17 0 108.52356 7 17 17
223 15 7.45848e-01 -1.15787e-02 1.14359e-02 -5.44680e-02 17 17 0 108.52769 7 17 17
223 15 7.45556e-01 -1.37479e-02 1.35795e-02 -5.43902e-02 17 17 0 108.53311 7 17 17
223 15 7.45176e-01 -1.61333e-02 1.59374e-02 -5.42892e-02 17 17 0 108.54012 7 17 17
223 15 7.44689e-01 -1.87563e-02 1.85312e-02 -5.41595e-02 17 17 0 108.54908 7 17 17
223 15 7.44068e-01 -2.16402e-02 2.13843e-02 -5.39942e-02 17 17 0 108.56042 7 17 17
223 15 7.43281e-01 -2.48106e-02 2.45227e-02 -5.37851e-02 17 17 0 108.57464 7 17 17
223 15 7.42291e-01 -2.82956e-02 2.79750e-02 -5.35219e-02 17 17 0 108.59235 7 17 17
223 15 7.41050e-01 -3.21258e-02 3.17725e-02 -5.31922e-02 17 17 0 108.61423 7 17 17
223 15 7.39500e-01 -3.63353e-02 3.59497e-02 -5.27809e-02 17 17 0 108.64104 7 17 17
223 15 7.37571e-01 -4.09621e-02 4.05447e-02 -5.22692e-02 17 17 0 108.67365 7 17 17
223 15 7.35177e-01 -4.60498e-02 4.55992e-02 -5.16342e-02 17 17 0 108.71296 7 17 17
223 15 7.32210e-01 -5.16511e-02 5.11591e-02 -5.08476e-02 17 17 0 108.75985 7 17 17
223 15 7.28539e-01 -5.78350e-02 5.72750e-02 -4.98741e-02 17 17 0 108.81512 7 17 17
223 15 7.24003e-01 -6.47010e-02 6.40025e-02 -4.86688e-02 17 17 0 108.87930 7 17 17
223 15 7.18396e-01 -7.24104e-02 7.14028e-02 -4.71738e-02 17 17 0 108.95247 7 17 17
223 15 7.11458e-01 -8.12538e-02 7.95430e-02 -4.53106e-02 17 17 0 109.03415 5 17 17
223 15 7.02845e-01 -9.18233e-02 8.84973e-02 -4.29630e-02 17 17 0 109.12393 5 17 17
224 15 7.58527e-01 -2.04330e-03 1.00000e-03 -4.56450e-02 19 19 0 128.67476 5 19 19
224 15 7.58503e-01 -4.28702e-03 2.10000e-03 -4.56384e-02 19 19 0 128.67507 5 19 19
224 15 7.58459e-01 -6.74563e-03 3.31000e-03 -4.56257e-02 19 19 0 128.67568 5 19 19
224 15 7.58388e-01 -9.43294e-03 4.64100e-03 -4.56053e-02 19 19 0 128.67665 5 19 19
224 15 7.58281e-01 -1.23621e-02 6.10510e-03 -4.55752e-02 19 19 0 128.67806 5 19 19
224 15 7.58132e-01 -1.55457e-02 7.71561e-03 -4.55329e-02 19 19 0 128.68000 5 19 19
224 15 7.57928e-01 -1.89969e-02 9.48717e-03 -4.54756e-02 19 19 0 128.68259 5 19 19
224 15 7.57656e-01 -2.27297e-02 1.14359e-02 -4.53997e-02 19 19 0 128.68595 5 19 19
224 15 7.57301e-01 -2.67611e-02 1.35795e-02 -4.53010e-02 19 19 0 128.69019 5 19 19
224 15 7.56842e-01 -3.11114e-02 1.59374e-02 -4.51745e-02 19 19 0 128.69547 7 19 19
224 15 7.56256e-01 -3.58048e-02 1.85312e-02 -4.50139e-02 19 19 0 128.70197 7 19 19
224 15 7.55513e-01 -4.08689e-02 2.13843e-02 -4.48116e-02 19 19 0 128.70987 7 19 19
224 15 7.54579e-01 -4.63337e-02 2.45227e-02 -4.45583e-02 19 19 0 128.71936 7 19 19
224 15 7.53410e-01 -5.22290e-02 2.79750e-02 -4.42429e-02 19 19 0 128.73063 9 19 19
224 15 7.51955e-01 -5.85818e-02 3.17725e-02 -4.38517e-02 19 19 0 128.74382 9 19 19
224 15 7.50151e-01 -6.54135e-02 3.59497e-02 -4.33685e-02 19 19 0 128.75896 9 19 19
224 15 7.47924e-01 -7.27371e-02 4.05447e-02 -4.27738e-02 19 19 0 128.77591 9 19 19
224 15 7.45182e-01 -8.05543e-02 4.55992e-02 -4.20446e-02 19 19 0 128.79426 11 19 19
224 15 7.41816e-01 -8.88551e-02 5.11591e-02 -4.11541e-02 19 19 0 128.81318 9 19 19
224 15 7.37692e-01 -9.76202e-02 5.72750e-02 -4.00714e-02 19 19 0 128.83131 9 19 19
224 15 7.32642e-01 -1.06833e-01 6.40025e-02 -3.87629e-02 19 19 0 128.84675 7 19 19
224 15 7.26441e-01 -1.16514e-01 7.14028e-02 -3.71955e-02 19 19 0 128.85753 7 19 19
224 15 7.18749e-01 -1.26843e-01 7.95430e-02 -3.53532e-02 19 19 0 128.86407 7 19 19
224 15 7.08897e-01 -1.38622e-01 8.84973e-02 -3.32990e-02 19 19 0 128.88166 9 19 19
224 15 6.95322e-01 -1.54390e-01 9.83471e-02 -3.13180e-02 19 19 0 128.99368 9 19 19
224 15 6.77007e-01 -1.75105e-01 1.09182e-01 -2.92301e-02 19 19 0 129.34026 13 19 19
225 15 7.64248e-01 -1.78901e-03 1.00000e-03 -4.12894e-02 20 20 0 141.26386 10 20 20
225 15 7.64227e-01 -3.75695e-03 2.10000e-03 -4.12826e-02 20 20 0 141.26441 10 20 20
225 15 7.64188e-01 -5.92176e-03 3.31000e-03 -4.12696e-02 20 20 0 141.26548 10 20 20
225 15 7.64124e-01 -8.30322e-03 4.64100e-03 -4.12485e-02 20 20 0 141.26720 10 20 20
225 15 7.64029e-01 -1.09231e-02 6.10510e-03 -4.12172e-02 20 20 0 141.26978 10 20 20
225 15 7.63895e-01 -1.38054e-02 7.71561e-03 -4.11729e-02 20 20 0 141.27342 10 20 20
225 15 7.63711e-01 -1.69765e-02 9.48717e-03 -4.11122e-02 20 20 0 141.27843 10 20 20
225 15 7.63465e-01 -2.04658e-02 1.14359e-02 -4.10310e-02 20 20 0 141.28518 10 20 20
225 15 7.63141e-01 -2.43054e-02 1.35795e-02 -4.09240e-02 20 20 0 141.29411 10 20 20
225 15 7.62720e-01 -2.85310e-02 1.59374e-02 -4.07850e-02 20 20 0 141.30581 10 20 20
225 15 7.62180e-01 -3.31823e-02 1.85312e-02 -4.06062e-02 20 20 0 141.32104 10 20 20
225 15 7.61492e-01 -3.83031e-02 2.13843e-02 -4.03780e-02 20 20 0 141.34075 10 20 20
225 15 7.60621e-01 -4.39422e-02 2.45227e-02 -4.00886e-02 20 20 0 141.36620 10 20 20
225 15 7.59525e-01 -5.01542e-02 2.79750e-02 -3.97233e-02 20 20 0 141.39910 10 20 20
225 15 7.58152e-01 -5.70004e-02 3.17725e-02 -3.92641e-02 20 20 0 141.44173 10 20 20
225 15 7.56438e-01 -6.45499e-02 3.59497e-02 -3.86886e-02 20 20 0 141.49728 10 20 20
225 15 7.54307e-01 -7.28817e-02 4.05447e-02 -3.79687e-02 20 20 0 141.57033 10 20 20
225 15 7.51663e-01 -8.20861e-02 4.55992e-02 -3.70695e-02 20 20 0 141.66751 10 20 20
225 15 7.48389e-01 -9.22683e-02 5.11591e-02 -3.59472e-02 20 20 0 141.79874 10 20 20
225 15 7.44342e-01 -1.03550e-01 5.72750e-02 -3.45472e-02 20 20 0 141.97866 10 20 20
225 15 7.39340e-01 -1.16068e-01 6.40025e-02 -3.28038e-02 20 20 0 142.22769 10 20 20
226 15 7.69011e-01 -1.70901e-03 1.00000e-03 -3.76376e-02 21 21 0 153.85038 15 21 21
226 15 7.68994e-01 -3.58963e-03 2.10000e-03 -3.76293e-02 21 21 0 153.85229 15 21 21
226 15 7.68959e-01 -5.66012e-03 3.31000e-03 -3.76133e-02 21 21 0 153.85596 15 21 21
226 15 7.68904e-01 -7.94110e-03 4.64100e-03 -3.75875e-02 21 21 0 153.86191 15 21 21
226 15 7.68821e-01 -1.04560e-02 6.10510e-03 -3.75491e-02 21 21 0 153.87079 15 21 21
226 15 7.68705e-01 -1.32318e-02 7.71561e-03 -3.74947e-02 21 21 0 153.88344 15 21 21
226 15 7.68545e-01 -1.62996e-02 9.48717e-03 -3.74199e-02 21 21 0 153.90091 15 21 21
226 15 7.68330e-01 -1.96960e-02 1.14359e-02 -3.73197e-02 21 21 0 153.92458 15 21 21
226 15 7.68048e-01 -2.34645e-02 1.35795e-02 -3.71873e-02 21 21 0 153.95623 15 21 21
226 15 7.67680e-01 -2.76578e-02 1.59374e-02 -3.70145e-02 21 21 0 153.99820 15 21 21
226 15 7.67206e-01 -3.23409e-02 1.85312e-02 -3.67911e-02 21 21 0 154.05365 15 21 21
226 15 7.66598e-01 -3.75958e-02 2.13843e-02 -3.65039e-02 21 21 0 154.12688 15 21 21
226 15 7.65823e-01 -4.35290e-02 2.45227e-02 -3.61365e-02 21 21 0 154.22395 15 21 21
226 15 7.64838e-01 -5.02823e-02 2.79750e-02 -3.56677e-02 21 21 0 154.35353 15 21 21
226 15 7.63584e-01 -5.80503e-02 3.17725e-02 -3.50703e-02 21 21 0 154.52849 15 21 21
226 15 7.61985e-01 -6.71064e-02 3.59497e-02 -3.43096e-02 21 21 0 154.76839 15 21 21
226 15 7.59926e-01 -7.78343e-02 4.05447e-02 -3.33415e-02 21 21 0 155.10325 15 21 21
226 15 7.57239e-01 -9.07319e-02 4.55992e-02 -3.21154e-02 21 21 0 155.57648 15 21 21
226 15 7.53674e-01 -1.06239e-01 5.11591e-02 -3.05918e-02 21 21 0 156.23202 9 21 21
226 15 7.48914e-01 -1.24193e-01 5.72750e-02 -2.87834e-02 21 21 0 157.05146 9 21 21
227 15 7.72710e-01 -1.67574e-03 1.00000e-03 -3.47867e-02 22 22 0 165.32708 18 22 22
227 15 7.72716e-01 -3.51860e-03 2.10000e-03 -3.47602e-02 22 22 0 165.35300 18 22 22
227 15 7.72729e-01 -5.54462e-03 3.31000e-03 -3.47082e-02 22 22 0 165.40482 18 22 22
227 15 7.72754e-01 -7.77102e-03 4.64100e-03 -3.46209e-02 22 22 0 165.49487 18 22 22
227 15 7.72802e-01 -1.02160e-02 6.10510e-03 -3.44831e-02 22 22 0 165.64552 17 22 22
227 15 7.72897e-01 -1.28979e-02 7.71561e-03 -3.42678e-02 22 22 0 165.90226 16 22 22
227 15 7.73091e-01 -1.58288e-02 9.48717e-03 -3.39235e-02 22 22 0 166.37051 16 22 22
227 15 7.73482e-01 -1.89763e-02 1.14359e-02 -3.33621e-02 22 22 0 167.28635 16 22 22
227 15 7.73993e-01 -2.21947e-02 1.35795e-02 -3.26328e-02 22 22 0 168.70300 14 22 22
227 15 7.74255e-01 -2.55330e-02 1.59374e-02 -3.20023e-02 22 22 0 170.01675 10 22 22
227 15 7.74201e-01 -2.91871e-02 1.85312e-02 -3.14967e-02 22 22 0 171.02973 12 22 22
227 15 7.73869e-01 -3.32436e-02 2.13843e-02 -3.10579e-02 22 22 0 171.81776 12 22 22
227 15 7.73264e-01 -3.77422e-02 2.45227e-02 -3.06458e-02 22 22 0 172.44887 14 22 22
227 15 7.72367e-01 -4.27130e-02 2.79750e-02 -3.02329e-02 22 22 0 172.96634 12 22 22
227 15 7.71139e-01 -4.81848e-02 3.17725e-02 -2.97971e-02 22 22 0 173.39784 12 22 22
227 15 7.69526e-01 -5.41888e-02 3.59497e-02 -2.93181e-02 22 22 0 173.76144 12 22 22
227 15 7.67455e-01 -6.07606e-02 4.05447e-02 -2.87743e-02 22 22 0 174.06865 12 22 22
228 15 7.78529e-01 -1.65617e-03 1.00000e-03 -3.02732e-02 23 23 0 187.55084 11 23 23
228 15 7.78506e-01 -3.47794e-03 2.10000e-03 -3.02698e-02 23 23 0 187.55471 11 23 23
228 15 7.78460e-01 -5.48185e-03 3.31000e-03 -3.02633e-02 23 23 0 187.56213 11 23 23
228 15 7.78387e-01 -7.68606e-03 4.64100e-03 -3.02527e-02 23 23 0 187.57409 11 23 23
228 15 7.78279e-01 -1.01106e-02 6.10510e-03 -3.02370e-02 23 23 0 187.59176 11 23 23
228 15 7.78125e-01 -1.27773e-02 7.71561e-03 -3.02146e-02 23 23 0 187.61656 11 23 23
228 15 7.77915e-01 -1.57104e-02 9.48717e-03 -3.01838e-02 23 23 0 187.65015 11 23 23
228 15 7.77635e-01 -1.89363e-02 1.14359e-02 -3.01424e-02 23 23 0 187.69439 11 23 23
228 15 7.77266e-01 -2.24842e-02 1.35795e-02 -3.00874e-02 23 23 0 187.75137 11 23 23
228 15 7.76788e-01 -2.63858e-02 1.59374e-02 -3.00152e-02 23 23 0 187.82327 11 23 23
228 15 7.76176e-01 -3.06763e-02 1.85312e-02 -2.99213e-02 23 23 0 187.91221 11 23 23
228 15 7.75398e-01 -3.53937e-02 2.13843e-02 -2.97994e-02 23 23 0 188.01995 11 23 23
228 15 7.74418e-01 -4.05793e-02 2.45227e-02 -2.96419e-02 23 23 0 188.14738 11 23 23
228 15 7.73189e-01 -4.62775e-02 2.79750e-02 -2.94387e-02 23 23 0 188.29388 11 23 23
228 15 7.71659e-01 -5.25341e-02 3.17725e-02 -2.91769e-02 23 23 0 188.45648 11 23 23
228 15 7.69763e-01 -5.93945e-02 3.59497e-02 -2.88400e-02 23 23 0 188.62906 9 23 23
228 15 7.67422e-01 -6.69004e-02 4.05447e-02 -2.84082e-02 23 23 0 188.80188 9 23 23
229 15 7.81261e-01 -1.66737e-03 1.00000e-03 -2.81428e-02 24 24 0 200.27288 12 24 24
229 15 7.81238e-01 -3.50156e-03 2.10000e-03 -2.81391e-02 24 24 0 200.27395 12 24 24
229 15 7.81193e-01 -5.51941e-03 3.31000e-03 -2.81321e-02 24 24 0 200.27600 12 24 24
229 15 7.81121e-01 -7.73946e-03 4.64100e-03 -2.81208e-02 24 24 0 200.27932 12 24 24
229 15 7.81014e-01 -1.01823e-02 6.10510e-03 -2.81040e-02 24 24 0 200.28426 12 24 24
229 15 7.80862e-01 -1.28705e-02 7.71561e-03 -2.80802e-02 24 24 0 200.29122 12 24 24
229 15 7.80654e-01 -1.58293e-02 9.48717e-03 -2.80475e-02 24 24 0 200.30073 12 24 24
229 15 7.80376e-01 -1.90866e-02 1.14359e-02 -2.80039e-02 24 24 0 200.31341 12 24 24
229 15 7.80010e-01 -2.26735e-02 1.35795e-02 -2.79464e-02 24 24 0 200.33002 12 24 24
229 15 7.79535e-01 -2.66246e-02 1.59374e-02 -2.78717e-02 24 24 0 200.35145 12 24 24
229 15 7.78924e-01 -3.09785e-02 1.85312e-02 -2.77755e-02 24 24 0 200.37876 12 24 24
229 15 7.78144e-01 -3.57786e-02 2.13843e-02 -2.76528e-02 24 24 0 200.41320 12 24 24
229 15 7.77156e-01 -4.10739e-02 2.45227e-02 -2.74971e-02 24 24 0 200.45620 12 24 24
229 15 7.75911e-01 -4.69196e-02 2.79750e-02 -2.73006e-02 24 24 0 200.50937 12 24 24
229 15 7.74349e-01 -5.33784e-02 3.17725e-02 -2.70534e-02 24 24 0 200.57445 12 24 24
229 15 7.72394e-01 -6.05220e-02 3.59497e-02 -2.67434e-02 24 24 0 200.65323 12 24 24
229 15 7.69957e-01 -6.84326e-02 4.05447e-02 -2.63552e-02 24 24 0 200.74744 12 24 24
229 15 7.66925e-01 -7.72052e-02 4.55992e-02 -2.58698e-02 24 24 0 200.85847 12 24 24
229 15 7.63157e-01 -8.69503e-02 5.11591e-02 -2.52627e-02 24 24 0 200.98710 12 24 24
229 15 7.58480e-01 -9.77975e-02 5.72750e-02 -2.45027e-02 24 24 0 201.13320 12 24 24
229 15 7.52679e-01 -1.09900e-01 6.40025e-02 -2.35498e-02 24 24 0 201.29551 18 24 24
230 15 7.84048e-01 -1.73067e-03 1.00000e-03 -2.59615e-02 25 25 0 215.26472 15 25 25
230 15 7.84024e-01 -3.63443e-03 2.10000e-03 -2.59575e-02 25 25 0 215.26509 15 25 25
230 15 7.83980e-01 -5.72861e-03 3.31000e-03 -2.59499e-02 25 25 0 215.26579 15 25 25
230 15 7.83908e-01 -8.03230e-03 4.64100e-03 -2.59377e-02 25 25 0 215.26693 15 25 25
230 15 7.83801e-01 -1.05665e-02 6.10510e-03 -2.59194e-02 25 25 0 215.26863 15 25 25
230 15 7.83649e-01 -1.33544e-02 7.71561e-03 -2.58936e-02 25 25 0 215.27104 15 25 25
230 15 7.83441e-01 -1.64214e-02 9.48717e-03 -2.58582e-02 25 25 0 215.27434 15 25 25
230 15 7.83164e-01 -1.97958e-02 1.14359e-02 -2.58109e-02 25 25 0 215.27876 15 25 25
230 15 7.82798e-01 -2.35084e-02 1.35795e-02 -2.57486e-02 25 25 0 215.28460 15 25 25
230 15 7.82323e-01 -2.75935e-02 1.59374e-02 -2.56679e-02 25 25 0 215.29222 15 25 25
230 15 7.81713e-01 -3.20888e-02 1.85312e-02 -2.55642e-02 25 25 0 215.30207 15 25 25
230 15 7.80934e-01 -3.70362e-02 2.13843e-02 -2.54320e-02 25 25 0 215.31472 15 25 25
230 15 7.79948e-01 -4.24820e-02 2.45227e-02 -2.52649e-02 25 25 0 215.33090 15 25 25
230 15 7.78705e-01 -4.84775e-02 2.79750e-02 -2.50547e-02 25 25 0 215.35152 15 25 25
230 15 7.77145e-01 -5.50798e-02 3.17725e-02 -2.47916e-02 25 25 0 215.37780 15 25 25
230 15 7.75195e-01 -6.23529e-02 3.59497e-02 -2.44636e-02 25 25 0 215.41129 15 25 25
230 15 7.72764e-01 -7.03685e-02 4.05447e-02 -2.40562e-02 25 25 0 215.45409 15 25 25
230 15 7.69738e-01 -7.92075e-02 4.55992e-02 -2.35514e-02 25 25 0 215.50899 15 25 25
230 15 7.65979e-01 -8.89620e-02 5.11591e-02 -2.29277e-02 25 25 0 215.57975 15 25 25
230 15 7.61314e-01 -9.97380e-02 5.72750e-02 -2.21582e-02 25 25 0 215.67140 15 25 25
230 15 7.55523e-01 -1.11658e-01 6.40025e-02 -2.12101e-02 25 25 0 215.79026 15 25 25
231 15 7.86429e-01 -2.58447e-03 1.00000e-03 -2.40893e-02 26 26 0 230.09882 4 26 26
231 15 7.86400e-01 -5.42726e-03 2.10000e-03 -2.40843e-02 26 26 0 230.09894 4 26 26
231 15 7.86342e-01 -8.55402e-03 3.31000e-03 -2.40747e-02 26 26 0 230.09916 4 26 26
231 15 7.86250e-01 -1.19929e-02 4.64100e-03 -2.40592e-02 26 26 0 230.09952 4 26 26
231 15 7.86112e-01 -1.57746e-02 6.10510e-03 -2.40361e-02 26 26 0 230.10004 4 26 26
231 15 7.85918e-01 -1.99330e-02 7.71561e-03 -2.40035e-02 26 26 0 230.10075 4 26 26
231 15 7.85651e-01 -2.45048e-02 9.48717e-03 -2.39590e-02 26 26 0 230.10168 4 26 26
231 15 7.85295e-01 -2.95305e-02 1.14359e-02 -2.38995e-02 26 26 0 230.10285 4 26 26
231 15 7.84825e-01 -3.50539e-02 1.35795e-02 -2.38215e-02 26 26 0 230.10427 4 26 26
231 15 7.84216e-01 -4.11230e-02 1.59374e-02 -2.37207e-02 26 26 0 230.10592 4 26 26
231 15 7.83432e-01 -4.77903e-02 1.85312e-02 -2.35918e-02 26 26 0 230.10775 4 26 26
231 15 7.82431e-01 -5.51132e-02 2.13843e-02 -2.34288e-02 26 26 0 230.10970 4 26 26
231 15 7.81163e-01 -6.31557e-02 2.45227e-02 -2.32244e-02 26 26 0 230.11170 4 26 26
231 15 7.79562e-01 -7.19901e-02 2.79750e-02 -2.29706e-02 26 26 0 230.11388 4 26 26
231 15 7.77547e-01 -8.17020e-02 3.17725e-02 -2.26586e-02 26 26 0 230.11693 4 26 26
231 15 7.75014e-01 -9.23990e-02 3.59497e-02 -2.22796e-02 26 26 0 230.12323 4 26 26
231 15 7.71823e-01 -1.04227e-01 4.05447e-02 -2.18267e-02 26 26 0 230.13918 4 26 26
231 15 7.67790e-01 -1.17386e-01 4.55992e-02 -2.12963e-02 26 26 0 230.17893 4 26 26
231 15 7.62671e-01 -1.32124e-01 5.11591e-02 -2.06855e-02 26 26 0 230.26418 4 26 26
231 15 7.56167e-01 -1.48699e-01 5.72750e-02 -1.99814e-02 26 26 0 230.41191 4 26 26
231 15 7.47909e-01 -1.67479e-01 6.40025e-02 -1.91430e-02 26 26 0 230.62584 4 26 26
232 15 7.89021e-01 -1.27201e-03 1.00000e-03 -2.20508e-02 27 27 0 248.85920 15 27 27
232 15 7.89001e-01 -2.67112e-03 2.10000e-03 -2.20466e-02 27 27 0 248.85977 15 27 27
232 15 7.88963e-01 -4.20991e-03 3.31000e-03 -2.20386e-02 27 27 0 248.86085 15 27 27
232 15 7.88901e-01 -5.90213e-03 4.64100e-03 -2.20255e-02 27 27 0 248.86260 15 27 27
232 15 7.88810e-01 -7.76283e-03 6.10510e-03 -2.20062e-02 27 27 0 248.86520 15 27 27
232 15 7.88681e-01 -9.80839e-03 7.71561e-03 -2.19787e-02 27 27 0 248.86889 15 27 27
232 15 7.88504e-01 -1.20567e-02 9.48717e-03 -2.19411e-02 27 27 0 248.87396 15 27 27
232 15 7.88268e-01 -1.45270e-02 1.14359e-02 -2.18908e-02 27 27 0 248.88075 15 27 27
232 15 7.87957e-01 -1.72402e-02 1.35795e-02 -2.18245e-02 27 27 0 248.88971 15 27 27
232 15 7.87554e-01 -2.02186e-02 1.59374e-02 -2.17382e-02 27 27 0 248.90142 15 27 27
232 15 7.87037e-01 -2.34861e-02 1.85312e-02 -2.16271e-02 27 27 0 248.91659 15 27 27
232 15 7.86378e-01 -2.70675e-02 2.13843e-02 -2.14850e-02 27 27 0 248.93614 15 27 27
232 15 7.85547e-01 -3.09881e-02 2.45227e-02 -2.13044e-02 27 27 0 248.96133 15 27 27
232 15 7.84503e-01 -3.52730e-02 2.79750e-02 -2.10755e-02 27 27 0 248.99389 15 27 27
232 15 7.83201e-01 -3.99446e-02 3.17725e-02 -2.07864e-02 27 27 0 249.03643 15 27 27
232 15 7.81584e-01 -4.50197e-02 3.59497e-02 -2.04210e-02 27 27 0 249.09314 15 27 27
232 15 7.79590e-01 -5.05016e-02 4.05447e-02 -1.99582e-02 27 27 0 249.17152 15 27 27
232 15 7.77148e-01 -5.63668e-02 4.55992e-02 -1.93685e-02 27 27 0 249.28650 15 27 27
232 15 7.74187e-01 -6.25375e-02 5.11591e-02 -1.86088e-02 27 27 0 249.47054 15 27 27
233 15 7.91038e-01 -1.39886e-03 1.00000e-03 -2.04566e-02 28 28 0 265.89589 28 28 28
233 15 7.91019e-01 -2.93748e-03 2.10000e-03 -2.04516e-02 28 28 0 265.89776 28 28 28
233 15 7.90981e-01 -4.62967e-03 3.31000e-03 -2.04421e-02 28 28 0 265.90136 28 28 28
233 15 7.90921e-01 -6.49051e-03 4.64100e-03 -2.04267e-02 28 28 0 265.90718 28 28 28
233 15 7.90831e-01 -8.53650e-03 6.10510e-03 -2.04037e-02 28 28 0 265.91586 28 28 28
233 15 7.90704e-01 -1.07856e-02 7.71561e-03 -2.03712e-02 28 28 0 265.92818 28 28 28
233 15 7.90530e-01 -1.32573e-02 9.48717e-03 -2.03267e-02 28 28 0 265.94513 28 28 28
233 15 7.90297e-01 -1.59727e-02 1.14359e-02 -2.02671e-02 28 28 0 265.96797 28 28 28
233 15 7.89991e-01 -1.89548e-02 1.35795e-02 -2.01886e-02 28 28 0 265.99827 28 28 28
233 15 7.89594e-01 -2.22281e-02 1.59374e-02 -2.00867e-02 28 28 0 266.03806 28 28 28
233 15 7.89085e-01 -2.58188e-02 1.85312e-02 -1.99556e-02 28 28 0 266.08990 28 28 28
233 15 7.88436e-01 -2.97551e-02 2.13843e-02 -1.97884e-02 28 28 0 266.15716 28 28 28
233 15 7.87616e-01 -3.40666e-02 2.45227e-02 -1.95768e-02 28 28 0 266.24414 28 28 28
233 15 7.86584e-01 -3.87854e-02 2.79750e-02 -1.93109e-02 28 28 0 266.35642 28 28 28
233 15 7.85291e-01 -4.39475e-02 3.17725e-02 -1.89793e-02 28 28 0 266.50113 28 28 28
233 15 7.83672e-01 -4.96028e-02 3.59497e-02 -1.85700e-02 28 28 0 266.68705 28 28 28
233 15 7.81640e-01 -5.58591e-02 4.05447e-02 -1.80730e-02 28 28 0 266.92494 28 28 28
233 15 7.79057e-01 -6.30577e-02 4.55992e-02 -1.74835e-02 28 28 0 267.23040 28 28 28
233 15 7.75678e-01 -7.22520e-02 5.11591e-02 -1.67985e-02 28 28 0 267.63960 26 28 28
234 15 7.92335e-01 8.39766e-03 1.00000e-03 -1.93954e-02 4 16 1 278.61636 4 4 26
234 15 7.92183e-01 1.76463e-02 2.10000e-03 -1.93788e-02 4 16 1 278.64194 4 4 26
234 15 7.91889e-01 2.78483e-02 3.31000e-03 -1.93468e-02 4 16 1 278.69208 4 4 26
234 15 7.91411e-01 3.91268e-02 4.64100e-03 -1.92946e-02 4 16 1 278.77614 4 4 26
234 15 7.90694e-01 5.16344e-02 6.10510e-03 -1.92157e-02 4 16 1 278.90825 4 4 26
234 15 7.89664e-01 6.55691e-02 7.71561e-03 -1.91013e-02 4 16 1 279.11073 4 4 26
234 15 7.88223e-01 8.12027e-02 9.48717e-03 -1.89390e-02 4 16 1 279.42061 4 4 26
234 15 7.86225e-01 9.89407e-02 1.14359e-02 -1.87099e-02 4 16 1 279.90339 4 4 26
234 15 7.83445e-01 1.19457e-01 1.35795e-02 -1.83829e-02 4 16 1 280.68592 4 4 26
234 15 7.79470e-01 1.44070e-01 1.59374e-02 -1.78982e-02 4 16 1 282.05263 4 4 26
234 15 7.73278e-01 1.76271e-01 1.85312e-02 -1.71014e-02 4 16 1 284.85745 4 4 26
234 15 7.70215e-01 1.88539e-01 2.13843e-02 -1.66574e-02 4 16 1 286.71492 4 4 30
234 15 7.70164e-01 1.85386e-01 2.45227e-02 -1.65662e-02 4 17 1 286.98044 4 4 28
234 15 7.69868e-01 1.82824e-01 2.79750e-02 -1.63595e-02 4 21 1 287.56239 4 7 29
234 15 7.68975e-01 1.83001e-01 3.17725e-02 -1.58801e-02 6 27 1 289.01800 4 7 29
234 15 7.67408e-01 1.86491e-01 3.59497e-02 -1.50246e-02 6 29 1 291.77531 4 7 29
235 15 7.96645e-01 -1.39593e-03 1.00000e-03 -1.60059e-02 31 31 0 329.65354 25 31 31
235 15 7.96622e-01 -2.93156e-03 2.10000e-03 -1.60035e-02 31 31 0 329.65792 25 31 31
235 15 7.96579e-01 -4.62101e-03 3.31000e-03 -1.59989e-02 31 31 0 329.66632 25 31 31
235 15 7.96509e-01 -6.47992e-03 4.64100e-03 -1.59914e-02 31 31 0 329.67987 25 31 31
235 15 7.96405e-01 -8.52559e-03 6.10510e-03 -1.59802e-02 31 31 0 329.69994 25 31 31
235 15 7.96258e-01 -1.07772e-02 7.71561e-03 -1.59643e-02 31 31 0 329.72819 25 31 31
235 15 7.96056e-01 -1.32561e-02 9.48717e-03 -1.59426e-02 31 31 0 329.76660 25 31 31
235 15 7.95787e-01 -1.59862e-02 1.14359e-02 -1.59134e-02 31 31 0 329.81748 25 31 31
235 15 7.95432e-01 -1.89943e-02 1.35795e-02 -1.58749e-02 31 31 0 329.88350 25 31 31
235 15 7.94971e-01 -2.23103e-02 1.59374e-02 -1.58246e-02 31 31 0 329.96767 25 31 31
235 15 7.94380e-01 -2.59687e-02 1.85312e-02 -1.57596e-02 31 31 0 330.07321 25 31 31
235 15 7.93625e-01 -3.00088e-02 2.13843e-02 -1.56761e-02 31 31 0 330.20336 25 31 31
235 15 7.92670e-01 -3.44760e-02 2.45227e-02 -1.55692e-02 31 31 0 330.36098 25 31 31
235 15 7.91467e-01 -3.94238e-02 2.79750e-02 -1.54329e-02 31 31 0 330.54783 25 31 31
235 15 7.89959e-01 -4.49158e-02 3.17725e-02 -1.52592e-02 31 31 0 330.76349 25 31 31
235 15 7.88075e-01 -5.10286e-02 3.59497e-02 -1.50380e-02 31 31 0 331.00360 25 31 31
235 15 7.85728e-01 -5.78630e-02 4.05447e-02 -1.47555e-02 31 31 0 331.25787 25 31 31
235 15 7.82804e-01 -6.57038e-02 4.55992e-02 -1.43876e-02 31 31 0 331.51138 25 31 31
236 15 7.97918e-01 -1.35010e-03 1.00000e-03 -1.49910e-02 32 32 0 348.99092 22 32 32
236 15 7.97896e-01 -2.83516e-03 2.10000e-03 -1.49884e-02 32 32 0 348.99219 22 32 32
236 15 7.97854e-01 -4.46858e-03 3.31000e-03 -1.49834e-02 32 32 0 348.99461 22 32 32
236 15 7.97785e-01 -6.26509e-03 4.64100e-03 -1.49753e-02 32 32 0 348.99852 22 32 32
236 15 7.97684e-01 -8.24081e-03 6.10510e-03 -1.49632e-02 32 32 0 349.00431 22 32 32
236 15 7.97540e-01 -1.04134e-02 7.71561e-03 -1.49461e-02 32 32 0 349.01247 22 32 32
236 15 7.97344e-01 -1.28022e-02 9.48717e-03 -1.49227e-02 32 32 0 349.02356 22 32 32
236 15 7.97081e-01 -1.54283e-02 1.14359e-02 -1.48914e-02 32 32 0 349.03826 22 32 32
236 15 7.96735e-01 -1.83147e-02 1.35795e-02 -1.48503e-02 32 32 0 349.05735 22 32 32
236 15 7.96286e-01 -2.14865e-02 1.59374e-02 -1.47968e-02 32 32 0 349.08173 22 32 32
236 15 7.95709e-01 -2.49709e-02 1.85312e-02 -1.47281e-02 32 32 0 349.11237 21 32 32
236 15 7.94974e-01 -2.87973e-02 2.13843e-02 -1.46405e-02 32 32 0 349.15031 21 32 32
236 15 7.94043e-01 -3.29976e-02 2.45227e-02 -1.45296e-02 32 32 0 349.19653 20 32 32
236 15 7.92873e-01 -3.76059e-02 2.79750e-02 -1.43897e-02 32 32 0 349.25187 20 32 32
236 15 7.91407e-01 -4.26591e-02 3.17725e-02 -1.42138e-02 32 32 0 349.31677 20 32 32
236 15 7.89579e-01 -4.81967e-02 3.59497e-02 -1.39927e-02 32 32 0 349.39103 20 32 32
236 15 7.87309e-01 -5.42598e-02 4.05447e-02 -1.37139e-02 32 32 0 349.47373 20 32 32
236 15 7.84508e-01 -6.08788e-02 4.55992e-02 -1.33577e-02 32 32 0 349.56519 20 32 32
236 15 7.81097e-01 -6.79365e-02 5.11591e-02 -1.28829e-02 32 32 0 349.68251 20 32 32
237 15 8.01090e-01 -2.43988e-03 1.00000e-03 -1.24527e-02 35 35 0 409.82972 5 35 35
237 15 8.01061e-01 -5.12391e-03 2.10000e-03 -1.24487e-02 35 35 0 409.83041 5 35 35
237 15 8.01006e-01 -8.07679e-03 3.31000e-03 -1.24409e-02 35 35 0 409.83175 5 35 35
237 15 8.00916e-01 -1.13258e-02 4.64100e-03 -1.24283e-02 35 35 0 409.83396 5 35 35
237 15 8.00783e-01 -1.49011e-02 6.10510e-03 -1.24096e-02 35 35 0 409.83732 5 35 35
237 15 8.00594e-01 -1.88362e-02 7.71561e-03 -1.23831e-02 35 35 0 409.84227 5 35 35
237 15 8.00335e-01 -2.31684e-02 9.48717e-03 -1.23468e-02 35 35 0 409.84939 5 35 35
237 15 7.99989e-01 -2.79393e-02 1.14359e-02 -1.22980e-02 35 35 0 409.85958 5 35 35
237 15 7.99533e-01 -3.31954e-02 1.35795e-02 -1.22337e-02 35 35 0 409.87419 5 35 35
237 15 7.98941e-01 -3.89894e-02 1.59374e-02 -1.21498e-02 35 35 0 409.89529 5 35 35
237 15 7.98179e-01 -4.53811e-02 1.85312e-02 -1.20414e-02 35 35 0 409.92621 5 35 35
237 15 7.97207e-01 -5.24395e-02 2.13843e-02 -1.19022e-02 35 35 0 409.97233 5 35 35
237 15 7.95974e-01 -6.02452e-02 2.45227e-02 -1.17241e-02 35 35 0 410.04264 5 35 35
237 15 7.94418e-01 -6.88935e-02 2.79750e-02 -1.14970e-02 35 35 0 410.15243 5 35 35
237 15 7.92461e-01 -7.84992e-02 3.17725e-02 -1.12076e-02 35 35 0 410.32793 5 35 35
237 15 7.90006e-01 -8.91966e-02 3.59497e-02 -1.08386e-02 35 35 0 410.61315 5 35 35
237 15 7.86933e-01 -1.01124e-01 4.05447e-02 -1.03692e-02 35 35 0 411.07426 5 35 35
237 15 7.83096e-01 -1.14354e-01 4.55992e-02 -9.77896e-03 35 35 0 411.77803 5 35 35
238 15 8.04178e-01 -1.70585e-03 1.00000e-03 -9.97595e-03 38 38 0 496.07327 10 38 38
238 15 8.04153e-01 -3.58222e-03 2.10000e-03 -9.97400e-03 38 38 0 496.09007 10 38 38
238 15 8.04105e-01 -5.64606e-03 3.31000e-03 -9.97027e-03 38 38 0 496.12215 10 38 38
238 15 8.04027e-01 -7.91601e-03 4.64100e-03 -9.96420e-03 38 38 0 496.17351 10 38 38
238 15 8.03912e-01 -1.04126e-02 6.10510e-03 -9.95513e-03 38 38 0 496.24874 10 38 38
238 15 8.03750e-01 -1.31585e-02 7.71561e-03 -9.94218e-03 38 38 0 496.35282 10 38 38
238 15 8.03527e-01 -1.61789e-02 9.48717e-03 -9.92424e-03 38 38 0 496.49087 10 38 38
238 15 8.03230e-01 -1.95025e-02 1.14359e-02 -9.89986e-03 38 38 0 496.66750 10 38 38
238 15 8.02840e-01 -2.31621e-02 1.35795e-02 -9.86711e-03 38 38 0 496.88578 10 38 38
238 15 8.02334e-01 -2.71970e-02 1.59374e-02 -9.82349e-03 38 38 0 497.14568 10 38 38
238 15 8.01685e-01 -3.16557e-02 1.85312e-02 -9.76566e-03 38 38 0 497.44197 10 38 38
239 15 8.06087e-01 -1.38253e-03 1.00000e-03 -8.43948e-03 41 41 0 572.47852 19 41 41
239 15 8.06064e-01 -2.90333e-03 2.10000e-03 -8.43718e-03 41 41 0 572.47894 19 41 41
239 15 8.06021e-01 -4.57633e-03 3.31000e-03 -8.43276e-03 41 41 0 572.47973 19 41 41
239 15 8.05952e-01 -6.41696e-03 4.64100e-03 -8.42563e-03 41 41 0 572.48096 19 41 41
239 15 8.05849e-01 -8.44253e-03 6.10510e-03 -8.41505e-03 41 41 0 572.48270 19 41 41
239 15 8.05703e-01 -1.06728e-02 7.71561e-03 -8.40013e-03 41 41 0 572.48499 19 41 41
239 15 8.05503e-01 -1.31310e-02 9.48717e-03 -8.37980e-03 41 41 0 572.48784 19 41 41
239 15 8.05234e-01 -1.58451e-02 1.14359e-02 -8.35275e-03 41 41 0 572.49122 19 41 41
239 15 8.04880e-01 -1.88510e-02 1.35795e-02 -8.31742e-03 41 41 0 572.49511 19 41 41
239 15 8.04419e-01 -2.21960e-02 1.59374e-02 -8.27191e-03 41 41 0 572.49959 19 41 41
239 15 8.03823e-01 -2.59460e-02 1.85312e-02 -8.21395e-03 41 41 0 572.50512 21 41 41
239 15 8.03057e-01 -3.01953e-02 2.13843e-02 -8.14078e-03 41 41 0 572.51304 19 41 41
239 15 8.02075e-01 -3.50828e-02 2.45227e-02 -8.04898e-03 41 41 0 572.52643 19 41 41
239 15 8.00816e-01 -4.08143e-02 2.79750e-02 -7.93437e-03 41 41 0 572.55158 19 41 41
239 15 7.99196e-01 -4.76952e-02 3.17725e-02 -7.79167e-03 41 41 0 572.59988 19 41 41
239 15 7.97094e-01 -5.61699e-02 3.59497e-02 -7.61444e-03 41 41 0 572.68952 19 41 41
239 15 7.94333e-01 -6.68726e-02 4.05447e-02 -7.39532e-03 39 41 0 572.84533 15 41 41
240 15 8.08713e-01 -1.46017e-03 1.00000e-03 -6.31916e-03 46 46 0 732.63480 30 46 46
240 15 8.08689e-01 -3.06645e-03 2.10000e-03 -6.31763e-03 46 46 0 732.65007 30 46 46
240 15 8.08644e-01 -4.83358e-03 3.31000e-03 -6.31469e-03 46 46 0 732.67929 30 46 46
240 15 8.08570e-01 -6.77783e-03 4.64100e-03 -6.30993e-03 46 46 0 732.72626 30 46 46
240 15 8.08461e-01 -8.91713e-03 6.10510e-03 -6.30284e-03 46 46 0 732.79552 30 46 46
240 15 8.08306e-01 -1.12712e-02 7.71561e-03 -6.29277e-03 46 46 0 732.89230 30 46 46
240 15 8.08094e-01 -1.38617e-02 9.48717e-03 -6.27891e-03 46 46 0 733.02250 30 46 46
240 15 8.07811e-01 -1.67122e-02 1.14359e-02 -6.26026e-03 46 46 0 733.19245 30 46 46
240 15 8.07439e-01 -1.98478e-02 1.35795e-02 -6.23552e-03 46 46 0 733.40846 30 46 46
240 15 8.06956e-01 -2.32951e-02 1.59374e-02 -6.20306e-03 46 46 0 733.67595 30 46 46
240 15 8.06336e-01 -2.70807e-02 1.85312e-02 -6.16079e-03 46 46 0 733.99793 30 46 46
240 15 8.05547e-01 -3.12295e-02 2.13843e-02 -6.10601e-03 46 46 0 734.37278 30 46 46
240 15 8.04552e-01 -3.57625e-02 2.45227e-02 -6.03524e-03 46 46 0 734.79113 30 46 46
240 15 8.03304e-01 -4.06939e-02 2.79750e-02 -5.94390e-03 46 46 0 735.23245 32 46 46
240 15 8.01749e-01 -4.60399e-02 3.17725e-02 -5.82530e-03 46 46 0 735.66401 32 46 46
241 15 8.11241e-01 -2.19688e-03 1.00000e-03 -4.26970e-03 42 54 0 1021.40430 6 54 54
241 15 8.11212e-01 -4.61513e-03 2.10000e-03 -4.26813e-03 42 54 0 1021.40963 6 54 54
241 15 8.11156e-01 -7.27938e-03 3.31000e-03 -4.26511e-03 42 54 0 1021.41976 6 54 54
241 15 8.11065e-01 -1.02180e-02 4.64100e-03 -4.26021e-03 40 54 0 1021.43585 6 54 54
241 15 8.10930e-01 -1.34641e-02 6.10510e-03 -4.25291e-03 40 54 0 1021.45914 6 54 54
241 15 8.10738e-01 -1.70563e-02 7.71561e-03 -4.24255e-03 36 54 0 1021.49076 6 54 54
241 15 8.10473e-01 -2.10408e-02 9.48717e-03 -4.22830e-03 36 54 0 1021.53152 6 54 54
241 15 8.10118e-01 -2.54735e-02 1.14359e-02 -4.20910e-03 36 54 0 1021.58139 6 54 54
241 15 8.09648e-01 -3.04228e-02 1.35795e-02 -4.18361e-03 36 54 0 1021.63867 6 54 54
242 15 8.13614e-01 -2.15637e-03 1.00000e-03 -2.34199e-03 22 68 0 1694.34916 7 62 68
242 15 8.13585e-01 -4.54971e-03 2.10000e-03 -2.34095e-03 21 68 0 1694.39012 7 62 68
