1 997 0 -1 0.01 -0.3333321317 1 1 0 3.091141 0 0 1
2 997 0 -1 0.01 -0.3333285270 2 2 0 6.182281 0 0 2
3 997 0 -1 0.01 -0.3333225190 3 3 0 9.273422 0 0 3
4 997 0 -1 0.01 -0.3333141079 4 4 0 12.364562 0 0 4
5 997 0 -1 0.01 -0.3333032935 5 5 0 15.455703 0 0 5
6 997 0 -1 0.01 -0.3332900760 6 6 0 18.546843 0 0 6
7 997 0 -1 0.01 -0.3332744553 7 7 0 21.637984 0 0 7
8 997 0 -1 0.01 -0.3332564314 8 8 0 24.729124 0 0 8
9 997 0 -1 0.01 -0.3332360043 9 9 0 27.820265 0 0 9
10 997 0 -1 0.01 -0.3332131741 10 10 0 30.911406 0 0 10
11 997 0 -1 0.01 -0.3331879406 11 11 0 34.002546 0 0 11
12 997 0 -1 0.01 -0.3331603040 12 12 0 37.093687 0 0 12
13 997 0 -1 0.01 -0.3331302642 13 13 0 40.184827 0 0 13
14 997 0 -1 0.01 -0.3330978212 14 14 0 43.275968 0 0 14
15 997 0 -1 0.01 -0.3330629750 15 15 0 46.367108 0 0 15
16 997 0 -1 0.01 -0.3330257257 16 16 0 49.458249 0 0 16
17 997 0 -1 0.01 -0.3329860731 17 17 0 52.549389 0 0 17
18 997 0 -1 0.01 -0.3329440174 18 18 0 55.640530 0 0 18
19 997 0 -1 0.01 -0.3328995584 19 19 0 58.731671 0 0 19
20 997 0 -1 0.01 -0.3328526963 20 20 0 61.822811 0 0 20
21 997 0 -1 0.01 -0.3328034310 21 21 0 64.913952 0 0 21
22 997 0 -1 0.01 -0.3327517626 22 22 0 68.005092 0 0 22
23 997 0 -1 0.01 -0.3326976909 23 23 0 71.096233 0 0 23
24 997 0 -1 0.01 -0.3326412161 24 24 0 74.187373 0 0 24
25 997 0 -1 0.01 -0.3325823380 25 25 0 77.278514 0 0 25
26 997 0 -1 0.01 -0.3325210568 26 26 0 80.369654 0 0 26
27 997 0 -1 0.01 -0.3324573724 27 27 0 83.460795 0 0 27
28 997 0 -1 0.01 -0.3323912848 28 28 0 86.551936 0 0 28
29 997 0 -1 0.01 -0.3323227941 29 29 0 89.643076 0 0 29
30 997 0 -1 0.01 -0.3322519001 30 30 0 92.734217 0 0 30
31 997 0 -1 0.01 -0.3321786030 31 31 0 95.825357 0 0 31
32 997 0 -1 0.01 -0.3321029026 32 32 0 98.916498 0 0 32
33 997 0 -1 0.01 -0.3320247991 33 33 0 102.007638 0 0 33
34 997 0 -1 0.01 -0.3319442924 34 34 0 105.098779 0 0 34
35 997 0 -1 0.01 -0.3318613825 35 35 0 108.189919 0 0 35
36 997 0 -1 0.01 -0.3317760695 36 36 0 111.281060 0 0 36
37 997 0 -1 0.01 -0.3316883532 37 37 0 114.372201 0 0 37
38 997 0 -1 0.01 -0.3315982338 38 38 0 117.463341 0 0 38
39 997 0 -1 0.01 -0.3315057112 39 39 0 120.554482 0 0 39
40 997 0 -1 0.01 -0.3314107854 40 40 0 123.645622 0 0 40
41 997 0 -1 0.01 -0.3313134564 41 41 0 126.736763 0 0 41
42 997 0 -1 0.01 -0.3312137242 42 42 0 129.827903 0 0 42
43 997 0 -1 0.01 -0.3311115888 43 43 0 132.919044 0 0 43
44 997 0 -1 0.01 -0.3310070503 44 44 0 136.010184 0 0 44
45 997 0 -1 0.01 -0.3309001086 45 45 0 139.101325 0 0 45
46 997 0 -1 0.01 -0.3307907636 46 46 0 142.192466 0 0 46
47 997 0 -1 0.01 -0.3306790155 47 47 0 145.283606 0 0 47
48 997 0 -1 0.01 -0.3305648643 48 48 0 148.374747 0 0 48
49 997 0 -1 0.01 -0.3304483098 49 49 0 151.465887 0 0 49
50 997 0 -1 0.01 -0.3303293521 50 50 0 154.557028 0 0 50
51 997 0 -1 0.01 -0.3302079913 51 51 0 157.648168 0 0 51
1 997 0 0 0 -0.3333087193 1 1 1 13.990448 1 0 1
2 997 0 0 0 -0.3332348772 2 2 1 27.980895 2 0 2
3 997 0 0 0 -0.3331118070 3 3 1 41.971343 3 0 3
4 997 0 0 0 -0.3329395087 4 4 1 55.961790 4 0 4
5 997 0 0 0 -0.3327179823 5 5 1 69.952238 5 0 5
6 997 0 0 0 -0.3324472279 6 6 1 83.942685 6 0 6
7 997 0 0 0 -0.3321272454 7 7 1 97.933133 7 0 7
8 997 0 0 0 -0.3317580347 8 8 1 111.923580 8 0 8
9 997 0 0 0 -0.3313395961 9 9 1 125.914028 9 0 9
10 997 0 0 0 -0.3308719293 10 10 1 139.904475 10 0 10
11 997 0 0 0 -0.3303550344 11 11 1 153.894923 11 0 11
12 997 0 0 0 -0.3297889115 12 12 1 167.885370 12 0 12
13 997 0 0 0 -0.3291735605 13 13 1 181.875818 13 0 13
14 997 0 0 0 -0.3285089814 14 14 1 195.866265 14 0 14
15 997 0 0 0 -0.3277951742 15 15 1 209.856713 15 0 15
16 997 0 0 0 -0.3270321390 16 16 1 223.847160 16 0 16
17 997 0 0 0 -0.3262198757 17 17 1 237.837608 17 0 17
18 997 0 0 0 -0.3253583842 18 18 1 251.828055 18 0 18
19 997 0 0 0 -0.3244476647 19 19 1 265.818503 19 0 19
20 997 0 0 0 -0.3234877172 20 20 1 279.808950 20 0 20
21 997 0 0 0 -0.3224785415 21 21 1 293.799398 21 0 21
22 997 0 0 0 -0.3214201378 22 22 1 307.789845 22 0 22
23 997 0 0 0 -0.3203125060 23 23 1 321.780293 23 0 23
24 997 0 0 0 -0.3191556461 24 24 1 335.770740 24 0 24
25 997 0 0 0 -0.3179495581 25 25 1 349.761188 25 0 25
26 997 0 0 0 -0.3166942420 26 26 1 363.751635 26 0 26
27 997 0 0 0 -0.3153896979 27 27 1 377.742083 27 0 27
28 997 0 0 0 -0.3140359256 28 28 1 391.732530 28 0 28
29 997 0 0 0 -0.3126329253 29 29 1 405.722978 29 0 29
30 997 0 0 0 -0.3111806970 30 30 1 419.713425 30 0 30
31 997 0 0 0 -0.3096792405 31 31 1 433.703873 31 0 31
32 997 0 0 0 -0.3081285559 32 32 1 447.694320 32 0 32
33 997 0 0 0 -0.3065286433 33 33 1 461.684768 33 0 33
34 997 0 0 0 -0.3048795026 34 34 1 475.675215 34 0 34
35 997 0 0 0 -0.3031811338 35 35 1 489.665663 35 0 35
36 997 0 0 0 -0.3014335370 36 36 1 503.656110 36 0 36
37 997 0 0 0 -0.2996367120 37 37 1 517.646558 37 0 37
38 997 0 0 0 -0.2977906590 38 38 1 531.637005 38 0 38
39 997 0 0 0 -0.2958953779 39 39 1 545.627453 39 0 39
40 997 0 0 0 -0.2939508687 40 40 1 559.617901 40 0 40
41 997 0 0 0 -0.2919571314 41 41 1 573.608348 41 0 41
42 997 0 0 0 -0.2899141660 42 42 1 587.598796 42 0 42
43 997 0 0 0 -0.2878219726 43 43 1 601.589243 43 0 43
44 997 0 0 0 -0.2856805511 44 44 1 615.579691 44 0 44
45 997 0 0 0 -0.2834899015 45 45 1 629.570138 45 0 45
46 997 0 0 0 -0.2812500238 46 46 1 643.560586 46 0 46
47 997 0 0 0 -0.2789609181 47 47 1 657.551033 47 0 47
48 997 0 0 0 -0.2766225842 48 48 1 671.541481 48 0 48
49 997 0 0 0 -0.2742350223 49 49 1 685.531928 49 0 49
50 997 0 0 0 -0.2717982323 50 50 1 699.522376 50 0 50
51 997 0 0 0 -0.2693122142 51 51 1 713.512823 51 0 51
