0 47 3.28571e-02 -1.59655e-03 1.00000e-03 -3.32787e-01 1 1 0 3.09304 1 1 1
0 47 3.28565e-02 -3.35275e-03 2.10000e-03 -3.32766e-01 1 1 0 3.09307 1 1 1
0 47 3.28553e-02 -5.28456e-03 3.31000e-03 -3.32725e-01 1 1 0 3.09312 1 1 1
0 47 3.28534e-02 -7.40952e-03 4.64100e-03 -3.32659e-01 1 1 0 3.09320 1 1 1
0 47 3.28505e-02 -9.74694e-03 6.10510e-03 -3.32560e-01 1 1 0 3.09332 1 1 1
0 47 3.28465e-02 -1.23180e-02 7.71561e-03 -3.32420e-01 1 1 0 3.09349 1 1 1
0 47 3.28410e-02 -1.51462e-02 9.48717e-03 -3.32229e-01 1 1 0 3.09372 1 1 1
0 47 3.28336e-02 -1.82570e-02 1.14359e-02 -3.31974e-01 1 1 0 3.09403 1 1 1
0 47 3.28238e-02 -2.16786e-02 1.35795e-02 -3.31638e-01 1 1 0 3.09444 1 1 1
0 47 3.28112e-02 -2.54421e-02 1.59374e-02 -3.31201e-01 1 1 0 3.09497 1 1 1
0 47 3.27950e-02 -2.95816e-02 1.85312e-02 -3.30641e-01 1 1 0 3.09565 1 1 1
0 47 3.27743e-02 -3.41344e-02 2.13843e-02 -3.29927e-01 1 1 0 3.09651 1 1 1
0 47 3.27480e-02 -3.91417e-02 2.45227e-02 -3.29024e-01 1 1 0 3.09761 1 1 1
0 47 3.27150e-02 -4.46486e-02 2.79750e-02 -3.27888e-01 1 1 0 3.09900 1 1 1
0 47 3.26736e-02 -5.07045e-02 3.17725e-02 -3.26467e-01 1 1 0 3.10074 1 1 1
0 47 3.26219e-02 -5.73638e-02 3.59497e-02 -3.24694e-01 1 1 0 3.10291 1 1 1
0 47 3.25574e-02 -6.46861e-02 4.05447e-02 -3.22492e-01 1 1 0 3.10561 1 1 1
0 47 3.24773e-02 -7.27364e-02 4.55992e-02 -3.19764e-01 1 1 0 3.10898 1 1 1
0 47 3.23779e-02 -8.15861e-02 5.11591e-02 -3.16395e-01 1 1 0 3.11317 1 1 1
0 47 3.22549e-02 -9.13130e-02 5.72750e-02 -3.12242e-01 1 1 0 3.11836 1 1 1
0 47 3.21025e-02 -1.02002e-01 6.40025e-02 -3.07134e-01 1 1 0 3.12480 1 1 1
1 47 6.55519e-02 -1.59637e-03 1.00000e-03 -3.31179e-01 2 2 0 6.19744 2 2 2
1 47 6.55507e-02 -3.35238e-03 2.10000e-03 -3.31157e-01 2 2 0 6.19750 2 2 2
1 47 6.55483e-02 -5.28397e-03 3.31000e-03 -3.31116e-01 2 2 0 6.19760 2 2 2
1 47 6.55445e-02 -7.40870e-03 4.64100e-03 -3.31050e-01 2 2 0 6.19776 2 2 2
1 47 6.55388e-02 -9.74587e-03 6.10510e-03 -3.30952e-01 2 2 0 6.19800 2 2 2
1 47 6.55308e-02 -1.23167e-02 7.71561e-03 -3.30813e-01 2 2 0 6.19833 2 2 2
1 47 6.55198e-02 -1.51445e-02 9.48717e-03 -3.30622e-01 2 2 0 6.19880 2 2 2
1 47 6.55051e-02 -1.82549e-02 1.14359e-02 -3.30367e-01 2 2 0 6.19942 2 2 2
1 47 6.54857e-02 -2.16762e-02 1.35795e-02 -3.30032e-01 2 2 0 6.20023 2 2 2
1 47 6.54606e-02 -2.54393e-02 1.59374e-02 -3.29597e-01 2 2 0 6.20129 2 2 2
1 47 6.54283e-02 -2.95784e-02 1.85312e-02 -3.29038e-01 2 2 0 6.20265 2 2 2
1 47 6.53871e-02 -3.41307e-02 2.13843e-02 -3.28327e-01 2 2 0 6.20439 2 2 2
1 47 6.53349e-02 -3.91374e-02 2.45227e-02 -3.27426e-01 2 2 0 6.20659 2 2 2
1 47 6.52692e-02 -4.46436e-02 2.79750e-02 -3.26294e-01 2 2 0 6.20936 2 2 2
1 47 6.51868e-02 -5.06989e-02 3.17725e-02 -3.24876e-01 2 2 0 6.21284 2 2 2
1 47 6.50839e-02 -5.73575e-02 3.59497e-02 -3.23109e-01 2 2 0 6.21719 2 2 2
1 47 6.49557e-02 -6.46790e-02 4.05447e-02 -3.20913e-01 2 2 0 6.22261 2 2 2
1 47 6.47963e-02 -7.27285e-02 4.55992e-02 -3.18193e-01 2 2 0 6.22935 2 2 2
1 47 6.45986e-02 -8.15772e-02 5.11591e-02 -3.14833e-01 2 2 0 6.23773 2 2 2
1 47 6.43537e-02 -9.13030e-02 5.72750e-02 -3.10692e-01 2 2 0 6.24812 2 2 2
1 47 6.40505e-02 -1.01991e-01 6.40025e-02 -3.05599e-01 2 2 0 6.26101 2 2 2
