29 27 5.82310e-01 -1.58110e-03 1.00000e-03 -1.63784e-01 14 14 0 58.85294 14 14 14
29 27 5.82289e-01 -3.32030e-03 2.10000e-03 -1.63775e-01 14 14 0 58.85414 14 14 14
29 27 5.82249e-01 -5.23340e-03 3.31000e-03 -1.63758e-01 14 14 0 58.85645 14 14 14
29 27 5.82183e-01 -7.33779e-03 4.64100e-03 -1.63730e-01 14 14 0 58.86018 14 14 14
29 27 5.82086e-01 -9.65257e-03 6.10510e-03 -1.63688e-01 14 14 0 58.86571 14 14 14
29 27 5.81949e-01 -1.21988e-02 7.71561e-03 -1.63629e-01 14 14 0 58.87350 14 14 14
29 27 5.81761e-01 -1.49995e-02 9.48717e-03 -1.63548e-01 14 14 0 58.88411 14 14 14
29 27 5.81511e-01 -1.80801e-02 1.14359e-02 -1.63439e-01 14 14 0 58.89820 14 14 14
29 27 5.81183e-01 -2.14685e-02 1.35795e-02 -1.63294e-01 14 14 0 58.91655 14 14 14
29 27 5.80761e-01 -2.51954e-02 1.59374e-02 -1.63104e-01 14 14 0 58.94006 14 14 14
29 27 5.80222e-01 -2.92945e-02 1.85312e-02 -1.62858e-01 14 14 0 58.96974 14 14 14
29 27 5.79543e-01 -3.38029e-02 2.13843e-02 -1.62541e-01 14 14 0 59.00671 14 14 14
29 27 5.78695e-01 -3.87612e-02 2.45227e-02 -1.62132e-01 14 14 0 59.05214 14 14 14
29 27 5.77644e-01 -4.42140e-02 2.79750e-02 -1.61606e-01 14 14 0 59.10714 14 14 14
29 27 5.76355e-01 -5.02104e-02 3.17725e-02 -1.60933e-01 14 14 0 59.17270 14 14 14
29 27 5.74786e-01 -5.68039e-02 3.59497e-02 -1.60069e-01 14 14 0 59.24943 14 14 14
29 27 5.72888e-01 -6.40536e-02 4.05447e-02 -1.58962e-01 14 14 0 59.33743 14 14 14
29 27 5.70605e-01 -7.20239e-02 4.55992e-02 -1.57548e-01 14 14 0 59.43612 14 14 14
29 27 5.67866e-01 -8.07852e-02 5.11591e-02 -1.55748e-01 14 14 0 59.54422 14 14 14
30 27 5.97029e-01 -1.58202e-03 1.00000e-03 -1.55105e-01 15 15 0 63.28476 15 15 15
30 27 5.97009e-01 -3.32224e-03 2.10000e-03 -1.55096e-01 15 15 0 63.28535 15 15 15
30 27 5.96970e-01 -5.23646e-03 3.31000e-03 -1.55078e-01 15 15 0 63.28646 15 15 15
30 27 5.96906e-01 -7.34207e-03 4.64100e-03 -1.55050e-01 15 15 0 63.28827 15 15 15
30 27 5.96812e-01 -9.65819e-03 6.10510e-03 -1.55008e-01 15 15 0 63.29095 15 15 15
30 27 5.96679e-01 -1.22058e-02 7.71561e-03 -1.54948e-01 15 15 0 63.29475 15 15 15
30 27 5.96496e-01 -1.50081e-02 9.48717e-03 -1.54867e-01 15 15 0 63.29995 15 15 15
30 27 5.96252e-01 -1.80904e-02 1.14359e-02 -1.54757e-01 15 15 0 63.30690 15 15 15
30 27 5.95931e-01 -2.14807e-02 1.35795e-02 -1.54614e-01 15 15 0 63.31603 15 15 15
30 27 5.95515e-01 -2.52096e-02 1.59374e-02 -1.54427e-01 15 15 0 63.32786 15 15 15
30 27 5.94980e-01 -2.93108e-02 1.85312e-02 -1.54186e-01 15 15 0 63.34304 15 15 15
30 27 5.94299e-01 -3.38214e-02 2.13843e-02 -1.53879e-01 15 15 0 63.36233 15 15 15
30 27 5.93439e-01 -3.87823e-02 2.45227e-02 -1.53490e-01 15 15 0 63.38668 15 15 15
30 27 5.92357e-01 -4.42382e-02 2.79750e-02 -1.52998e-01 15 15 0 63.41720 15 15 15
30 27 5.91004e-01 -5.02389e-02 3.17725e-02 -1.52381e-01 15 15 0 63.45524 15 15 15
30 27 5.89319e-01 -5.68397e-02 3.59497e-02 -1.51607e-01 15 15 0 63.50240 15 15 15
30 27 5.87230e-01 -6.41032e-02 4.05447e-02 -1.50640e-01 15 15 0 63.56055 15 15 15
30 27 5.84646e-01 -7.21018e-02 4.55992e-02 -1.49432e-01 15 15 0 63.63190 15 15 15
30 27 5.81460e-01 -8.09232e-02 5.11591e-02 -1.47925e-01 15 15 0 63.71895 15 15 15
30 27 5.77540e-01 -9.06811e-02 5.72750e-02 -1.46043e-01 15 15 0 63.82452 15 15 15
30 27 5.72725e-01 -1.01537e-01 6.40025e-02 -1.43690e-01 15 15 0 63.95171 15 15 15
30 27 5.66808e-01 -1.13747e-01 7.14028e-02 -1.40737e-01 15 15 0 64.10381 15 15 15
30 27 5.59510e-01 -1.27773e-01 7.95430e-02 -1.37009e-01 15 15 0 64.28435 15 15 15
30 27 5.50404e-01 -1.44557e-01 8.84973e-02 -1.32254e-01 15 15 0 64.49761 15 15 15
30 27 5.38668e-01 -1.66437e-01 9.83471e-02 -1.26041e-01 15 15 0 64.75163 15 15 15
31 27 6.13421e-01 -1.58436e-03 1.00000e-03 -1.45184e-01 16 16 0 68.88910 16 16 16
31 27 6.13402e-01 -3.32715e-03 2.10000e-03 -1.45175e-01 16 16 0 68.88950 16 16 16
31 27 6.13365e-01 -5.24419e-03 3.31000e-03 -1.45157e-01 16 16 0 68.89028 16 16 16
31 27 6.13305e-01 -7.35288e-03 4.64100e-03 -1.45127e-01 16 16 0 68.89153 16 16 16
31 27 6.13216e-01 -9.67236e-03 6.10510e-03 -1.45084e-01 16 16 0 68.89339 16 16 16
31 27 6.13089e-01 -1.22236e-02 7.71561e-03 -1.45022e-01 16 16 0 68.89603 16 16 16
31 27 6.12917e-01 -1.50299e-02 9.48717e-03 -1.44937e-01 16 16 0 68.89963 16 16 16
31 27 6.12686e-01 -1.81164e-02 1.14359e-02 -1.44824e-01 16 16 0 68.90446 16 16 16
31 27 6.12382e-01 -2.15111e-02 1.35795e-02 -1.44674e-01 16 16 0 68.91080 16 16 16
31 27 6.11987e-01 -2.52446e-02 1.59374e-02 -1.44481e-01 16 16 0 68.91903 16 16 16
31 27 6.11480e-01 -2.93506e-02 1.85312e-02 -1.44232e-01 16 16 0 68.92960 16 16 16
31 27 6.10833e-01 -3.38658e-02 2.13843e-02 -1.43915e-01 16 16 0 68.94306 16 16 16
31 27 6.10015e-01 -3.88307e-02 2.45227e-02 -1.43513e-01 16 16 0 68.96008 16 16 16
31 27 6.08986e-01 -4.42894e-02 2.79750e-02 -1.43008e-01 16 16 0 68.98147 16 16 16
31 27 6.07696e-01 -5.02904e-02 3.17725e-02 -1.42374e-01 16 16 0 69.00823 16 16 16
31 27 6.06085e-01 -5.68862e-02 3.59497e-02 -1.41584e-01 16 16 0 69.04156 16 16 16
31 27 6.04083e-01 -6.41344e-02 4.05447e-02 -1.40599e-01 16 16 0 69.08290 16 16 16
31 27 6.01598e-01 -7.20972e-02 4.55992e-02 -1.39378e-01 16 16 0 69.13402 16 16 16
31 27 5.98523e-01 -8.08419e-02 5.11591e-02 -1.37865e-01 16 16 0 69.19700 16 16 16
31 27 5.94724e-01 -9.04405e-02 5.72750e-02 -1.35993e-01 16 16 0 69.27436 16 16 16
31 27 5.90041e-01 -1.00970e-01 6.40025e-02 -1.33680e-01 16 16 0 69.36908 16 16 16
31 27 5.84273e-01 -1.12509e-01 7.14028e-02 -1.30825e-01 16 16 0 69.48463 16 16 16
31 27 5.77183e-01 -1.25141e-01 7.95430e-02 -1.27298e-01 16 16 0 69.62505 16 16 16
31 27 5.68480e-01 -1.38946e-01 8.84973e-02 -1.22937e-01 16 16 0 69.79490 16 16 16
31 27 5.57827e-01 -1.54008e-01 9.83471e-02 -1.17528e-01 16 16 0 69.99937 16 16 16
31 27 5.44849e-01 -1.70470e-01 1.09182e-01 -1.10770e-01 16 16 0 70.24480 16 16 16
31 27 5.28963e-01 -1.89179e-01 1.21100e-01 -1.02212e-01 16 16 0 70.54358 16 16 16
