36 47 2.50177e-01 -1.59313e-03 1.00000e-03 -3.02033e-01 8 8 0 25.66819 8 8 8
36 47 2.50172e-01 -3.34556e-03 2.10000e-03 -3.02013e-01 8 8 0 25.66841 8 8 8
36 47 2.50164e-01 -5.27323e-03 3.31000e-03 -3.01974e-01 8 8 0 25.66881 8 8 8
36 47 2.50150e-01 -7.39364e-03 4.64100e-03 -3.01911e-01 8 8 0 25.66947 8 8 8
36 47 2.50130e-01 -9.72605e-03 6.10510e-03 -3.01817e-01 8 8 0 25.67046 8 8 8
36 47 2.50101e-01 -1.22916e-02 7.71561e-03 -3.01685e-01 8 8 0 25.67185 8 8 8
36 47 2.50062e-01 -1.51137e-02 9.48717e-03 -3.01504e-01 8 8 0 25.67375 8 8 8
36 47 2.50009e-01 -1.82178e-02 1.14359e-02 -3.01261e-01 8 8 0 25.67630 8 8 8
36 47 2.49940e-01 -2.16321e-02 1.35795e-02 -3.00942e-01 8 8 0 25.67965 8 8 8
36 47 2.49850e-01 -2.53876e-02 1.59374e-02 -3.00528e-01 8 8 0 25.68400 8 8 8
36 47 2.49735e-01 -2.95182e-02 1.85312e-02 -2.99997e-01 8 8 0 25.68960 8 8 8
36 47 2.49587e-01 -3.40613e-02 2.13843e-02 -2.99320e-01 8 8 0 25.69674 8 8 8
36 47 2.49401e-01 -3.90578e-02 2.45227e-02 -2.98463e-01 8 8 0 25.70578 8 8 8
36 47 2.49165e-01 -4.45529e-02 2.79750e-02 -2.97386e-01 8 8 0 25.71717 8 8 8
36 47 2.48870e-01 -5.05959e-02 3.17725e-02 -2.96038e-01 8 8 0 25.73146 8 8 8
36 47 2.48500e-01 -5.72410e-02 3.59497e-02 -2.94357e-01 8 8 0 25.74932 8 8 8
36 47 2.48039e-01 -6.45476e-02 4.05447e-02 -2.92269e-01 8 8 0 25.77159 8 8 8
36 47 2.47465e-01 -7.25807e-02 4.55992e-02 -2.89683e-01 8 8 0 25.79928 8 8 8
36 47 2.46751e-01 -8.14115e-02 5.11591e-02 -2.86490e-01 8 8 0 25.83367 8 8 8
36 47 2.45862e-01 -9.11177e-02 5.72750e-02 -2.82556e-01 8 8 0 25.87632 8 8 8
36 47 2.44757e-01 -1.01784e-01 6.40025e-02 -2.77719e-01 8 8 0 25.92919 8 8 8
36 47 2.43378e-01 -1.13502e-01 7.14028e-02 -2.71784e-01 8 8 0 25.99472 8 8 8
36 47 2.41652e-01 -1.26373e-01 7.95430e-02 -2.64515e-01 8 8 0 26.07600 8 8 8
36 47 2.39477e-01 -1.40503e-01 8.84973e-02 -2.55629e-01 8 8 0 26.17694 8 8 8
36 47 2.36711e-01 -1.56009e-01 9.83471e-02 -2.44787e-01 8 8 0 26.30253 8 8 8
36 47 2.33144e-01 -1.73014e-01 1.09182e-01 -2.31585e-01 8 8 0 26.45927 8 8 8
37 47 2.77947e-01 -1.59230e-03 1.00000e-03 -2.94700e-01 9 9 0 29.14573 9 9 9
37 47 2.77942e-01 -3.34381e-03 2.10000e-03 -2.94680e-01 9 9 0 29.14597 9 9 9
37 47 2.77933e-01 -5.27047e-03 3.31000e-03 -2.94641e-01 9 9 0 29.14643 9 9 9
37 47 2.77918e-01 -7.38977e-03 4.64100e-03 -2.94579e-01 9 9 0 29.14719 9 9 9
37 47 2.77896e-01 -9.72097e-03 6.10510e-03 -2.94487e-01 9 9 0 29.14830 9 9 9
37 47 2.77865e-01 -1.22852e-02 7.71561e-03 -2.94356e-01 9 9 0 29.14988 9 9 9
37 47 2.77822e-01 -1.51058e-02 9.48717e-03 -2.94177e-01 9 9 0 29.15205 9 9 9
37 47 2.77765e-01 -1.82083e-02 1.14359e-02 -2.93937e-01 9 9 0 29.15495 9 9 9
37 47 2.77690e-01 -2.16209e-02 1.35795e-02 -2.93622e-01 9 9 0 29.15876 9 9 9
37 47 2.77592e-01 -2.53744e-02 1.59374e-02 -2.93213e-01 9 9 0 29.16371 9 9 9
37 47 2.77466e-01 -2.95029e-02 1.85312e-02 -2.92687e-01 9 9 0 29.17008 9 9 9
37 47 2.77306e-01 -3.40437e-02 2.13843e-02 -2.92018e-01 9 9 0 29.17820 9 9 9
37 47 2.77102e-01 -3.90379e-02 2.45227e-02 -2.91172e-01 9 9 0 29.18848 9 9 9
37 47 2.76846e-01 -4.45306e-02 2.79750e-02 -2.90107e-01 9 9 0 29.20144 9 9 9
37 47 2.76524e-01 -5.05712e-02 3.17725e-02 -2.88774e-01 9 9 0 29.21769 9 9 9
37 47 2.76122e-01 -5.72144e-02 3.59497e-02 -2.87113e-01 9 9 0 29.23801 9 9 9
37 47 2.75619e-01 -6.45199e-02 4.05447e-02 -2.85050e-01 9 9 0 29.26334 9 9 9
37 47 2.74994e-01 -7.25536e-02 4.55992e-02 -2.82494e-01 9 9 0 29.29484 9 9 9
37 47 2.74215e-01 -8.13881e-02 5.11591e-02 -2.79338e-01 9 9 0 29.33395 9 9 9
37 47 2.73246e-01 -9.11032e-02 5.72750e-02 -2.75450e-01 9 9 0 29.38246 9 9 9
37 47 2.72041e-01 -1.01787e-01 6.40025e-02 -2.70668e-01 9 9 0 29.44261 9 9 9
37 47 2.70539e-01 -1.13539e-01 7.14028e-02 -2.64800e-01 9 9 0 29.51718 9 9 9
37 47 2.68663e-01 -1.26467e-01 7.95430e-02 -2.57611e-01 9 9 0 29.60971 9 9 9
37 47 2.66310e-01 -1.40696e-01 8.84973e-02 -2.48816e-01 9 9 0 29.72471 9 9 9
37 47 2.63341e-01 -1.56364e-01 9.83471e-02 -2.38074e-01 9 9 0 29.86795 9 9 9
37 47 2.59562e-01 -1.73631e-01 1.09182e-01 -2.24970e-01 9 9 0 30.04701 9 9 9
37 47 2.54688e-01 -1.92686e-01 1.21100e-01 -2.09010e-01 9 9 0 30.27192 9 9 9
37 47 2.48290e-01 -2.13748e-01 1.34210e-01 -1.89604e-01 9 9 0 30.55629 9 9 9
38 47 2.83650e-01 6.66281e-03 1.00000e-03 -2.93078e-01 2 2 1 29.88942 2 2 2
38 47 2.83623e-01 1.39923e-02 2.10000e-03 -2.92993e-01 2 2 1 29.89246 2 2 2
38 47 2.83570e-01 2.20558e-02 3.31000e-03 -2.92829e-01 2 2 1 29.89828 2 2 2
38 47 2.83486e-01 3.09275e-02 4.64100e-03 -2.92565e-01 2 2 1 29.90772 2 2 2
38 47 2.83360e-01 4.06897e-02 6.10510e-03 -2.92173e-01 2 2 1 29.92180 2 2 2
38 47 2.83183e-01 5.14335e-02 7.71561e-03 -2.91617e-01 2 2 1 29.94181 2 2 2
38 47 2.82940e-01 6.32599e-02 9.48717e-03 -2.90855e-01 2 2 1 29.96939 2 2 2
38 47 2.82616e-01 7.62814e-02 1.14359e-02 -2.89834e-01 2 2 1 30.00662 2 2 2
38 47 2.82191e-01 9.06241e-02 1.35795e-02 -2.88489e-01 2 2 1 30.05617 2 2 2
38 47 2.81640e-01 1.06429e-01 1.59374e-02 -2.86739e-01 2 2 1 30.12150 2 2 2
38 47 2.80936e-01 1.23857e-01 1.85312e-02 -2.84484e-01 2 2 1 30.20720 2 2 2
38 47 2.80042e-01 1.43091e-01 2.13843e-02 -2.81598e-01 2 2 1 30.31937 2 2 2
38 47 2.78919e-01 1.64344e-01 2.45227e-02 -2.77924e-01 2 2 1 30.46645 2 2 2
38 47 2.77520e-01 1.87871e-01 2.79750e-02 -2.73264e-01 2 2 1 30.66038 2 2 2
38 47 2.75791e-01 2.13985e-01 3.17725e-02 -2.67361e-01 2 2 1 30.91879 2 2 2
38 47 2.73677e-01 2.43097e-01 3.59497e-02 -2.59874e-01 2 2 1 31.26927 2 2 2
38 47 2.71128e-01 2.75808e-01 4.05447e-02 -2.50324e-01 2 2 1 31.75867 2 2 3
38 47 2.68118e-01 3.13296e-01 4.55992e-02 -2.37916e-01 2 2 1 32.48003 2 2 3
39 47 3.04650e-01 -1.59141e-03 1.00000e-03 -2.86921e-01 10 10 0 32.71223 10 10 10
39 47 3.04645e-01 -3.34195e-03 2.10000e-03 -2.86901e-01 10 10 0 32.71250 10 10 10
39 47 3.04635e-01 -5.26754e-03 3.31000e-03 -2.86863e-01 10 10 0 32.71303 10 10 10
39 47 3.04620e-01 -7.38566e-03 4.64100e-03 -2.86802e-01 10 10 0 32.71387 10 10 10
39 47 3.04596e-01 -9.71555e-03 6.10510e-03 -2.86710e-01 10 10 0 32.71513 10 10 10
39 47 3.04563e-01 -1.22784e-02 7.71561e-03 -2.86581e-01 10 10 0 32.71692 10 10 10
39 47 3.04517e-01 -1.50974e-02 9.48717e-03 -2.86404e-01 10 10 0 32.71936 10 10 10
39 47 3.04456e-01 -1.81981e-02 1.14359e-02 -2.86167e-01 10 10 0 32.72262 10 10 10
39 47 3.04376e-01 -2.16088e-02 1.35795e-02 -2.85856e-01 10 10 0 32.72692 10 10 10
39 47 3.04271e-01 -2.53602e-02 1.59374e-02 -2.85451e-01 10 10 0 32.73251 10 10 10
39 47 3.04137e-01 -2.94863e-02 1.85312e-02 -2.84932e-01 10 10 0 32.73968 10 10 10
39 47 3.03965e-01 -3.40245e-02 2.13843e-02 -2.84271e-01 10 10 0 32.74883 10 10 10
39 47 3.03748e-01 -3.90156e-02 2.45227e-02 -2.83434e-01 10 10 0 32.76042 10 10 10
39 47 3.03473e-01 -4.45047e-02 2.79750e-02 -2.82382e-01 10 10 0 32.77503 10 10 10
39 47 3.03129e-01 -5.05412e-02 3.17725e-02 -2.81065e-01 10 10 0 32.79335 10 10 10
39 47 3.02697e-01 -5.71791e-02 3.59497e-02 -2.79424e-01 10 10 0 32.81624 10 10 10
39 47 3.02157e-01 -6.44779e-02 4.05447e-02 -2.77386e-01 10 10 0 32.84477 10 10 10
39 47 3.01484e-01 -7.25025e-02 4.55992e-02 -2.74862e-01 10 10 0 32.88025 10 10 10
39 47 3.00645e-01 -8.13241e-02 5.11591e-02 -2.71747e-01 10 10 0 32.92430 10 10 10
39 47 2.99599e-01 -9.10204e-02 5.72750e-02 -2.67909e-01 10 10 0 32.97891 10 10 10
39 47 2.98293e-01 -1.01676e-01 6.40025e-02 -2.63193e-01 10 10 0 33.04658 10 10 10
39 47 2.96661e-01 -1.13384e-01 7.14028e-02 -2.57410e-01 10 10 0 33.13044 10 10 10
39 47 2.94613e-01 -1.26245e-01 7.95430e-02 -2.50331e-01 10 10 0 33.23442 10 10 10
39 47 2.92031e-01 -1.40367e-01 8.84973e-02 -2.41682e-01 10 10 0 33.36350 10 10 10
39 47 2.88751e-01 -1.55869e-01 9.83471e-02 -2.31136e-01 10 10 0 33.52408 10 10 10
39 47 2.84542e-01 -1.72879e-01 1.09182e-01 -2.18304e-01 10 10 0 33.72449 10 10 10
39 47 2.79057e-01 -1.91535e-01 1.21100e-01 -2.02728e-01 10 10 0 33.97571 10 10 10
39 47 2.71753e-01 -2.11991e-01 1.34210e-01 -1.83877e-01 10 10 0 34.29259 10 10 10
