52 63 2.96712e-01 -1.59168e-03 1.00000e-03 -2.89308e-01 13 13 0 42.39340 13 13 13
52 63 2.96707e-01 -3.34252e-03 2.10000e-03 -2.89288e-01 13 13 0 42.39376 13 13 13
52 63 2.96697e-01 -5.26844e-03 3.31000e-03 -2.89250e-01 13 13 0 42.39444 13 13 13
52 63 2.96682e-01 -7.38692e-03 4.64100e-03 -2.89188e-01 13 13 0 42.39553 13 13 13
52 63 2.96659e-01 -9.71721e-03 6.10510e-03 -2.89097e-01 13 13 0 42.39716 13 13 13
52 63 2.96626e-01 -1.22805e-02 7.71561e-03 -2.88967e-01 13 13 0 42.39947 13 13 13
52 63 2.96581e-01 -1.51000e-02 9.48717e-03 -2.88789e-01 13 13 0 42.40263 13 13 13
52 63 2.96521e-01 -1.82013e-02 1.14359e-02 -2.88551e-01 13 13 0 42.40685 13 13 13
52 63 2.96442e-01 -2.16125e-02 1.35795e-02 -2.88239e-01 13 13 0 42.41242 13 13 13
52 63 2.96340e-01 -2.53645e-02 1.59374e-02 -2.87833e-01 13 13 0 42.41964 13 13 13
52 63 2.96208e-01 -2.94914e-02 1.85312e-02 -2.87312e-01 13 13 0 42.42892 13 13 13
52 63 2.96039e-01 -3.40303e-02 2.13843e-02 -2.86648e-01 13 13 0 42.44076 13 13 13
52 63 2.95826e-01 -3.90222e-02 2.45227e-02 -2.85809e-01 13 13 0 42.45576 13 13 13
52 63 2.95557e-01 -4.45122e-02 2.79750e-02 -2.84753e-01 13 13 0 42.47466 13 13 13
52 63 2.95219e-01 -5.05496e-02 3.17725e-02 -2.83431e-01 13 13 0 42.49836 13 13 13
52 63 2.94795e-01 -5.71884e-02 3.59497e-02 -2.81784e-01 13 13 0 42.52799 13 13 13
52 63 2.94267e-01 -6.44880e-02 4.05447e-02 -2.79738e-01 13 13 0 42.56491 13 13 13
52 63 2.93608e-01 -7.25132e-02 4.55992e-02 -2.77205e-01 13 13 0 42.61082 13 13 13
52 63 2.92786e-01 -8.13348e-02 5.11591e-02 -2.74077e-01 13 13 0 42.66783 13 13 13
52 63 2.91764e-01 -9.10303e-02 5.72750e-02 -2.70225e-01 13 13 0 42.73851 13 13 13
52 63 2.90490e-01 -1.01683e-01 6.40025e-02 -2.65490e-01 13 13 0 42.82611 13 13 13
52 63 2.88899e-01 -1.13385e-01 7.14028e-02 -2.59682e-01 13 13 0 42.93466 13 13 13
52 63 2.86908e-01 -1.26234e-01 7.95430e-02 -2.52572e-01 13 13 0 43.06926 13 13 13
52 63 2.84404e-01 -1.40335e-01 8.84973e-02 -2.43885e-01 13 13 0 43.23637 13 13 13
52 63 2.81235e-01 -1.55797e-01 9.83471e-02 -2.33290e-01 13 13 0 43.44425 13 13 13
52 63 2.77185e-01 -1.72734e-01 1.09182e-01 -2.20396e-01 13 13 0 43.70361 13 13 13
52 63 2.71934e-01 -1.91257e-01 1.21100e-01 -2.04744e-01 13 13 0 44.02851 13 13 13
53 63 3.13772e-01 6.76747e-03 1.00000e-03 -2.84079e-01 3 3 1 45.56093 3 3 4
53 63 3.13741e-01 1.42121e-02 2.10000e-03 -2.83994e-01 3 3 1 45.56570 3 3 4
53 63 3.13681e-01 2.24022e-02 3.31000e-03 -2.83830e-01 3 3 1 45.57485 3 3 4
53 63 3.13585e-01 3.14132e-02 4.64100e-03 -2.83565e-01 3 3 1 45.58968 3 3 5
53 63 3.13441e-01 4.13288e-02 6.10510e-03 -2.83170e-01 3 3 1 45.61180 3 3 5
53 63 3.13238e-01 5.22412e-02 7.71561e-03 -2.82612e-01 3 3 1 45.64325 3 3 3
53 63 3.12960e-01 6.42533e-02 9.48717e-03 -2.81847e-01 3 3 1 45.68661 3 3 4
53 63 3.12589e-01 7.74795e-02 1.14359e-02 -2.80822e-01 3 3 1 45.74516 3 3 4
53 63 3.12101e-01 9.20475e-02 1.35795e-02 -2.79471e-01 3 3 1 45.82314 3 3 5
53 63 3.11470e-01 1.08101e-01 1.59374e-02 -2.77713e-01 3 3 1 45.92604 3 3 5
53 63 3.10663e-01 1.25805e-01 1.85312e-02 -2.75447e-01 3 3 1 46.06113 3 3 6
53 63 3.09640e-01 1.45344e-01 2.13843e-02 -2.72546e-01 3 3 1 46.23821 3 3 6
53 63 3.08353e-01 1.66940e-01 2.45227e-02 -2.68851e-01 3 3 1 46.47083 3 3 5
53 63 3.06750e-01 1.90854e-01 2.79750e-02 -2.64160e-01 3 3 1 46.77834 3 3 6
53 63 3.04768e-01 2.17417e-01 3.17725e-02 -2.58209e-01 3 3 1 47.18967 3 3 6
53 63 3.02342e-01 2.47075e-01 3.59497e-02 -2.50643e-01 3 3 1 47.75081 3 3 5
53 63 2.99412e-01 2.80530e-01 4.05447e-02 -2.40942e-01 3 3 1 48.54241 3 3 6
53 63 2.95912e-01 3.19507e-01 4.55992e-02 -2.28112e-01 3 3 1 49.74075 3 3 6
54 63 3.16165e-01 -1.59100e-03 1.00000e-03 -2.83347e-01 14 14 0 46.01374 14 14 14
54 63 3.16160e-01 -3.34109e-03 2.10000e-03 -2.83327e-01 14 14 0 46.01412 14 14 14
54 63 3.16150e-01 -5.26618e-03 3.31000e-03 -2.83289e-01 14 14 0 46.01486 14 14 14
54 63 3.16134e-01 -7.38376e-03 4.64100e-03 -2.83228e-01 14 14 0 46.01606 14 14 14
54 63 3.16110e-01 -9.71305e-03 6.10510e-03 -2.83137e-01 14 14 0 46.01784 14 14 14
54 63 3.16075e-01 -1.22752e-02 7.71561e-03 -2.83009e-01 14 14 0 46.02035 14 14 14
54 63 3.16029e-01 -1.50935e-02 9.48717e-03 -2.82832e-01 14 14 0 46.02380 14 14 14
54 63 3.15966e-01 -1.81935e-02 1.14359e-02 -2.82597e-01 14 14 0 46.02840 14 14 14
54 63 3.15884e-01 -2.16032e-02 1.35795e-02 -2.82287e-01 14 14 0 46.03447 14 14 14
54 63 3.15777e-01 -2.53537e-02 1.59374e-02 -2.81884e-01 14 14 0 46.04235 14 14 14
54 63 3.15639e-01 -2.94787e-02 1.85312e-02 -2.81368e-01 14 14 0 46.05247 14 14 14
54 63 3.15463e-01 -3.40157e-02 2.13843e-02 -2.80710e-01 14 14 0 46.06538 14 14 14
54 63 3.15240e-01 -3.90055e-02 2.45227e-02 -2.79878e-01 14 14 0 46.08173 14 14 14
54 63 3.14958e-01 -4.44932e-02 2.79750e-02 -2.78831e-01 14 14 0 46.10233 14 14 14
54 63 3.14604e-01 -5.05280e-02 3.17725e-02 -2.77521e-01 14 14 0 46.12817 14 14 14
54 63 3.14160e-01 -5.71641e-02 3.59497e-02 -2.75889e-01 14 14 0 46.16046 14 14 14
54 63 3.13605e-01 -6.44608e-02 4.05447e-02 -2.73862e-01 14 14 0 46.20070 14 14 14
54 63 3.12911e-01 -7.24830e-02 4.55992e-02 -2.71353e-01 14 14 0 46.25073 14 14 14
54 63 3.12044e-01 -8.13018e-02 5.11591e-02 -2.68256e-01 14 14 0 46.31282 14 14 14
54 63 3.10961e-01 -9.09948e-02 5.72750e-02 -2.64443e-01 14 14 0 46.38979 14 14 14
54 63 3.09605e-01 -1.01646e-01 6.40025e-02 -2.59758e-01 14 14 0 46.48515 14 14 14
54 63 3.07904e-01 -1.13349e-01 7.14028e-02 -2.54015e-01 14 14 0 46.60329 14 14 14
54 63 3.05759e-01 -1.26202e-01 7.95430e-02 -2.46990e-01 14 14 0 46.74971 14 14 14
54 63 3.03041e-01 -1.40314e-01 8.84973e-02 -2.38414e-01 14 14 0 46.93143 14 14 14
54 63 2.99563e-01 -1.55800e-01 9.83471e-02 -2.27967e-01 14 14 0 47.15742 14 14 14
54 63 2.95057e-01 -1.72783e-01 1.09182e-01 -2.15274e-01 14 14 0 47.43936 14 14 14
54 63 2.89114e-01 -1.91394e-01 1.21100e-01 -1.99898e-01 14 14 0 47.79275 14 14 14
55 63 3.16165e-01 -1.59100e-03 1.00000e-03 -2.83347e-01 14 14 0 46.01374 14 14 14
55 63 3.16160e-01 -3.34109e-03 2.10000e-03 -2.83327e-01 14 14 0 46.01412 14 14 14
55 63 3.16150e-01 -5.26618e-03 3.31000e-03 -2.83289e-01 14 14 0 46.01486 14 14 14
55 63 3.16134e-01 -7.38376e-03 4.64100e-03 -2.83228e-01 14 14 0 46.01606 14 14 14
55 63 3.16110e-01 -9.71305e-03 6.10510e-03 -2.83137e-01 14 14 0 46.01784 14 14 14
55 63 3.16075e-01 -1.22752e-02 7.71561e-03 -2.83009e-01 14 14 0 46.02035 14 14 14
55 63 3.16029e-01 -1.50935e-02 9.48717e-03 -2.82832e-01 14 14 0 46.02380 14 14 14
55 63 3.15966e-01 -1.81935e-02 1.14359e-02 -2.82597e-01 14 14 0 46.02840 14 14 14
55 63 3.15884e-01 -2.16032e-02 1.35795e-02 -2.82287e-01 14 14 0 46.03447 14 14 14
55 63 3.15777e-01 -2.53537e-02 1.59374e-02 -2.81884e-01 14 14 0 46.04235 14 14 14
55 63 3.15639e-01 -2.94787e-02 1.85312e-02 -2.81368e-01 14 14 0 46.05247 14 14 14
55 63 3.15463e-01 -3.40157e-02 2.13843e-02 -2.80710e-01 14 14 0 46.06538 14 14 14
55 63 3.15240e-01 -3.90055e-02 2.45227e-02 -2.79878e-01 14 14 0 46.08173 14 14 14
55 63 3.14958e-01 -4.44932e-02 2.79750e-02 -2.78831e-01 14 14 0 46.10233 14 14 14
55 63 3.14604e-01 -5.05280e-02 3.17725e-02 -2.77521e-01 14 14 0 46.12817 14 14 14
55 63 3.14160e-01 -5.71641e-02 3.59497e-02 -2.75889e-01 14 14 0 46.16046 14 14 14
55 63 3.13605e-01 -6.44608e-02 4.05447e-02 -2.73862e-01 14 14 0 46.20070 14 14 14
55 63 3.12911e-01 -7.24830e-02 4.55992e-02 -2.71353e-01 14 14 0 46.25073 14 14 14
55 63 3.12044e-01 -8.13018e-02 5.11591e-02 -2.68256e-01 14 14 0 46.31282 14 14 14
55 63 3.10961e-01 -9.09948e-02 5.72750e-02 -2.64443e-01 14 14 0 46.38979 14 14 14
55 63 3.09605e-01 -1.01646e-01 6.40025e-02 -2.59758e-01 14 14 0 46.48515 14 14 14
55 63 3.07904e-01 -1.13349e-01 7.14028e-02 -2.54015e-01 14 14 0 46.60329 14 14 14
55 63 3.05759e-01 -1.26202e-01 7.95430e-02 -2.46990e-01 14 14 0 46.74971 14 14 14
55 63 3.03041e-01 -1.40314e-01 8.84973e-02 -2.38414e-01 14 14 0 46.93143 14 14 14
55 63 2.99563e-01 -1.55800e-01 9.83471e-02 -2.27967e-01 14 14 0 47.15742 14 14 14
55 63 2.95057e-01 -1.72783e-01 1.09182e-01 -2.15274e-01 14 14 0 47.43936 14 14 14
55 63 2.89114e-01 -1.91394e-01 1.21100e-01 -1.99898e-01 14 14 0 47.79275 14 14 14
56 63 3.34994e-01 -1.59030e-03 1.00000e-03 -2.77216e-01 15 15 0 49.70760 15 15 15
56 63 3.34989e-01 -3.33961e-03 2.10000e-03 -2.77197e-01 15 15 0 49.70802 15 15 15
56 63 3.34979e-01 -5.26385e-03 3.31000e-03 -2.77159e-01 15 15 0 49.70882 15 15 15
56 63 3.34962e-01 -7.38049e-03 4.64100e-03 -2.77099e-01 15 15 0 49.71013 15 15 15
56 63 3.34937e-01 -9.70875e-03 6.10510e-03 -2.77008e-01 15 15 0 49.71206 15 15 15
56 63 3.34902e-01 -1.22698e-02 7.71561e-03 -2.76881e-01 15 15 0 49.71480 15 15 15
56 63 3.34853e-01 -1.50868e-02 9.48717e-03 -2.76706e-01 15 15 0 49.71854 15 15 15
56 63 3.34789e-01 -1.81854e-02 1.14359e-02 -2.76472e-01 15 15 0 49.72356 15 15 15
56 63 3.34703e-01 -2.15936e-02 1.35795e-02 -2.76165e-01 15 15 0 49.73015 15 15 15
56 63 3.34592e-01 -2.53424e-02 1.59374e-02 -2.75766e-01 15 15 0 49.73872 15 15 15
56 63 3.34449e-01 -2.94656e-02 1.85312e-02 -2.75254e-01 15 15 0 49.74973 15 15 15
56 63 3.34266e-01 -3.40006e-02 2.13843e-02 -2.74602e-01 15 15 0 49.76377 15 15 15
56 63 3.34034e-01 -3.89881e-02 2.45227e-02 -2.73777e-01 15 15 0 49.78154 15 15 15
56 63 3.33739e-01 -4.44733e-02 2.79750e-02 -2.72741e-01 15 15 0 49.80392 15 15 15
56 63 3.33367e-01 -5.05054e-02 3.17725e-02 -2.71444e-01 15 15 0 49.83199 15 15 15
56 63 3.32899e-01 -5.71384e-02 3.59497e-02 -2.69828e-01 15 15 0 49.86705 15 15 15
56 63 3.32309e-01 -6.44317e-02 4.05447e-02 -2.67824e-01 15 15 0 49.91071 15 15 15
56 63 3.31566e-01 -7.24502e-02 4.55992e-02 -2.65344e-01 15 15 0 49.96496 15 15 15
56 63 3.30630e-01 -8.12648e-02 5.11591e-02 -2.62287e-01 15 15 0 50.03225 15 15 15
56 63 3.29447e-01 -9.09530e-02 5.72750e-02 -2.58527e-01 15 15 0 50.11560 15 15 15
56 63 3.27945e-01 -1.01599e-01 6.40025e-02 -2.53917e-01 15 15 0 50.21877 15 15 15
56 63 3.26026e-01 -1.13296e-01 7.14028e-02 -2.48277e-01 15 15 0 50.34649 15 15 15
56 63 3.23555e-01 -1.26143e-01 7.95430e-02 -2.41398e-01 15 15 0 50.50471 15 15 15
56 63 3.20334e-01 -1.40247e-01 8.84973e-02 -2.33033e-01 15 15 0 50.70108 15 15 15
56 63 3.16071e-01 -1.55726e-01 9.83471e-02 -2.22897e-01 15 15 0 50.94557 15 15 15
56 63 3.10328e-01 -1.72704e-01 1.09182e-01 -2.10665e-01 15 15 0 51.25147 15 15 15
