14 3 4.34623e-01 -1.58593e-03 1.00000e-03 -2.38878e-01 1 1 0 3.50278 1 1 1
14 3 4.34618e-01 -3.33045e-03 2.10000e-03 -2.38859e-01 1 1 0 3.50281 1 1 1
14 3 4.34609e-01 -5.24943e-03 3.31000e-03 -2.38822e-01 1 1 0 3.50288 1 1 1
14 3 4.34593e-01 -7.36033e-03 4.64100e-03 -2.38763e-01 1 1 0 3.50298 1 1 1
14 3 4.34570e-01 -9.68234e-03 6.10510e-03 -2.38674e-01 1 1 0 3.50314 1 1 1
14 3 4.34538e-01 -1.22366e-02 7.71561e-03 -2.38549e-01 1 1 0 3.50336 1 1 1
14 3 4.34493e-01 -1.50463e-02 9.48717e-03 -2.38378e-01 1 1 0 3.50367 1 1 1
14 3 4.34433e-01 -1.81371e-02 1.14359e-02 -2.38149e-01 1 1 0 3.50408 1 1 1
14 3 4.34355e-01 -2.15371e-02 1.35795e-02 -2.37847e-01 1 1 0 3.50462 1 1 1
14 3 4.34253e-01 -2.52772e-02 1.59374e-02 -2.37456e-01 1 1 0 3.50532 1 1 1
14 3 4.34122e-01 -2.93916e-02 1.85312e-02 -2.36954e-01 1 1 0 3.50622 1 1 1
14 3 4.33954e-01 -3.39178e-02 2.13843e-02 -2.36313e-01 1 1 0 3.50737 1 1 1
14 3 4.33743e-01 -3.88972e-02 2.45227e-02 -2.35504e-01 1 1 0 3.50883 1 1 1
14 3 4.33476e-01 -4.43751e-02 2.79750e-02 -2.34485e-01 1 1 0 3.51067 1 1 1
14 3 4.33142e-01 -5.04018e-02 3.17725e-02 -2.33210e-01 1 1 0 3.51298 1 1 1
14 3 4.32724e-01 -5.70326e-02 3.59497e-02 -2.31620e-01 1 1 0 3.51588 1 1 1
14 3 4.32204e-01 -6.43282e-02 4.05447e-02 -2.29645e-01 1 1 0 3.51950 1 1 1
14 3 4.31558e-01 -7.23560e-02 4.55992e-02 -2.27198e-01 1 1 0 3.52400 1 1 1
14 3 4.30756e-01 -8.11901e-02 5.11591e-02 -2.24176e-01 1 1 0 3.52962 1 1 1
14 3 4.29762e-01 -9.09126e-02 5.72750e-02 -2.20451e-01 1 1 0 3.53662 1 1 1
14 3 4.28531e-01 -1.01614e-01 6.40025e-02 -2.15869e-01 1 1 0 3.54534 1 1 1
14 3 4.27005e-01 -1.13395e-01 7.14028e-02 -2.10246e-01 1 1 0 3.55621 1 1 1
14 3 4.25109e-01 -1.26367e-01 7.95430e-02 -2.03355e-01 1 1 0 3.56981 1 1 1
14 3 4.22744e-01 -1.40654e-01 8.84973e-02 -1.94926e-01 1 1 0 3.58685 1 1 1
14 3 4.19774e-01 -1.56392e-01 9.83471e-02 -1.84638e-01 1 1 0 3.60829 1 1 1
14 3 4.15999e-01 -1.73729e-01 1.09182e-01 -1.72112e-01 1 1 0 3.63536 1 1 1
14 3 4.11104e-01 -1.92823e-01 1.21100e-01 -1.56914e-01 1 1 0 3.66961 1 1 1
14 3 4.04562e-01 -2.13823e-01 1.34210e-01 -1.38576e-01 1 1 0 3.71277 1 1 1
14 3 3.95436e-01 -2.36832e-01 1.48631e-01 -1.16648e-01 1 1 0 3.76622 1 1 1
14 3 3.82113e-01 -2.61846e-01 1.64494e-01 -9.07553e-02 1 1 0 3.82937 1 1 1
14 3 3.62100e-01 -2.88702e-01 1.81943e-01 -6.05836e-02 1 1 0 3.89712 1 1 1
14 3 3.32134e-01 -3.17154e-01 2.01138e-01 -2.56015e-02 1 1 0 3.95777 1 1 1
15 3 6.43141e-01 -1.59734e-03 1.00000e-03 -1.26512e-01 2 2 0 9.04912 2 2 2
15 3 6.43123e-01 -3.35442e-03 2.10000e-03 -1.26502e-01 2 2 0 9.04916 2 2 2
15 3 6.43088e-01 -5.28722e-03 3.31000e-03 -1.26483e-01 2 2 0 9.04923 2 2 2
15 3 6.43032e-01 -7.41332e-03 4.64100e-03 -1.26453e-01 2 2 0 9.04935 2 2 2
15 3 6.42949e-01 -9.75207e-03 6.10510e-03 -1.26408e-01 2 2 0 9.04953 2 2 2
15 3 6.42831e-01 -1.23248e-02 7.71561e-03 -1.26344e-01 2 2 0 9.04978 2 2 2
15 3 6.42669e-01 -1.51548e-02 9.48717e-03 -1.26257e-01 2 2 0 9.05013 2 2 2
15 3 6.42453e-01 -1.82680e-02 1.14359e-02 -1.26140e-01 2 2 0 9.05059 2 2 2
15 3 6.42169e-01 -2.16926e-02 1.35795e-02 -1.25986e-01 2 2 0 9.05120 2 2 2
15 3 6.41799e-01 -2.54600e-02 1.59374e-02 -1.25786e-01 2 2 0 9.05199 2 2 2
15 3 6.41324e-01 -2.96046e-02 1.85312e-02 -1.25530e-01 2 2 0 9.05300 2 2 2
15 3 6.40718e-01 -3.41642e-02 2.13843e-02 -1.25203e-01 2 2 0 9.05429 2 2 2
15 3 6.39951e-01 -3.91805e-02 2.45227e-02 -1.24790e-01 2 2 0 9.05593 2 2 2
15 3 6.38985e-01 -4.46995e-02 2.79750e-02 -1.24270e-01 2 2 0 9.05799 2 2 2
15 3 6.37773e-01 -5.07720e-02 3.17725e-02 -1.23620e-01 2 2 0 9.06057 2 2 2
15 3 6.36258e-01 -5.74539e-02 3.59497e-02 -1.22809e-01 2 2 0 9.06380 2 2 2
15 3 6.34371e-01 -6.48070e-02 4.05447e-02 -1.21801e-01 2 2 0 9.06782 2 2 2
15 3 6.32024e-01 -7.28996e-02 4.55992e-02 -1.20552e-01 2 2 0 9.07281 2 2 2
15 3 6.29112e-01 -8.18075e-02 5.11591e-02 -1.19010e-01 2 2 0 9.07900 2 2 2
15 3 6.25501e-01 -9.16145e-02 5.72750e-02 -1.17109e-01 2 2 0 9.08666 2 2 2
15 3 6.21028e-01 -1.02414e-01 6.40025e-02 -1.14770e-01 2 2 0 9.09616 2 2 2
15 3 6.15486e-01 -1.14311e-01 7.14028e-02 -1.11896e-01 2 2 0 9.10792 2 2 2
15 3 6.08617e-01 -1.27423e-01 7.95430e-02 -1.08372e-01 2 2 0 9.12251 2 2 2
15 3 6.00090e-01 -1.41882e-01 8.84973e-02 -1.04055e-01 2 2 0 9.14065 2 2 2
15 3 5.89484e-01 -1.57841e-01 9.83471e-02 -9.87702e-02 2 2 0 9.16332 2 2 2
15 3 5.76248e-01 -1.75478e-01 1.09182e-01 -9.23029e-02 2 2 0 9.19185 2 2 2
15 3 5.59660e-01 -1.95000e-01 1.21100e-01 -8.43853e-02 2 2 0 9.22807 2 2 2
15 3 5.38752e-01 -2.16654e-01 1.34210e-01 -7.46754e-02 2 2 0 9.27453 2 2 2
15 3 5.12225e-01 -2.40724e-01 1.48631e-01 -6.27164e-02 2 2 0 9.33424 2 2 2
15 3 4.78362e-01 -2.67484e-01 1.64494e-01 -4.78530e-02 2 2 0 9.40828 2 2 2
15 3 4.35081e-01 -2.97014e-01 1.81943e-01 -2.90598e-02 2 2 0 9.48509 2 2 2
16 3 7.33154e-01 -1.28947e-03 1.00000e-03 -6.45699e-02 3 3 0 18.46754 3 3 3
16 3 7.33136e-01 -2.70790e-03 2.10000e-03 -6.45634e-02 3 3 0 18.46750 3 3 3
16 3 7.33101e-01 -4.26819e-03 3.31000e-03 -6.45510e-02 3 3 0 18.46741 3 3 3
16 3 7.33044e-01 -5.98456e-03 4.64100e-03 -6.45309e-02 3 3 0 18.46727 3 3 3
16 3 7.32960e-01 -7.87264e-03 6.10510e-03 -6.45011e-02 3 3 0 18.46706 3 3 3
16 3 7.32840e-01 -9.94965e-03 7.71561e-03 -6.44589e-02 3 3 0 18.46677 3 3 3
16 3 7.32676e-01 -1.22346e-02 9.48717e-03 -6.44012e-02 3 3 0 18.46637 3 3 3
16 3 7.32457e-01 -1.47482e-02 1.14359e-02 -6.43239e-02 3 3 0 18.46583 3 3 3
16 3 7.32169e-01 -1.75137e-02 1.35795e-02 -6.42223e-02 3 3 0 18.46512 3 3 3
16 3 7.31795e-01 -2.05562e-02 1.59374e-02 -6.40904e-02 3 3 0 18.46418 3 3 3
16 3 7.31313e-01 -2.39039e-02 1.85312e-02 -6.39209e-02 3 3 0 18.46298 3 3 3
16 3 7.30700e-01 -2.75874e-02 2.13843e-02 -6.37050e-02 3 3 0 18.46143 3 3 3
16 3 7.29923e-01 -3.16410e-02 2.45227e-02 -6.34319e-02 3 3 0 18.45945 3 3 3
16 3 7.28945e-01 -3.61022e-02 2.79750e-02 -6.30882e-02 3 3 0 18.45692 3 3 3
16 3 7.27718e-01 -4.10126e-02 3.17725e-02 -6.26579e-02 3 3 0 18.45370 3 3 3
16 3 7.26186e-01 -4.64184e-02 3.59497e-02 -6.21211e-02 3 3 0 18.44959 3 3 3
16 3 7.24277e-01 -5.23708e-02 4.05447e-02 -6.14540e-02 3 3 0 18.44435 3 3 3
16 3 7.21905e-01 -5.89265e-02 4.55992e-02 -6.06272e-02 3 3 0 18.43763 3 3 3
16 3 7.18964e-01 -6.61491e-02 5.11591e-02 -5.96049e-02 3 3 0 18.42900 3 3 3
16 3 7.15320e-01 -7.41093e-02 5.72750e-02 -5.83437e-02 3 3 0 18.41785 3 3 3
16 3 7.10811e-01 -8.28865e-02 6.40025e-02 -5.67902e-02 3 3 0 18.40332 3 3 3
16 3 7.05234e-01 -9.25704e-02 7.14028e-02 -5.48793e-02 3 3 0 18.38425 3 3 3
16 3 6.98334e-01 -1.03262e-01 7.95430e-02 -5.25312e-02 3 3 0 18.35896 3 3 3
16 3 6.89791e-01 -1.15078e-01 8.84973e-02 -4.96472e-02 3 3 0 18.32504 3 3 3
16 3 6.79200e-01 -1.28152e-01 9.83471e-02 -4.61051e-02 3 3 0 18.27898 3 3 3
16 3 6.66042e-01 -1.42638e-01 1.09182e-01 -4.17516e-02 3 3 0 18.21557 3 3 3
16 3 6.49646e-01 -1.58719e-01 1.21100e-01 -3.63913e-02 3 3 0 18.12700 3 3 3
16 3 6.29136e-01 -1.76617e-01 1.34210e-01 -2.97688e-02 3 3 0 18.00142 3 3 3
17 3 7.64248e-01 -1.78901e-03 1.00000e-03 -4.12894e-02 4 4 0 28.25277 2 4 4
17 3 7.64227e-01 -3.75695e-03 2.10000e-03 -4.12826e-02 4 4 0 28.25288 2 4 4
17 3 7.64188e-01 -5.92176e-03 3.31000e-03 -4.12696e-02 4 4 0 28.25310 2 4 4
17 3 7.64124e-01 -8.30322e-03 4.64100e-03 -4.12485e-02 4 4 0 28.25344 2 4 4
17 3 7.64029e-01 -1.09231e-02 6.10510e-03 -4.12172e-02 4 4 0 28.25396 2 4 4
17 3 7.63895e-01 -1.38054e-02 7.71561e-03 -4.11729e-02 4 4 0 28.25468 2 4 4
17 3 7.63711e-01 -1.69765e-02 9.48717e-03 -4.11122e-02 4 4 0 28.25569 2 4 4
17 3 7.63465e-01 -2.04658e-02 1.14359e-02 -4.10310e-02 4 4 0 28.25704 2 4 4
17 3 7.63141e-01 -2.43054e-02 1.35795e-02 -4.09240e-02 4 4 0 28.25882 2 4 4
17 3 7.62720e-01 -2.85310e-02 1.59374e-02 -4.07850e-02 4 4 0 28.26116 2 4 4
17 3 7.62180e-01 -3.31823e-02 1.85312e-02 -4.06062e-02 4 4 0 28.26421 2 4 4
17 3 7.61492e-01 -3.83031e-02 2.13843e-02 -4.03780e-02 4 4 0 28.26815 2 4 4
17 3 7.60621e-01 -4.39422e-02 2.45227e-02 -4.00886e-02 4 4 0 28.27324 2 4 4
17 3 7.59525e-01 -5.01542e-02 2.79750e-02 -3.97233e-02 4 4 0 28.27982 2 4 4
17 3 7.58152e-01 -5.70004e-02 3.17725e-02 -3.92641e-02 4 4 0 28.28835 2 4 4
17 3 7.56438e-01 -6.45499e-02 3.59497e-02 -3.86886e-02 4 4 0 28.29946 2 4 4
17 3 7.54307e-01 -7.28817e-02 4.05447e-02 -3.79687e-02 4 4 0 28.31407 2 4 4
17 3 7.51663e-01 -8.20861e-02 4.55992e-02 -3.70695e-02 4 4 0 28.33350 2 4 4
17 3 7.48389e-01 -9.22683e-02 5.11591e-02 -3.59472e-02 4 4 0 28.35975 2 4 4
17 3 7.44342e-01 -1.03550e-01 5.72750e-02 -3.45472e-02 4 4 0 28.39573 2 4 4
17 3 7.39340e-01 -1.16068e-01 6.40025e-02 -3.28038e-02 4 4 0 28.44554 2 4 4
17 3 7.33146e-01 -1.29959e-01 7.14028e-02 -3.06450e-02 4 4 0 28.51373 2 4 4
17 3 7.25439e-01 -1.45317e-01 7.95430e-02 -2.80081e-02 4 4 0 28.60182 2 4 4
17 3 7.15779e-01 -1.62124e-01 8.84973e-02 -2.48626e-02 4 4 0 28.70076 2 4 4
17 3 7.03598e-01 -1.80246e-01 9.83471e-02 -2.12031e-02 4 4 0 28.78564 2 4 4
17 3 6.88221e-01 -1.99538e-01 1.09182e-01 -1.69980e-02 4 4 0 28.82076 2 4 4
17 3 6.68852e-01 -2.19922e-01 1.21100e-01 -1.21431e-02 4 4 0 28.76689 2 4 4
18 3 7.84048e-01 -1.73067e-03 1.00000e-03 -2.59615e-02 5 5 0 43.05294 3 5 5
18 3 7.84024e-01 -3.63443e-03 2.10000e-03 -2.59575e-02 5 5 0 43.05302 3 5 5
18 3 7.83980e-01 -5.72861e-03 3.31000e-03 -2.59499e-02 5 5 0 43.05316 3 5 5
18 3 7.83908e-01 -8.03230e-03 4.64100e-03 -2.59377e-02 5 5 0 43.05339 3 5 5
18 3 7.83801e-01 -1.05665e-02 6.10510e-03 -2.59194e-02 5 5 0 43.05373 3 5 5
18 3 7.83649e-01 -1.33544e-02 7.71561e-03 -2.58936e-02 5 5 0 43.05421 3 5 5
18 3 7.83441e-01 -1.64214e-02 9.48717e-03 -2.58582e-02 5 5 0 43.05487 3 5 5
18 3 7.83164e-01 -1.97958e-02 1.14359e-02 -2.58109e-02 5 5 0 43.05575 3 5 5
18 3 7.82798e-01 -2.35084e-02 1.35795e-02 -2.57486e-02 5 5 0 43.05692 3 5 5
18 3 7.82323e-01 -2.75935e-02 1.59374e-02 -2.56679e-02 5 5 0 43.05844 3 5 5
18 3 7.81713e-01 -3.20888e-02 1.85312e-02 -2.55642e-02 5 5 0 43.06041 3 5 5
18 3 7.80934e-01 -3.70362e-02 2.13843e-02 -2.54320e-02 5 5 0 43.06294 3 5 5
18 3 7.79948e-01 -4.24820e-02 2.45227e-02 -2.52649e-02 5 5 0 43.06618 3 5 5
18 3 7.78705e-01 -4.84775e-02 2.79750e-02 -2.50547e-02 5 5 0 43.07030 3 5 5
18 3 7.77145e-01 -5.50798e-02 3.17725e-02 -2.47916e-02 5 5 0 43.07556 3 5 5
18 3 7.75195e-01 -6.23529e-02 3.59497e-02 -2.44636e-02 5 5 0 43.08226 3 5 5
18 3 7.72764e-01 -7.03685e-02 4.05447e-02 -2.40562e-02 5 5 0 43.09082 3 5 5
18 3 7.69738e-01 -7.92075e-02 4.55992e-02 -2.35514e-02 5 5 0 43.10180 3 5 5
18 3 7.65979e-01 -8.89620e-02 5.11591e-02 -2.29277e-02 5 5 0 43.11595 3 5 5
18 3 7.61314e-01 -9.97380e-02 5.72750e-02 -2.21582e-02 5 5 0 43.13428 3 5 5
18 3 7.55523e-01 -1.11658e-01 6.40025e-02 -2.12101e-02 5 5 0 43.15805 3 5 5
18 3 7.48336e-01 -1.24866e-01 7.14028e-02 -2.00423e-02 5 5 0 43.18861 3 5 5
18 3 7.39408e-01 -1.39527e-01 7.95430e-02 -1.86022e-02 5 5 0 43.22650 3 5 5
18 3 7.28303e-01 -1.55825e-01 8.84973e-02 -1.68210e-02 5 5 0 43.26879 3 5 5
18 3 7.14479e-01 -1.73944e-01 9.83471e-02 -1.46045e-02 5 5 0 43.30201 3 5 5
18 3 6.97264e-01 -1.94015e-01 1.09182e-01 -1.18204e-02 5 5 0 43.28817 3 5 5
19 3 7.95825e-01 -1.41129e-03 1.00000e-03 -1.66588e-02 6 6 0 63.67045 6 6 6
19 3 7.95803e-01 -2.96371e-03 2.10000e-03 -1.66556e-02 6 6 0 63.67004 6 6 6
19 3 7.95762e-01 -4.67141e-03 3.31000e-03 -1.66494e-02 6 6 0 63.66925 6 6 6
19 3 7.95694e-01 -6.54992e-03 4.64100e-03 -1.66394e-02 6 6 0 63.66796 6 6 6
19 3 7.95594e-01 -8.61636e-03 6.10510e-03 -1.66246e-02 6 6 0 63.66605 6 6 6
19 3 7.95453e-01 -1.08896e-02 7.71561e-03 -1.66036e-02 6 6 0 63.66335 6 6 6
19 3 7.95260e-01 -1.33903e-02 9.48717e-03 -1.65748e-02 6 6 0 63.65963 6 6 6
19 3 7.95000e-01 -1.61414e-02 1.14359e-02 -1.65363e-02 6 6 0 63.65464 6 6 6
19 3 7.94660e-01 -1.91680e-02 1.35795e-02 -1.64856e-02 6 6 0 63.64804 6 6 6
19 3 7.94217e-01 -2.24979e-02 1.59374e-02 -1.64199e-02 6 6 0 63.63942 6 6 6
19 3 7.93648e-01 -2.61616e-02 1.85312e-02 -1.63354e-02 6 6 0 63.62825 6 6 6
19 3 7.92923e-01 -3.01929e-02 2.13843e-02 -1.62278e-02 6 6 0 63.61387 6 6 6
19 3 7.92004e-01 -3.46290e-02 2.45227e-02 -1.60916e-02 6 6 0 63.59544 6 6 6
19 3 7.90847e-01 -3.95111e-02 2.79750e-02 -1.59203e-02 6 6 0 63.57185 6 6 6
19 3 7.89396e-01 -4.48847e-02 3.17725e-02 -1.57057e-02 6 6 0 63.54169 6 6 6
19 3 7.87582e-01 -5.08000e-02 3.59497e-02 -1.54380e-02 6 6 0 63.50311 6 6 6
19 3 7.85323e-01 -5.73129e-02 4.05447e-02 -1.51053e-02 6 6 0 63.45364 6 6 6
19 3 7.82515e-01 -6.44855e-02 4.55992e-02 -1.46926e-02 6 6 0 63.38995 6 6 6
19 3 7.79031e-01 -7.23866e-02 5.11591e-02 -1.41822e-02 6 6 0 63.30752 6 6 6
19 3 7.74714e-01 -8.10933e-02 5.72750e-02 -1.35519e-02 6 6 0 63.20010 6 6 6
19 3 7.69369e-01 -9.06914e-02 6.40025e-02 -1.27746e-02 6 6 0 63.05890 6 6 6
19 3 7.62753e-01 -1.01277e-01 7.14028e-02 -1.18166e-02 6 6 0 62.87141 6 6 6
19 3 7.54562e-01 -1.12960e-01 7.95430e-02 -1.06360e-02 6 6 0 62.61956 6 6 6
20 3 8.01090e-01 -2.43988e-03 1.00000e-03 -1.24527e-02 7 7 0 81.96594 1 7 7
20 3 8.01061e-01 -5.12391e-03 2.10000e-03 -1.24487e-02 7 7 0 81.96608 1 7 7
20 3 8.01006e-01 -8.07679e-03 3.31000e-03 -1.24409e-02 7 7 0 81.96635 1 7 7
20 3 8.00916e-01 -1.13258e-02 4.64100e-03 -1.24283e-02 7 7 0 81.96679 1 7 7
20 3 8.00783e-01 -1.49011e-02 6.10510e-03 -1.24096e-02 7 7 0 81.96746 1 7 7
20 3 8.00594e-01 -1.88362e-02 7.71561e-03 -1.23831e-02 7 7 0 81.96845 1 7 7
20 3 8.00335e-01 -2.31684e-02 9.48717e-03 -1.23468e-02 7 7 0 81.96988 1 7 7
20 3 7.99989e-01 -2.79393e-02 1.14359e-02 -1.22980e-02 7 7 0 81.97192 1 7 7
20 3 7.99533e-01 -3.31954e-02 1.35795e-02 -1.22337e-02 7 7 0 81.97484 1 7 7
20 3 7.98941e-01 -3.89894e-02 1.59374e-02 -1.21498e-02 7 7 0 81.97906 1 7 7
20 3 7.98179e-01 -4.53811e-02 1.85312e-02 -1.20414e-02 7 7 0 81.98524 1 7 7
20 3 7.97207e-01 -5.24395e-02 2.13843e-02 -1.19022e-02 7 7 0 81.99447 1 7 7
20 3 7.95974e-01 -6.02452e-02 2.45227e-02 -1.17241e-02 7 7 0 82.00853 1 7 7
20 3 7.94418e-01 -6.88935e-02 2.79750e-02 -1.14970e-02 7 7 0 82.03049 1 7 7
20 3 7.92461e-01 -7.84992e-02 3.17725e-02 -1.12076e-02 7 7 0 82.06559 1 7 7
20 3 7.90006e-01 -8.91966e-02 3.59497e-02 -1.08386e-02 7 7 0 82.12263 1 7 7
20 3 7.86933e-01 -1.01124e-01 4.05447e-02 -1.03692e-02 7 7 0 82.21485 1 7 7
20 3 7.83096e-01 -1.14354e-01 4.55992e-02 -9.77896e-03 7 7 0 82.35561 1 7 7
20 3 7.78332e-01 -1.28756e-01 5.11591e-02 -9.05788e-03 7 7 0 82.54045 1 7 7
20 3 7.72472e-01 -1.43966e-01 5.72750e-02 -8.21204e-03 7 7 0 82.72700 1 7 7
20 3 7.65332e-01 -1.59611e-01 6.40025e-02 -7.24726e-03 7 7 0 82.84897 1 7 7
20 3 7.56690e-01 -1.75497e-01 7.14028e-02 -6.15196e-03 7 7 0 82.84515 1 7 7
20 3 7.46262e-01 -1.91561e-01 7.95430e-02 -4.89642e-03 7 7 0 82.66207 1 7 7
21 3 8.05373e-01 -2.90732e-03 1.00000e-03 -9.01127e-03 3 8 0 108.24860 1 8 8
21 3 8.05338e-01 -6.10600e-03 2.10000e-03 -9.00826e-03 3 8 0 108.24820 1 8 8
21 3 8.05270e-01 -9.62611e-03 3.31000e-03 -9.00248e-03 3 8 0 108.24745 1 8 8
21 3 8.05160e-01 -1.35012e-02 4.64100e-03 -8.99314e-03 3 8 0 108.24622 1 8 8
21 3 8.04997e-01 -1.77689e-02 6.10510e-03 -8.97924e-03 3 8 0 108.24438 1 8 8
21 3 8.04765e-01 -2.24715e-02 7.71561e-03 -8.95956e-03 3 8 0 108.24176 1 8 8
21 3 8.04448e-01 -2.76570e-02 9.48717e-03 -8.93259e-03 3 8 0 108.23814 1 8 8
21 3 8.04022e-01 -3.33801e-02 1.14359e-02 -8.89646e-03 3 8 0 108.23323 1 8 8
21 3 8.03460e-01 -3.97038e-02 1.35795e-02 -8.84883e-03 3 8 0 108.22664 1 8 8
21 3 8.02728e-01 -4.67018e-02 1.59374e-02 -8.78684e-03 3 8 0 108.21787 1 8 8
21 3 8.01781e-01 -5.44613e-02 1.85312e-02 -8.70691e-03 3 8 0 108.20624 1 8 8
21 3 8.00565e-01 -6.30874e-02 2.13843e-02 -8.60457e-03 3 8 0 108.19079 1 8 8
21 3 7.99011e-01 -7.27097e-02 2.45227e-02 -8.47420e-03 3 8 0 108.17015 1 8 8
21 3 7.97027e-01 -8.34920e-02 2.79750e-02 -8.30867e-03 3 8 0 108.14231 1 8 8
21 3 7.94497e-01 -9.56466e-02 3.17725e-02 -8.09876e-03 3 8 0 108.10415 1 8 8
21 3 7.91263e-01 -1.09456e-01 3.59497e-02 -7.83238e-03 3 8 0 108.05067 1 8 8
21 3 7.87110e-01 -1.25300e-01 4.05447e-02 -7.49318e-03 3 8 0 107.97337 1 8 8
21 3 7.81737e-01 -1.43683e-01 4.55992e-02 -7.05859e-03 1 8 0 107.85721 1 8 8
21 3 7.74729e-01 -1.65213e-01 5.11591e-02 -6.49711e-03 1 8 0 107.67479 1 8 8
21 3 7.65553e-01 -1.90413e-01 5.72750e-02 -5.76666e-03 1 8 0 107.37747 1 8 8
22 3 8.06691e-01 5.75958e-03 1.00000e-03 -7.93632e-03 1 5 1 120.65821 1 1 7
22 3 8.06607e-01 1.20992e-02 2.10000e-03 -7.93098e-03 1 5 1 120.65908 1 1 7
22 3 8.06444e-01 1.90833e-02 3.31000e-03 -7.92067e-03 1 5 1 120.66103 1 1 7
22 3 8.06180e-01 2.67871e-02 4.64100e-03 -7.90389e-03 1 5 1 120.66501 1 1 7
22 3 8.05786e-01 3.53013e-02 6.10510e-03 -7.87866e-03 1 5 1 120.67285 1 1 7
22 3 8.05224e-01 4.47402e-02 7.71561e-03 -7.84236e-03 1 5 1 120.68809 1 1 7
22 3 8.04444e-01 5.52571e-02 9.48717e-03 -7.79138e-03 1 5 1 120.71735 1 1 7
22 3 8.03380e-01 6.70771e-02 1.14359e-02 -7.72045e-03 1 5 1 120.77335 1 1 7
22 3 8.01928e-01 8.05692e-02 1.35795e-02 -7.62135e-03 1 5 1 120.88159 1 1 7
22 3 7.99918e-01 9.64359e-02 1.59374e-02 -7.47930e-03 1 5 1 121.09831 1 1 7
22 3 7.96975e-01 1.16370e-01 1.85312e-02 -7.26066e-03 1 5 1 121.57606 1 1 7
22 3 7.91574e-01 1.47855e-01 2.13843e-02 -6.82201e-03 1 5 1 123.07726 1 1 10
23 3 8.08481e-01 -1.46888e-03 1.00000e-03 -6.50656e-03 9 9 0 142.92654 9 9 9
23 3 8.08458e-01 -3.08467e-03 2.10000e-03 -6.50453e-03 9 9 0 142.92513 9 9 9
23 3 8.08413e-01 -4.86205e-03 3.31000e-03 -6.50064e-03 9 9 0 142.92241 9 9 9
23 3 8.08342e-01 -6.81722e-03 4.64100e-03 -6.49435e-03 9 9 0 142.91801 9 9 9
23 3 8.08235e-01 -8.96800e-03 6.10510e-03 -6.48500e-03 9 9 0 142.91147 9 9 9
23 3 8.08084e-01 -1.13340e-02 7.71561e-03 -6.47177e-03 9 9 0 142.90217 9 9 9
23 3 8.07877e-01 -1.39368e-02 9.48717e-03 -6.45366e-03 9 9 0 142.88939 9 9 9
23 3 8.07600e-01 -1.68001e-02 1.14359e-02 -6.42942e-03 9 9 0 142.87220 9 9 9
23 3 8.07236e-01 -1.99502e-02 1.35795e-02 -6.39754e-03 9 9 0 142.84943 9 9 9
23 3 8.06763e-01 -2.34160e-02 1.59374e-02 -6.35616e-03 9 9 0 142.81958 9 9 9
23 3 8.06155e-01 -2.72292e-02 1.85312e-02 -6.30300e-03 9 9 0 142.78076 9 9 9
23 3 8.05379e-01 -3.14250e-02 2.13843e-02 -6.23527e-03 9 9 0 142.73054 9 9 9
23 3 8.04397e-01 -3.60422e-02 2.45227e-02 -6.14955e-03 9 9 0 142.66574 9 9 9
23 3 8.03160e-01 -4.11234e-02 2.79750e-02 -6.04169e-03 9 9 0 142.58221 9 9 9
23 3 8.01609e-01 -4.67160e-02 3.17725e-02 -5.90658e-03 9 9 0 142.47443 9 9 9
23 3 7.99670e-01 -5.28725e-02 3.59497e-02 -5.73799e-03 9 9 0 142.33498 9 9 9
23 3 7.97253e-01 -5.96508e-02 4.05447e-02 -5.52832e-03 9 9 0 142.15374 9 9 9
23 3 7.94250e-01 -6.71154e-02 4.55992e-02 -5.26819e-03 9 9 0 141.91670 9 9 9
23 3 7.90523e-01 -7.53377e-02 5.11591e-02 -4.94612e-03 9 9 0 141.60418 9 9 9
23 3 7.85903e-01 -8.43976e-02 5.72750e-02 -4.54786e-03 9 9 0 141.18809 9 9 9
24 3 8.10137e-01 -9.15944e-04 1.00000e-03 -5.16728e-03 8 10 0 173.81369 2 10 10
24 3 8.10116e-01 -1.92350e-03 2.10000e-03 -5.16520e-03 8 10 0 173.81454 2 10 10
24 3 8.10077e-01 -3.03187e-03 3.31000e-03 -5.16119e-03 8 10 0 173.81620 2 10 10
24 3 8.10015e-01 -4.25119e-03 4.64100e-03 -5.15471e-03 8 10 0 173.81893 2 10 10
24 3 8.09921e-01 -5.59261e-03 6.10510e-03 -5.14507e-03 8 10 0 173.82312 2 10 10
24 3 8.09789e-01 -7.06847e-03 7.71561e-03 -5.13139e-03 8 10 0 173.82928 2 10 10
24 3 8.09608e-01 -8.69238e-03 9.48717e-03 -5.11261e-03 8 10 0 173.83818 2 10 10
24 3 8.09367e-01 -1.04794e-02 1.14359e-02 -5.08739e-03 8 10 0 173.85099 2 10 10
24 3 8.09049e-01 -1.24463e-02 1.35795e-02 -5.05403e-03 8 10 0 173.86940 2 10 10
24 3 8.08636e-01 -1.46119e-02 1.59374e-02 -5.01045e-03 8 10 0 173.89608 2 10 10
24 3 8.08106e-01 -1.69974e-02 1.85312e-02 -4.95396e-03 8 10 0 173.93513 2 10 10
24 3 8.07432e-01 -1.96283e-02 2.13843e-02 -4.88123e-03 8 10 0 173.99284 2 10 10
24 3 8.06579e-01 -2.25362e-02 2.45227e-02 -4.78806e-03 8 10 0 174.07857 2 10 10
24 3 8.05505e-01 -2.57652e-02 2.79750e-02 -4.66942e-03 8 10 0 174.20467 2 10 10
24 3 8.04157e-01 -2.93824e-02 3.17725e-02 -4.51978e-03 8 10 0 174.38264 2 10 10
24 3 8.02467e-01 -3.34911e-02 3.59497e-02 -4.33427e-03 8 10 0 174.61032 2 10 10
24 3 8.00342e-01 -3.82294e-02 4.05447e-02 -4.10977e-03 8 10 0 174.85317 2 10 10
24 3 7.97667e-01 -4.37405e-02 4.55992e-02 -3.84400e-03 8 10 0 175.04163 2 10 10
24 3 7.94301e-01 -5.01454e-02 5.11591e-02 -3.53238e-03 8 10 0 175.09458 2 10 10
24 3 7.90075e-01 -5.75514e-02 5.72750e-02 -3.16583e-03 8 10 0 174.93815 2 10 10
25 3 8.11486e-01 -1.47103e-03 1.00000e-03 -4.07278e-03 11 11 0 212.59847 5 11 11
25 3 8.11462e-01 -3.08910e-03 2.10000e-03 -4.07132e-03 11 11 0 212.59924 5 11 11
25 3 8.11416e-01 -4.86882e-03 3.31000e-03 -4.06851e-03 11 11 0 212.60073 5 11 11
25 3 8.11343e-01 -6.82623e-03 4.64100e-03 -4.06398e-03 11 11 0 212.60315 5 11 11
25 3 8.11233e-01 -8.97890e-03 6.10510e-03 -4.05725e-03 11 11 0 212.60679 5 11 11
25 3 8.11078e-01 -1.13460e-02 7.71561e-03 -4.04772e-03 11 11 0 212.61205 5 11 11
25 3 8.10865e-01 -1.39487e-02 9.48717e-03 -4.03469e-03 11 11 0 212.61944 5 11 11
25 3 8.10581e-01 -1.68098e-02 1.14359e-02 -4.01725e-03 11 11 0 212.62967 5 11 11
25 3 8.10207e-01 -1.99544e-02 1.35795e-02 -3.99434e-03 11 11 0 212.64371 5 11 11
25 3 8.09722e-01 -2.34094e-02 1.59374e-02 -3.96463e-03 11 11 0 212.66292 5 11 11
25 3 8.09098e-01 -2.72043e-02 1.85312e-02 -3.92651e-03 11 11 0 212.68919 5 11 11
25 3 8.08303e-01 -3.13704e-02 2.13843e-02 -3.87800e-03 11 11 0 212.72519 5 11 11
25 3 8.07297e-01 -3.59415e-02 2.45227e-02 -3.81671e-03 11 11 0 212.77452 5 11 11
25 3 8.06030e-01 -4.09533e-02 2.79750e-02 -3.73972e-03 11 11 0 212.84189 5 11 11
25 3 8.04443e-01 -4.64440e-02 3.17725e-02 -3.64341e-03 11 11 0 212.93271 5 11 11
25 3 8.02462e-01 -5.24545e-02 3.59497e-02 -3.52331e-03 11 11 0 213.05143 5 11 11
25 3 7.99997e-01 -5.90311e-02 4.05447e-02 -3.37375e-03 11 11 0 213.19654 5 11 11
25 3 7.96940e-01 -6.62300e-02 4.55992e-02 -3.18738e-03 11 11 0 213.34977 5 11 11
25 3 7.93152e-01 -7.41264e-02 5.11591e-02 -2.95443e-03 11 11 0 213.45810 5 11 11
25 3 7.88466e-01 -8.28276e-02 5.72750e-02 -2.66183e-03 11 11 0 213.41480 5 11 11
26 3 8.13808e-01 -1.59407e-03 1.00000e-03 -2.18558e-03 14 14 0 359.12799 4 14 14
26 3 8.13783e-01 -3.34751e-03 2.10000e-03 -2.18449e-03 14 14 0 359.12967 4 14 14
26 3 8.13735e-01 -5.27619e-03 3.31000e-03 -2.18239e-03 14 14 0 359.13292 4 14 14
26 3 8.13658e-01 -7.39753e-03 4.64100e-03 -2.17899e-03 14 14 0 359.13826 4 14 14
26 3 8.13542e-01 -9.73065e-03 6.10510e-03 -2.17394e-03 14 14 0 359.14640 4 14 14
26 3 8.13380e-01 -1.22965e-02 7.71561e-03 -2.16680e-03 14 14 0 359.15829 4 14 14
26 3 8.13157e-01 -1.51181e-02 9.48717e-03 -2.15703e-03 14 14 0 359.17532 4 14 14
26 3 8.12859e-01 -1.82205e-02 1.14359e-02 -2.14397e-03 14 14 0 359.19943 4 14 14
26 3 8.12466e-01 -2.16311e-02 1.35795e-02 -2.12681e-03 14 14 0 359.23338 4 14 14
26 3 8.11957e-01 -2.53798e-02 1.59374e-02 -2.10456e-03 14 14 0 359.28113 4 14 14
26 3 8.11302e-01 -2.94989e-02 1.85312e-02 -2.07602e-03 14 14 0 359.34818 4 14 14
26 3 8.10467e-01 -3.40232e-02 2.13843e-02 -2.03971e-03 14 14 0 359.44175 4 14 14
26 3 8.09410e-01 -3.89906e-02 2.45227e-02 -1.99380e-03 14 14 0 359.57021 4 14 14
26 3 8.08080e-01 -4.44413e-02 2.79750e-02 -1.93603e-03 14 14 0 359.74010 4 14 14
26 3 8.06413e-01 -5.04193e-02 3.17725e-02 -1.86351e-03 14 14 0 359.94786 4 14 14
26 3 8.04333e-01 -5.69738e-02 3.59497e-02 -1.77251e-03 14 14 0 360.16239 4 14 14
26 3 8.01745e-01 -6.41623e-02 4.05447e-02 -1.65809e-03 14 14 0 360.29941 4 14 14
26 3 7.98533e-01 -7.20565e-02 4.55992e-02 -1.51373e-03 14 14 0 360.20115 6 14 14
27 3 8.16082e-01 -1.65659e-03 1.00000e-03 -3.31794e-04 28 28 0 1738.51901 8 28 28
27 3 8.16056e-01 -3.48013e-03 2.10000e-03 -3.31214e-04 28 28 0 1738.55083 6 28 28
27 3 8.16007e-01 -5.48938e-03 3.31000e-03 -3.30095e-04 28 28 0 1738.61970 6 28 28
27 3 8.15926e-01 -7.70643e-03 4.64100e-03 -3.28265e-04 28 28 0 1738.75393 6 28 28
27 3 8.15806e-01 -1.01583e-02 6.10510e-03 -3.25499e-04 28 28 0 1739.00972 6 28 28
27 3 8.15636e-01 -1.28796e-02 7.71561e-03 -3.21494e-04 28 28 0 1739.49304 6 28 28
27 3 8.15403e-01 -1.59156e-02 9.48717e-03 -3.15863e-04 28 28 0 1740.36697 6 28 28
27 3 8.15088e-01 -1.93179e-02 1.14359e-02 -3.08245e-04 28 28 0 1741.72188 6 28 28
27 3 8.14672e-01 -2.31206e-02 1.35795e-02 -2.98514e-04 28 28 0 1743.23491 4 28 28
27 3 8.14129e-01 -2.73320e-02 1.59374e-02 -2.86655e-04 28 28 0 1744.23560 4 28 28
27 3 8.13429e-01 -3.19629e-02 1.85312e-02 -2.72366e-04 28 28 0 1744.23289 4 28 28
