243 19 8.09364e-02 -1.59625e-03 1.00000e-03 -3.30052e-01 1 1 0 3.10272 1 1 1
243 19 8.09349e-02 -3.35212e-03 2.10000e-03 -3.30030e-01 1 1 0 3.10275 1 1 1
243 19 8.09320e-02 -5.28356e-03 3.31000e-03 -3.29990e-01 1 1 0 3.10280 1 1 1
243 19 8.09273e-02 -7.40813e-03 4.64100e-03 -3.29924e-01 1 1 0 3.10288 1 1 1
243 19 8.09203e-02 -9.74511e-03 6.10510e-03 -3.29825e-01 1 1 0 3.10300 1 1 1
243 19 8.09104e-02 -1.23157e-02 7.71561e-03 -3.29687e-01 1 1 0 3.10317 1 1 1
243 19 8.08969e-02 -1.51433e-02 9.48717e-03 -3.29496e-01 1 1 0 3.10340 1 1 1
243 19 8.08788e-02 -1.82535e-02 1.14359e-02 -3.29242e-01 1 1 0 3.10371 1 1 1
243 19 8.08549e-02 -2.16745e-02 1.35795e-02 -3.28908e-01 1 1 0 3.10412 1 1 1
243 19 8.08239e-02 -2.54374e-02 1.59374e-02 -3.28474e-01 1 1 0 3.10465 1 1 1
243 19 8.07841e-02 -2.95761e-02 1.85312e-02 -3.27916e-01 1 1 0 3.10533 1 1 1
243 19 8.07334e-02 -3.41280e-02 2.13843e-02 -3.27206e-01 1 1 0 3.10620 1 1 1
243 19 8.06691e-02 -3.91344e-02 2.45227e-02 -3.26307e-01 1 1 0 3.10730 1 1 1
243 19 8.05882e-02 -4.46402e-02 2.79750e-02 -3.25177e-01 1 1 0 3.10868 1 1 1
243 19 8.04867e-02 -5.06950e-02 3.17725e-02 -3.23762e-01 1 1 0 3.11042 1 1 1
243 19 8.03598e-02 -5.73531e-02 3.59497e-02 -3.21998e-01 1 1 0 3.11260 1 1 1
243 19 8.02018e-02 -6.46740e-02 4.05447e-02 -3.19806e-01 1 1 0 3.11531 1 1 1
243 19 8.00054e-02 -7.27228e-02 4.55992e-02 -3.17092e-01 1 1 0 3.11869 1 1 1
243 19 7.97618e-02 -8.15709e-02 5.11591e-02 -3.13739e-01 1 1 0 3.12288 1 1 1
243 19 7.94600e-02 -9.12960e-02 5.72750e-02 -3.09607e-01 1 1 0 3.12807 1 1 1
243 19 7.90862e-02 -1.01983e-01 6.40025e-02 -3.04524e-01 1 1 0 3.13452 1 1 1
243 19 7.86236e-02 -1.13724e-01 7.14028e-02 -2.98284e-01 1 1 0 3.14252 1 1 1
243 19 7.80507e-02 -1.26619e-01 7.95430e-02 -2.90636e-01 1 1 0 3.15245 1 1 1
243 19 7.73403e-02 -1.40776e-01 8.84973e-02 -2.81275e-01 1 1 0 3.16479 1 1 1
243 19 7.64577e-02 -1.56311e-01 9.83471e-02 -2.69833e-01 1 1 0 3.18018 1 1 1
243 19 7.53578e-02 -1.73347e-01 1.09182e-01 -2.55866e-01 1 1 0 3.19943 1 1 1
243 19 7.39805e-02 -1.92012e-01 1.21100e-01 -2.38836e-01 1 1 0 3.22362 1 1 1
243 19 7.22444e-02 -2.12440e-01 1.34210e-01 -2.18097e-01 1 1 0 3.25423 1 1 1
243 19 7.00346e-02 -2.34763e-01 1.48631e-01 -1.92868e-01 1 1 0 3.29331 1 1 1
244 19 1.59493e-01 -1.59521e-03 1.00000e-03 -3.20608e-01 2 2 0 6.27396 2 2 2
244 19 1.59490e-01 -3.34993e-03 2.10000e-03 -3.20587e-01 2 2 0 6.27402 2 2 2
244 19 1.59485e-01 -5.28012e-03 3.31000e-03 -3.20547e-01 2 2 0 6.27412 2 2 2
244 19 1.59476e-01 -7.40330e-03 4.64100e-03 -3.20482e-01 2 2 0 6.27428 2 2 2
244 19 1.59462e-01 -9.73875e-03 6.10510e-03 -3.20385e-01 2 2 0 6.27452 2 2 2
244 19 1.59443e-01 -1.23077e-02 7.71561e-03 -3.20249e-01 2 2 0 6.27486 2 2 2
244 19 1.59417e-01 -1.51334e-02 9.48717e-03 -3.20062e-01 2 2 0 6.27533 2 2 2
244 19 1.59382e-01 -1.82416e-02 1.14359e-02 -3.19812e-01 2 2 0 6.27595 2 2 2
244 19 1.59336e-01 -2.16604e-02 1.35795e-02 -3.19483e-01 2 2 0 6.27677 2 2 2
244 19 1.59276e-01 -2.54208e-02 1.59374e-02 -3.19056e-01 2 2 0 6.27784 2 2 2
244 19 1.59199e-01 -2.95568e-02 1.85312e-02 -3.18507e-01 2 2 0 6.27921 2 2 2
244 19 1.59101e-01 -3.41058e-02 2.13843e-02 -3.17809e-01 2 2 0 6.28096 2 2 2
244 19 1.58976e-01 -3.91088e-02 2.45227e-02 -3.16925e-01 2 2 0 6.28318 2 2 2
244 19 1.58820e-01 -4.46111e-02 2.79750e-02 -3.15813e-01 2 2 0 6.28597 2 2 2
244 19 1.58623e-01 -5.06620e-02 3.17725e-02 -3.14422e-01 2 2 0 6.28947 2 2 2
244 19 1.58378e-01 -5.73157e-02 3.59497e-02 -3.12687e-01 2 2 0 6.29385 2 2 2
244 19 1.58072e-01 -6.46319e-02 4.05447e-02 -3.10532e-01 2 2 0 6.29931 2 2 2
244 19 1.57691e-01 -7.26755e-02 4.55992e-02 -3.07863e-01 2 2 0 6.30610 2 2 2
244 19 1.57220e-01 -8.15178e-02 5.11591e-02 -3.04566e-01 2 2 0 6.31454 2 2 2
244 19 1.56635e-01 -9.12366e-02 5.72750e-02 -3.00502e-01 2 2 0 6.32500 2 2 2
244 19 1.55910e-01 -1.01917e-01 6.40025e-02 -2.95504e-01 2 2 0 6.33798 2 2 2
244 19 1.55012e-01 -1.13650e-01 7.14028e-02 -2.89369e-01 2 2 0 6.35407 2 2 2
244 19 1.53900e-01 -1.26537e-01 7.95430e-02 -2.81849e-01 2 2 0 6.37405 2 2 2
244 19 1.52519e-01 -1.40685e-01 8.84973e-02 -2.72647e-01 2 2 0 6.39889 2 2 2
244 19 1.50800e-01 -1.56210e-01 9.83471e-02 -2.61401e-01 2 2 0 6.42984 2 2 2
244 19 1.48655e-01 -1.73235e-01 1.09182e-01 -2.47676e-01 2 2 0 6.46854 2 2 2
244 19 1.45962e-01 -1.91889e-01 1.21100e-01 -2.30944e-01 2 2 0 6.51716 2 2 2
244 19 1.42552e-01 -2.12305e-01 1.34210e-01 -2.10574e-01 2 2 0 6.57866 2 2 2
244 19 1.38174e-01 -2.34615e-01 1.48631e-01 -1.85809e-01 2 2 0 6.65710 2 2 2
245 19 2.33634e-01 -1.59358e-03 1.00000e-03 -3.06035e-01 3 3 0 9.57786 3 3 3
245 19 2.33629e-01 -3.34651e-03 2.10000e-03 -3.06014e-01 3 3 0 9.57794 3 3 3
245 19 2.33621e-01 -5.27472e-03 3.31000e-03 -3.05975e-01 3 3 0 9.57809 3 3 3
245 19 2.33609e-01 -7.39573e-03 4.64100e-03 -3.05912e-01 3 3 0 9.57833 3 3 3
245 19 2.33589e-01 -9.72880e-03 6.10510e-03 -3.05818e-01 3 3 0 9.57870 3 3 3
245 19 2.33562e-01 -1.22951e-02 7.71561e-03 -3.05684e-01 3 3 0 9.57922 3 3 3
245 19 2.33525e-01 -1.51180e-02 9.48717e-03 -3.05502e-01 3 3 0 9.57993 3 3 3
245 19 2.33476e-01 -1.82230e-02 1.14359e-02 -3.05258e-01 3 3 0 9.58088 3 3 3
245 19 2.33410e-01 -2.16383e-02 1.35795e-02 -3.04937e-01 3 3 0 9.58213 3 3 3
245 19 2.33325e-01 -2.53948e-02 1.59374e-02 -3.04521e-01 3 3 0 9.58375 3 3 3
245 19 2.33216e-01 -2.95266e-02 1.85312e-02 -3.03985e-01 3 3 0 9.58584 3 3 3
245 19 2.33077e-01 -3.40709e-02 2.13843e-02 -3.03304e-01 3 3 0 9.58850 3 3 3
245 19 2.32901e-01 -3.90689e-02 2.45227e-02 -3.02442e-01 3 3 0 9.59188 3 3 3
245 19 2.32679e-01 -4.45655e-02 2.79750e-02 -3.01358e-01 3 3 0 9.59613 3 3 3
245 19 2.32400e-01 -5.06102e-02 3.17725e-02 -3.00000e-01 3 3 0 9.60146 3 3 3
245 19 2.32052e-01 -5.72572e-02 3.59497e-02 -2.98308e-01 3 3 0 9.60812 3 3 3
245 19 2.31618e-01 -6.45659e-02 4.05447e-02 -2.96206e-01 3 3 0 9.61643 3 3 3
245 19 2.31078e-01 -7.26013e-02 4.55992e-02 -2.93603e-01 3 3 0 9.62677 3 3 3
245 19 2.30408e-01 -8.14346e-02 5.11591e-02 -2.90387e-01 3 3 0 9.63960 3 3 3
245 19 2.29576e-01 -9.11436e-02 5.72750e-02 -2.86425e-01 3 3 0 9.65552 3 3 3
245 19 2.28546e-01 -1.01813e-01 6.40025e-02 -2.81552e-01 3 3 0 9.67526 3 3 3
245 19 2.27269e-01 -1.13534e-01 7.14028e-02 -2.75571e-01 3 3 0 9.69974 3 3 3
245 19 2.25686e-01 -1.26408e-01 7.95430e-02 -2.68241e-01 3 3 0 9.73011 3 3 3
245 19 2.23723e-01 -1.40542e-01 8.84973e-02 -2.59272e-01 3 3 0 9.76787 3 3 3
245 19 2.21288e-01 -1.56052e-01 9.83471e-02 -2.48312e-01 3 3 0 9.81492 3 3 3
245 19 2.18264e-01 -1.73060e-01 1.09182e-01 -2.34936e-01 3 3 0 9.87376 3 3 3
245 19 2.14513e-01 -1.91695e-01 1.21100e-01 -2.18626e-01 3 3 0 9.94771 3 3 3
245 19 2.09874e-01 -2.12090e-01 1.34210e-01 -1.98757e-01 3 3 0 10.04137 3 3 3
245 19 2.04171e-01 -2.34377e-01 1.48631e-01 -1.74568e-01 3 3 0 10.16128 3 3 3
245 19 1.97117e-01 -2.58687e-01 1.64494e-01 -1.45155e-01 3 3 0 10.31746 3 3 3
245 19 1.87330e-01 -2.85185e-01 1.81943e-01 -1.09605e-01 3 3 0 10.52568 3 3 3
246 19 3.01891e-01 -1.59150e-03 1.00000e-03 -2.87758e-01 4 4 0 13.07055 4 4 4
246 19 3.01886e-01 -3.34215e-03 2.10000e-03 -2.87738e-01 4 4 0 13.07066 4 4 4
246 19 3.01876e-01 -5.26785e-03 3.31000e-03 -2.87700e-01 4 4 0 13.07087 4 4 4
246 19 3.01860e-01 -7.38610e-03 4.64100e-03 -2.87638e-01 4 4 0 13.07120 4 4 4
246 19 3.01837e-01 -9.71613e-03 6.10510e-03 -2.87547e-01 4 4 0 13.07171 4 4 4
246 19 3.01804e-01 -1.22791e-02 7.71561e-03 -2.87417e-01 4 4 0 13.07242 4 4 4
246 19 3.01759e-01 -1.50983e-02 9.48717e-03 -2.87240e-01 4 4 0 13.07339 4 4 4
246 19 3.01698e-01 -1.81992e-02 1.14359e-02 -2.87003e-01 4 4 0 13.07470 4 4 4
246 19 3.01618e-01 -2.16101e-02 1.35795e-02 -2.86691e-01 4 4 0 13.07642 4 4 4
246 19 3.01514e-01 -2.53617e-02 1.59374e-02 -2.86286e-01 4 4 0 13.07865 4 4 4
246 19 3.01381e-01 -2.94881e-02 1.85312e-02 -2.85766e-01 4 4 0 13.08151 4 4 4
246 19 3.01210e-01 -3.40265e-02 2.13843e-02 -2.85104e-01 4 4 0 13.08517 4 4 4
246 19 3.00994e-01 -3.90180e-02 2.45227e-02 -2.84267e-01 4 4 0 13.08979 4 4 4
246 19 3.00721e-01 -4.45075e-02 2.79750e-02 -2.83213e-01 4 4 0 13.09563 4 4 4
246 19 3.00379e-01 -5.05444e-02 3.17725e-02 -2.81895e-01 4 4 0 13.10294 4 4 4
246 19 2.99950e-01 -5.71829e-02 3.59497e-02 -2.80251e-01 4 4 0 13.11208 4 4 4
246 19 2.99414e-01 -6.44824e-02 4.05447e-02 -2.78210e-01 4 4 0 13.12348 4 4 4
246 19 2.98746e-01 -7.25081e-02 4.55992e-02 -2.75684e-01 4 4 0 13.13765 4 4 4
246 19 2.97913e-01 -8.13311e-02 5.11591e-02 -2.72564e-01 4 4 0 13.15524 4 4 4
246 19 2.96875e-01 -9.10296e-02 5.72750e-02 -2.68721e-01 4 4 0 13.17705 4 4 4
246 19 2.95581e-01 -1.01689e-01 6.40025e-02 -2.63997e-01 4 4 0 13.20408 4 4 4
246 19 2.93963e-01 -1.13402e-01 7.14028e-02 -2.58205e-01 4 4 0 13.23758 4 4 4
246 19 2.91934e-01 -1.26272e-01 7.95430e-02 -2.51113e-01 4 4 0 13.27912 4 4 4
246 19 2.89379e-01 -1.40409e-01 8.84973e-02 -2.42447e-01 4 4 0 13.33069 4 4 4
246 19 2.86137e-01 -1.55936e-01 9.83471e-02 -2.31878e-01 4 4 0 13.39487 4 4 4
246 19 2.81980e-01 -1.72987e-01 1.09182e-01 -2.19012e-01 4 4 0 13.47498 4 4 4
246 19 2.76570e-01 -1.91711e-01 1.21100e-01 -2.03385e-01 4 4 0 13.57543 4 4 4
246 19 2.69369e-01 -2.12279e-01 1.34210e-01 -1.84461e-01 4 4 0 13.70216 4 4 4
246 19 2.59468e-01 -2.34888e-01 1.48631e-01 -1.61630e-01 4 4 0 13.86345 4 4 4
246 19 2.45303e-01 -2.59792e-01 1.64494e-01 -1.34209e-01 4 4 0 14.07156 4 4 4
247 19 3.42512e-01 6.88474e-03 1.00000e-03 -2.74647e-01 1 1 1 15.45431 1 1 2
247 19 3.42477e-01 1.44584e-02 2.10000e-03 -2.74562e-01 1 1 1 15.45598 1 1 2
247 19 3.42409e-01 2.27904e-02 3.31000e-03 -2.74397e-01 1 1 1 15.45919 1 1 2
247 19 3.42299e-01 3.19576e-02 4.64100e-03 -2.74131e-01 1 1 1 15.46439 1 1 2
247 19 3.42136e-01 4.20449e-02 6.10510e-03 -2.73735e-01 1 1 1 15.47215 1 1 2
247 19 3.41905e-01 5.31464e-02 7.71561e-03 -2.73174e-01 1 1 1 15.48318 1 1 2
247 19 3.41590e-01 6.53666e-02 9.48717e-03 -2.72405e-01 1 1 1 15.49840 1 1 2
247 19 3.41169e-01 7.88219e-02 1.14359e-02 -2.71375e-01 1 1 1 15.51895 1 1 2
247 19 3.40617e-01 9.36427e-02 1.35795e-02 -2.70017e-01 1 1 1 15.54634 1 1 2
247 19 3.39901e-01 1.09976e-01 1.59374e-02 -2.68250e-01 1 1 1 15.58252 1 1 2
247 19 3.38985e-01 1.27987e-01 1.85312e-02 -2.65970e-01 1 1 1 15.63007 1 1 2
247 19 3.37824e-01 1.47871e-01 2.13843e-02 -2.63051e-01 1 1 1 15.69250 1 1 2
247 19 3.36365e-01 1.69851e-01 2.45227e-02 -2.59331e-01 1 1 1 15.77469 1 1 2
247 19 3.34545e-01 1.94204e-01 2.79750e-02 -2.54602e-01 1 1 1 15.88368 1 1 2
247 19 3.32295e-01 2.21281e-01 3.17725e-02 -2.48593e-01 1 1 1 16.03014 1 1 2
247 19 3.29538e-01 2.51581e-01 3.59497e-02 -2.40927e-01 1 1 1 16.23139 1 1 2
247 19 3.26192e-01 2.85983e-01 4.05447e-02 -2.31020e-01 1 1 1 16.51930 1 1 2
247 19 3.22056e-01 3.27783e-01 4.55992e-02 -2.17356e-01 1 1 1 16.97996 1 1 2
248 19 3.63435e-01 -1.58915e-03 1.00000e-03 -2.67285e-01 5 5 0 16.79758 5 5 5
248 19 3.63429e-01 -3.33722e-03 2.10000e-03 -2.67265e-01 5 5 0 16.79772 5 5 5
248 19 3.63419e-01 -5.26007e-03 3.31000e-03 -2.67228e-01 5 5 0 16.79800 5 5 5
248 19 3.63402e-01 -7.37519e-03 4.64100e-03 -2.67168e-01 5 5 0 16.79844 5 5 5
248 19 3.63376e-01 -9.70178e-03 6.10510e-03 -2.67079e-01 5 5 0 16.79911 5 5 5
248 19 3.63340e-01 -1.22610e-02 7.71561e-03 -2.66953e-01 5 5 0 16.80005 5 5 5
248 19 3.63290e-01 -1.50760e-02 9.48717e-03 -2.66780e-01 5 5 0 16.80134 5 5 5
248 19 3.63224e-01 -1.81723e-02 1.14359e-02 -2.66549e-01 5 5 0 16.80307 5 5 5
248 19 3.63137e-01 -2.15781e-02 1.35795e-02 -2.66244e-01 5 5 0 16.80534 5 5 5
248 19 3.63024e-01 -2.53241e-02 1.59374e-02 -2.65849e-01 5 5 0 16.80829 5 5 5
248 19 3.62879e-01 -2.94442e-02 1.85312e-02 -2.65342e-01 5 5 0 16.81209 5 5 5
248 19 3.62695e-01 -3.39758e-02 2.13843e-02 -2.64696e-01 5 5 0 16.81693 5 5 5
248 19 3.62464e-01 -3.89596e-02 2.45227e-02 -2.63878e-01 5 5 0 16.82307 5 5 5
248 19 3.62173e-01 -4.44406e-02 2.79750e-02 -2.62848e-01 5 5 0 16.83081 5 5 5
248 19 3.61811e-01 -5.04679e-02 3.17725e-02 -2.61559e-01 5 5 0 16.84052 5 5 5
248 19 3.61363e-01 -5.70956e-02 3.59497e-02 -2.59950e-01 5 5 0 16.85269 5 5 5
248 19 3.60811e-01 -6.43828e-02 4.05447e-02 -2.57949e-01 5 5 0 16.86787 5 5 5
248 19 3.60135e-01 -7.23943e-02 4.55992e-02 -2.55468e-01 5 5 0 16.88679 5 5 5
248 19 3.59311e-01 -8.12007e-02 5.11591e-02 -2.52398e-01 5 5 0 16.91035 5 5 5
248 19 3.58316e-01 -9.08792e-02 5.72750e-02 -2.48607e-01 5 5 0 16.93968 5 5 5
248 19 3.57123e-01 -1.01514e-01 6.40025e-02 -2.43931e-01 5 5 0 16.97621 5 5 5
248 19 3.55711e-01 -1.13196e-01 7.14028e-02 -2.38170e-01 5 5 0 17.02180 5 5 5
248 19 3.54069e-01 -1.26023e-01 7.95430e-02 -2.31075e-01 5 5 0 17.07888 5 5 5
248 19 3.52213e-01 -1.40101e-01 8.84973e-02 -2.22333e-01 5 5 0 17.15075 5 5 5
248 19 3.50214e-01 -1.55543e-01 9.83471e-02 -2.11551e-01 5 5 0 17.24198 5 5 5
248 19 3.48252e-01 -1.72475e-01 1.09182e-01 -1.98217e-01 5 5 0 17.35918 5 5 5
249 19 4.17986e-01 -1.58672e-03 1.00000e-03 -2.45971e-01 6 6 0 20.79104 6 6 6
249 19 4.17980e-01 -3.33213e-03 2.10000e-03 -2.45952e-01 6 6 0 20.79123 6 6 6
249 19 4.17970e-01 -5.25212e-03 3.31000e-03 -2.45915e-01 6 6 0 20.79161 6 6 6
249 19 4.17953e-01 -7.36416e-03 4.64100e-03 -2.45856e-01 6 6 0 20.79221 6 6 6
249 19 4.17929e-01 -9.68752e-03 6.10510e-03 -2.45768e-01 6 6 0 20.79310 6 6 6
249 19 4.17894e-01 -1.22434e-02 7.71561e-03 -2.45643e-01 6 6 0 20.79436 6 6 6
249 19 4.17846e-01 -1.50551e-02 9.48717e-03 -2.45472e-01 6 6 0 20.79609 6 6 6
249 19 4.17783e-01 -1.81484e-02 1.14359e-02 -2.45244e-01 6 6 0 20.79841 6 6 6
249 19 4.17699e-01 -2.15515e-02 1.35795e-02 -2.44943e-01 6 6 0 20.80146 6 6 6
249 19 4.17590e-01 -2.52958e-02 1.59374e-02 -2.44553e-01 6 6 0 20.80542 6 6 6
249 19 4.17450e-01 -2.94157e-02 1.85312e-02 -2.44052e-01 6 6 0 20.81052 6 6 6
249 19 4.17271e-01 -3.39492e-02 2.13843e-02 -2.43413e-01 6 6 0 20.81702 6 6 6
249 19 4.17045e-01 -3.89384e-02 2.45227e-02 -2.42605e-01 6 6 0 20.82525 6 6 6
249 19 4.16761e-01 -4.44297e-02 2.79750e-02 -2.41589e-01 6 6 0 20.83564 6 6 6
249 19 4.16404e-01 -5.04747e-02 3.17725e-02 -2.40316e-01 6 6 0 20.84868 6 6 6
249 19 4.15958e-01 -5.71303e-02 3.59497e-02 -2.38729e-01 6 6 0 20.86499 6 6 6
249 19 4.15404e-01 -6.44602e-02 4.05447e-02 -2.36756e-01 6 6 0 20.88535 6 6 6
249 19 4.14716e-01 -7.25350e-02 4.55992e-02 -2.34312e-01 6 6 0 20.91072 6 6 6
249 19 4.13864e-01 -8.14340e-02 5.11591e-02 -2.31290e-01 6 6 0 20.94229 6 6 6
249 19 4.12811e-01 -9.12460e-02 5.72750e-02 -2.27562e-01 6 6 0 20.98155 6 6 6
249 19 4.11511e-01 -1.02072e-01 6.40025e-02 -2.22972e-01 6 6 0 21.03037 6 6 6
249 19 4.09911e-01 -1.14025e-01 7.14028e-02 -2.17327e-01 6 6 0 21.09116 6 6 6
249 19 4.07946e-01 -1.27237e-01 7.95430e-02 -2.10393e-01 6 6 0 21.16698 6 6 6
249 19 4.05539e-01 -1.41862e-01 8.84973e-02 -2.01881e-01 6 6 0 21.26184 6 6 6
249 19 4.02608e-01 -1.58079e-01 9.83471e-02 -1.91431e-01 6 6 0 21.38104 6 6 6
249 19 3.99072e-01 -1.76113e-01 1.09182e-01 -1.78593e-01 6 6 0 21.53177 6 6 6
249 19 3.94882e-01 -1.96250e-01 1.21100e-01 -1.62785e-01 6 6 0 21.72421 6 6 6
249 19 3.90125e-01 -2.18927e-01 1.34210e-01 -1.43208e-01 6 6 0 21.97409 6 6 6
250 19 4.65620e-01 -1.58441e-03 1.00000e-03 -2.24926e-01 7 7 0 25.06180 7 7 7
250 19 4.65617e-01 -3.32725e-03 2.10000e-03 -2.24906e-01 7 7 0 25.06209 7 7 7
250 19 4.65610e-01 -5.24433e-03 3.31000e-03 -2.24869e-01 7 7 0 25.06264 7 7 7
250 19 4.65599e-01 -7.35304e-03 4.64100e-03 -2.24807e-01 7 7 0 25.06353 7 7 7
250 19 4.65582e-01 -9.67249e-03 6.10510e-03 -2.24717e-01 7 7 0 25.06485 7 7 7
250 19 4.65559e-01 -1.22237e-02 7.71561e-03 -2.24588e-01 7 7 0 25.06672 7 7 7
250 19 4.65527e-01 -1.50297e-02 9.48717e-03 -2.24413e-01 7 7 0 25.06929 7 7 7
250 19 4.65484e-01 -1.81158e-02 1.14359e-02 -2.24178e-01 7 7 0 25.07272 7 7 7
250 19 4.65428e-01 -2.15098e-02 1.35795e-02 -2.23869e-01 7 7 0 25.07724 7 7 7
250 19 4.65354e-01 -2.52422e-02 1.59374e-02 -2.23467e-01 7 7 0 25.08310 7 7 7
250 19 4.65260e-01 -2.93465e-02 1.85312e-02 -2.22952e-01 7 7 0 25.09065 7 7 7
250 19 4.65140e-01 -3.38592e-02 2.13843e-02 -2.22296e-01 7 7 0 25.10029 7 7 7
250 19 4.64987e-01 -3.88204e-02 2.45227e-02 -2.21466e-01 7 7 0 25.11250 7 7 7
250 19 4.64795e-01 -4.42739e-02 2.79750e-02 -2.20423e-01 7 7 0 25.12790 7 7 7
250 19 4.64553e-01 -5.02673e-02 3.17725e-02 -2.19118e-01 7 7 0 25.14724 7 7 7
250 19 4.64250e-01 -5.68527e-02 3.59497e-02 -2.17491e-01 7 7 0 25.17146 7 7 7
250 19 4.63871e-01 -6.40866e-02 4.05447e-02 -2.15472e-01 7 7 0 25.20170 7 7 7
250 19 4.63397e-01 -7.20300e-02 4.55992e-02 -2.12974e-01 7 7 0 25.23939 7 7 7
250 19 4.62805e-01 -8.07489e-02 5.11591e-02 -2.09893e-01 7 7 0 25.28629 7 7 7
250 19 4.62061e-01 -9.03141e-02 5.72750e-02 -2.06103e-01 7 7 0 25.34463 7 7 7
250 19 4.61122e-01 -1.00801e-01 6.40025e-02 -2.01455e-01 7 7 0 25.41713 7 7 7
250 19 4.59925e-01 -1.12290e-01 7.14028e-02 -1.95772e-01 7 7 0 25.50723 7 7 7
250 19 4.58375e-01 -1.24867e-01 7.95430e-02 -1.88848e-01 7 7 0 25.61909 7 7 7
250 19 4.56313e-01 -1.38624e-01 8.84973e-02 -1.80455e-01 7 7 0 25.75776 7 7 7
250 19 4.53458e-01 -1.53666e-01 9.83471e-02 -1.70354e-01 7 7 0 25.92891 7 7 7
250 19 4.49260e-01 -1.70133e-01 1.09182e-01 -1.58340e-01 7 7 0 26.13812 7 7 7
250 19 4.42566e-01 -1.88263e-01 1.21100e-01 -1.44353e-01 7 7 0 26.38919 7 7 7
250 19 4.31106e-01 -2.08528e-01 1.34210e-01 -1.28604e-01 7 7 0 26.68323 7 7 7
251 19 5.06388e-01 -1.58248e-03 1.00000e-03 -2.05113e-01 8 8 0 29.56101 8 8 8
251 19 5.06391e-01 -3.32321e-03 2.10000e-03 -2.05090e-01 8 8 0 29.56160 8 8 8
251 19 5.06398e-01 -5.23799e-03 3.31000e-03 -2.05045e-01 8 8 0 29.56273 8 8 8
251 19 5.06409e-01 -7.34421e-03 4.64100e-03 -2.04973e-01 8 8 0 29.56457 8 8 8
251 19 5.06426e-01 -9.66100e-03 6.10510e-03 -2.04867e-01 8 8 0 29.56729 8 8 8
251 19 5.06450e-01 -1.22094e-02 7.71561e-03 -2.04716e-01 8 8 0 29.57115 8 8 8
251 19 5.06482e-01 -1.50124e-02 9.48717e-03 -2.04509e-01 8 8 0 29.57644 8 8 8
251 19 5.06525e-01 -1.80956e-02 1.14359e-02 -2.04232e-01 8 8 0 29.58354 8 8 8
251 19 5.06581e-01 -2.14868e-02 1.35795e-02 -2.03868e-01 8 8 0 29.59289 8 8 8
251 19 5.06655e-01 -2.52168e-02 1.59374e-02 -2.03396e-01 8 8 0 29.60507 8 8 8
251 19 5.06749e-01 -2.93192e-02 1.85312e-02 -2.02789e-01 8 8 0 29.62078 8 8 8
251 19 5.06868e-01 -3.38311e-02 2.13843e-02 -2.02017e-01 8 8 0 29.64090 8 8 8
251 19 5.07020e-01 -3.87934e-02 2.45227e-02 -2.01040e-01 8 8 0 29.66652 8 8 8
251 19 5.07209e-01 -4.42508e-02 2.79750e-02 -1.99811e-01 8 8 0 29.69902 8 8 8
251 19 5.07443e-01 -5.02528e-02 3.17725e-02 -1.98274e-01 8 8 0 29.74012 8 8 8
251 19 5.07731e-01 -5.68541e-02 3.59497e-02 -1.96360e-01 8 8 0 29.79198 8 8 8
251 19 5.08079e-01 -6.41152e-02 4.05447e-02 -1.93987e-01 8 8 0 29.85731 8 8 8
251 19 5.08489e-01 -7.21039e-02 4.55992e-02 -1.91057e-01 8 8 0 29.93952 8 8 8
251 19 5.08955e-01 -8.08972e-02 5.11591e-02 -1.87457e-01 8 8 0 30.04279 8 8 8
251 19 5.09446e-01 -9.05835e-02 5.72750e-02 -1.83061e-01 8 8 0 30.17207 8 8 8
251 19 5.09887e-01 -1.01268e-01 6.40025e-02 -1.77732e-01 8 8 0 30.33283 8 8 8
251 19 5.10121e-01 -1.13075e-01 7.14028e-02 -1.71337e-01 8 8 0 30.53025 8 8 8
251 19 5.09878e-01 -1.26158e-01 7.95430e-02 -1.63752e-01 8 8 0 30.76766 8 8 8
251 19 5.08780e-01 -1.40708e-01 8.84973e-02 -1.54847e-01 8 8 0 31.04516 8 8 8
251 19 5.06572e-01 -1.57025e-01 9.83471e-02 -1.44337e-01 8 8 0 31.36216 8 8 8
252 19 5.38203e-01 -1.58127e-03 1.00000e-03 -1.88496e-01 9 9 0 33.83736 9 9 9
252 19 5.38289e-01 -3.32065e-03 2.10000e-03 -1.88428e-01 9 9 0 33.84224 9 9 9
252 19 5.38456e-01 -5.23393e-03 3.31000e-03 -1.88297e-01 9 9 0 33.85174 9 9 9
252 19 5.38731e-01 -7.33850e-03 4.64100e-03 -1.88083e-01 9 9 0 33.86747 9 9 9
252 19 5.39152e-01 -9.65342e-03 6.10510e-03 -1.87758e-01 9 9 0 33.89178 9 9 9
252 19 5.39774e-01 -1.21997e-02 7.71561e-03 -1.87283e-01 9 9 0 33.92821 9 9 9
252 19 5.40680e-01 -1.50003e-02 9.48717e-03 -1.86603e-01 9 9 0 33.98245 9 9 9
252 19 5.42004e-01 -1.80807e-02 1.14359e-02 -1.85632e-01 9 9 0 34.06427 9 9 9
252 19 5.43969e-01 -2.14685e-02 1.35795e-02 -1.84230e-01 9 9 0 34.19170 9 9 9
252 19 5.46936e-01 -2.51944e-02 1.59374e-02 -1.82176e-01 9 9 0 34.39856 9 9 9
252 19 5.51211e-01 -2.92915e-02 1.85312e-02 -1.79270e-01 9 9 0 34.73027 9 9 9
252 19 5.56070e-01 -3.37954e-02 2.13843e-02 -1.75869e-01 9 9 0 35.16259 9 9 9
252 19 5.60090e-01 -3.87412e-02 2.45227e-02 -1.72726e-01 9 9 0 35.57956 9 9 9
252 19 5.62914e-01 -4.41675e-02 2.79750e-02 -1.70009e-01 9 9 0 35.93021 9 9 9
252 19 5.64727e-01 -5.01188e-02 3.17725e-02 -1.67571e-01 9 9 0 36.22056 9 9 9
252 19 5.65698e-01 -5.66449e-02 3.59497e-02 -1.65260e-01 9 9 0 36.46485 9 9 9
252 19 5.65908e-01 -6.37993e-02 4.05447e-02 -1.62953e-01 9 9 0 36.67463 9 9 9
252 19 5.65379e-01 -7.16395e-02 4.55992e-02 -1.60544e-01 9 9 0 36.85838 9 9 9
252 19 5.64083e-01 -8.02263e-02 5.11591e-02 -1.57934e-01 9 9 0 37.02239 9 9 9
252 19 5.61958e-01 -8.96238e-02 5.72750e-02 -1.55017e-01 9 9 0 37.17145 9 9 9
252 19 5.58903e-01 -9.98999e-02 6.40025e-02 -1.51675e-01 9 9 0 37.30928 9 9 9
253 19 5.75231e-01 9.46551e-03 1.00000e-03 -1.67838e-01 2 2 1 40.04313 2 2 7
253 19 5.75115e-01 1.98778e-02 2.10000e-03 -1.67735e-01 2 2 1 40.05087 2 2 7
253 19 5.74891e-01 3.13318e-02 3.31000e-03 -1.67538e-01 2 2 1 40.06577 2 2 7
253 19 5.74530e-01 4.39325e-02 4.64100e-03 -1.67218e-01 2 2 1 40.08999 2 2 7
253 19 5.73994e-01 5.77961e-02 6.10510e-03 -1.66742e-01 2 2 1 40.12628 2 2 7
253 19 5.73237e-01 7.30522e-02 7.71561e-03 -1.66067e-01 2 2 1 40.17823 2 2 7
253 19 5.72201e-01 8.98470e-02 9.48717e-03 -1.65140e-01 2 2 1 40.25055 2 2 7
253 19 5.70816e-01 1.08349e-01 1.14359e-02 -1.63894e-01 2 2 1 40.34958 2 2 7
253 19 5.68998e-01 1.28761e-01 1.35795e-02 -1.62242e-01 2 2 1 40.48409 2 2 7
253 19 5.66636e-01 1.51347e-01 1.59374e-02 -1.60072e-01 2 2 1 40.66672 2 2 7
253 19 5.63585e-01 1.76509e-01 1.85312e-02 -1.57224e-01 2 2 1 40.91709 2 2 7
253 19 5.59608e-01 2.05099e-01 2.13843e-02 -1.53433e-01 2 2 1 41.27064 2 2 7
253 19 5.53754e-01 2.41952e-01 2.45227e-02 -1.47735e-01 2 2 1 41.85037 2 2 7
254 19 5.84868e-01 -1.58120e-03 1.00000e-03 -1.62292e-01 10 10 0 41.93169 10 10 10
254 19 5.84847e-01 -3.32052e-03 2.10000e-03 -1.62283e-01 10 10 0 41.93240 10 10 10
254 19 5.84807e-01 -5.23375e-03 3.31000e-03 -1.62265e-01 10 10 0 41.93378 10 10 10
254 19 5.84741e-01 -7.33828e-03 4.64100e-03 -1.62238e-01 10 10 0 41.93599 10 10 10
254 19 5.84644e-01 -9.65321e-03 6.10510e-03 -1.62196e-01 10 10 0 41.93929 10 10 10
254 19 5.84506e-01 -1.21996e-02 7.71561e-03 -1.62138e-01 10 10 0 41.94393 10 10 10
254 19 5.84317e-01 -1.50004e-02 9.48717e-03 -1.62057e-01 10 10 0 41.95028 10 10 10
254 19 5.84066e-01 -1.80812e-02 1.14359e-02 -1.61949e-01 10 10 0 41.95873 10 10 10
254 19 5.83736e-01 -2.14699e-02 1.35795e-02 -1.61807e-01 10 10 0 41.96978 10 10 10
254 19 5.83308e-01 -2.51970e-02 1.59374e-02 -1.61622e-01 10 10 0 41.98403 10 10 10
254 19 5.82762e-01 -2.92964e-02 1.85312e-02 -1.61382e-01 10 10 0 42.00215 10 10 10
254 19 5.82069e-01 -3.38049e-02 2.13843e-02 -1.61074e-01 10 10 0 42.02495 10 10 10
254 19 5.81197e-01 -3.87634e-02 2.45227e-02 -1.60680e-01 10 10 0 42.05334 10 10 10
254 19 5.80110e-01 -4.42165e-02 2.79750e-02 -1.60179e-01 10 10 0 42.08831 10 10 10
254 19 5.78763e-01 -5.02129e-02 3.17725e-02 -1.59542e-01 10 10 0 42.13092 10 10 10
254 19 5.77104e-01 -5.68066e-02 3.59497e-02 -1.58733e-01 10 10 0 42.18223 10 10 10
254 19 5.75076e-01 -6.40563e-02 4.05447e-02 -1.57706e-01 10 10 0 42.24319 10 10 10
254 19 5.72611e-01 -7.20265e-02 4.55992e-02 -1.56402e-01 10 10 0 42.31449 10 10 10
254 19 5.69633e-01 -8.07879e-02 5.11591e-02 -1.54743e-01 10 10 0 42.39640 10 10 10
254 19 5.66054e-01 -9.04186e-02 5.72750e-02 -1.52635e-01 10 10 0 42.48859 10 10 10
254 19 5.61764e-01 -1.01007e-01 6.40025e-02 -1.49961e-01 10 10 0 42.59008 10 10 10
254 19 5.56621e-01 -1.12659e-01 7.14028e-02 -1.46582e-01 10 10 0 42.69930 10 10 10
255 19 6.07440e-01 -1.58329e-03 1.00000e-03 -1.48836e-01 11 11 0 46.97441 11 11 11
255 19 6.07420e-01 -3.32491e-03 2.10000e-03 -1.48826e-01 11 11 0 46.97472 11 11 11
255 19 6.07382e-01 -5.24066e-03 3.31000e-03 -1.48808e-01 11 11 0 46.97533 11 11 11
255 19 6.07321e-01 -7.34795e-03 4.64100e-03 -1.48779e-01 11 11 0 46.97630 11 11 11
255 19 6.07230e-01 -9.66589e-03 6.10510e-03 -1.48736e-01 11 11 0 46.97774 11 11 11
255 19 6.07102e-01 -1.22155e-02 7.71561e-03 -1.48675e-01 11 11 0 46.97979 11 11 11
255 19 6.06926e-01 -1.50199e-02 9.48717e-03 -1.48591e-01 11 11 0 46.98259 11 11 11
255 19 6.06690e-01 -1.81045e-02 1.14359e-02 -1.48479e-01 11 11 0 46.98633 11 11 11
255 19 6.06381e-01 -2.14972e-02 1.35795e-02 -1.48332e-01 11 11 0 46.99126 11 11 11
255 19 6.05979e-01 -2.52285e-02 1.59374e-02 -1.48140e-01 11 11 0 46.99765 11 11 11
255 19 6.05462e-01 -2.93321e-02 1.85312e-02 -1.47894e-01 11 11 0 47.00585 11 11 11
255 19 6.04804e-01 -3.38448e-02 2.13843e-02 -1.47580e-01 11 11 0 47.01630 11 11 11
255 19 6.03971e-01 -3.88068e-02 2.45227e-02 -1.47183e-01 11 11 0 47.02950 11 11 11
255 19 6.02923e-01 -4.42621e-02 2.79750e-02 -1.46683e-01 11 11 0 47.04609 11 11 11
255 19 6.01611e-01 -5.02586e-02 3.17725e-02 -1.46055e-01 11 11 0 47.06683 11 11 11
255 19 5.99974e-01 -5.68481e-02 3.59497e-02 -1.45271e-01 11 11 0 47.09264 11 11 11
255 19 5.97940e-01 -6.40863e-02 4.05447e-02 -1.44295e-01 11 11 0 47.12464 11 11 11
255 19 5.95418e-01 -7.20326e-02 4.55992e-02 -1.43081e-01 11 11 0 47.16415 11 11 11
255 19 5.92302e-01 -8.07489e-02 5.11591e-02 -1.41576e-01 11 11 0 47.21276 11 11 11
255 19 5.88460e-01 -9.02980e-02 5.72750e-02 -1.39712e-01 11 11 0 47.27234 11 11 11
255 19 5.83735e-01 -1.00741e-01 6.40025e-02 -1.37404e-01 11 11 0 47.34505 11 11 11
255 19 5.77936e-01 -1.12131e-01 7.14028e-02 -1.34550e-01 11 11 0 47.43335 11 11 11
255 19 5.70839e-01 -1.24505e-01 7.95430e-02 -1.31019e-01 11 11 0 47.53997 11 11 11
255 19 5.62171e-01 -1.37871e-01 8.84973e-02 -1.26652e-01 11 11 0 47.66767 11 11 11
255 19 5.51603e-01 -1.52194e-01 9.83471e-02 -1.21258e-01 11 11 0 47.81888 11 11 11
255 19 5.38675e-01 -1.67395e-01 1.09182e-01 -1.14634e-01 11 11 0 47.99481 11 11 11
256 19 6.29695e-01 -1.58929e-03 1.00000e-03 -1.35069e-01 12 12 0 53.00117 12 12 12
256 19 6.29676e-01 -3.33754e-03 2.10000e-03 -1.35060e-01 12 12 0 53.00142 12 12 12
256 19 6.29641e-01 -5.26071e-03 3.31000e-03 -1.35041e-01 12 12 0 53.00189 12 12 12
256 19 6.29583e-01 -7.37638e-03 4.64100e-03 -1.35011e-01 12 12 0 53.00266 12 12 12
256 19 6.29498e-01 -9.70393e-03 6.10510e-03 -1.34966e-01 12 12 0 53.00381 12 12 12
256 19 6.29377e-01 -1.22647e-02 7.71561e-03 -1.34903e-01 12 12 0 53.00543 12 12 12
256 19 6.29211e-01 -1.50823e-02 9.48717e-03 -1.34816e-01 12 12 0 53.00764 12 12 12
256 19 6.28989e-01 -1.81828e-02 1.14359e-02 -1.34701e-01 12 12 0 53.01061 12 12 12
256 19 6.28697e-01 -2.15949e-02 1.35795e-02 -1.34548e-01 12 12 0 53.01451 12 12 12
256 19 6.28318e-01 -2.53506e-02 1.59374e-02 -1.34350e-01 12 12 0 53.01957 12 12 12
256 19 6.27830e-01 -2.94852e-02 1.85312e-02 -1.34096e-01 12 12 0 53.02607 12 12 12
256 19 6.27208e-01 -3.40380e-02 2.13843e-02 -1.33772e-01 12 12 0 53.03435 12 12 12
256 19 6.26421e-01 -3.90526e-02 2.45227e-02 -1.33363e-01 12 12 0 53.04483 12 12 12
256 19 6.25428e-01 -4.45780e-02 2.79750e-02 -1.32847e-01 12 12 0 53.05800 12 12 12
256 19 6.24182e-01 -5.06688e-02 3.17725e-02 -1.32201e-01 12 12 0 53.07450 12 12 12
256 19 6.22625e-01 -5.73867e-02 3.59497e-02 -1.31394e-01 12 12 0 53.09506 12 12 12
256 19 6.20682e-01 -6.48014e-02 4.05447e-02 -1.30391e-01 12 12 0 53.12060 12 12 12
256 19 6.18266e-01 -7.29926e-02 4.55992e-02 -1.29147e-01 12 12 0 53.15224 12 12 12
256 19 6.15264e-01 -8.20517e-02 5.11591e-02 -1.27606e-01 12 12 0 53.19132 12 12 12
256 19 6.11538e-01 -9.20855e-02 5.72750e-02 -1.25702e-01 12 12 0 53.23951 12 12 12
256 19 6.06918e-01 -1.03220e-01 6.40025e-02 -1.23350e-01 12 12 0 53.29884 12 12 12
256 19 6.01188e-01 -1.15609e-01 7.14028e-02 -1.20445e-01 12 12 0 53.37181 12 12 12
256 19 5.94083e-01 -1.29445e-01 7.95430e-02 -1.16853e-01 12 12 0 53.46160 12 12 12
256 19 5.85273e-01 -1.44987e-01 8.84973e-02 -1.12392e-01 12 12 0 53.57245 12 12 12
256 19 5.74363e-01 -1.62636e-01 9.83471e-02 -1.06801e-01 12 12 0 53.71074 12 12 12
256 19 5.60921e-01 -1.83147e-01 1.09182e-01 -9.96426e-02 12 12 0 53.88898 12 12 12
257 19 6.49433e-01 -1.60346e-03 1.00000e-03 -1.22446e-01 13 13 0 59.54171 13 13 13
257 19 6.49415e-01 -3.36727e-03 2.10000e-03 -1.22436e-01 13 13 0 59.54196 13 13 13
257 19 6.49380e-01 -5.30747e-03 3.31000e-03 -1.22417e-01 13 13 0 59.54243 13 13 13
257 19 6.49325e-01 -7.44172e-03 4.64100e-03 -1.22387e-01 13 13 0 59.54321 13 13 13
257 19 6.49242e-01 -9.78943e-03 6.10510e-03 -1.22341e-01 13 13 0 59.54435 13 13 13
257 19 6.49125e-01 -1.23720e-02 7.71561e-03 -1.22277e-01 13 13 0 59.54597 13 13 13
257 19 6.48965e-01 -1.52129e-02 9.48717e-03 -1.22190e-01 13 13 0 59.54819 13 13 13
257 19 6.48751e-01 -1.83380e-02 1.14359e-02 -1.22072e-01 13 13 0 59.55115 13 13 13
257 19 6.48469e-01 -2.17758e-02 1.35795e-02 -1.21918e-01 13 13 0 59.55505 13 13 13
257 19 6.48103e-01 -2.55578e-02 1.59374e-02 -1.21718e-01 13 13 0 59.56011 13 13 13
257 19 6.47633e-01 -2.97184e-02 1.85312e-02 -1.21461e-01 13 13 0 59.56660 13 13 13
257 19 6.47033e-01 -3.42956e-02 2.13843e-02 -1.21133e-01 13 13 0 59.57485 13 13 13
257 19 6.46272e-01 -3.93315e-02 2.45227e-02 -1.20719e-01 13 13 0 59.58528 13 13 13
257 19 6.45314e-01 -4.48722e-02 2.79750e-02 -1.20198e-01 13 13 0 59.59837 13 13 13
257 19 6.44112e-01 -5.09686e-02 3.17725e-02 -1.19547e-01 13 13 0 59.61472 13 13 13
257 19 6.42609e-01 -5.76772e-02 3.59497e-02 -1.18735e-01 13 13 0 59.63504 13 13 13
257 19 6.40734e-01 -6.50601e-02 4.05447e-02 -1.17727e-01 13 13 0 59.66019 13 13 13
257 19 6.38401e-01 -7.31860e-02 4.55992e-02 -1.16481e-01 13 13 0 59.69119 13 13 13
257 19 6.35502e-01 -8.21315e-02 5.11591e-02 -1.14943e-01 13 13 0 59.72927 13 13 13
257 19 6.31900e-01 -9.19812e-02 5.72750e-02 -1.13052e-01 13 13 0 59.77585 13 13 13
257 19 6.27427e-01 -1.02830e-01 6.40025e-02 -1.10733e-01 13 13 0 59.83263 13 13 13
257 19 6.21863e-01 -1.14784e-01 7.14028e-02 -1.07897e-01 13 13 0 59.90159 13 13 13
257 19 6.14929e-01 -1.27965e-01 7.95430e-02 -1.04441e-01 13 13 0 59.98507 13 13 13
257 19 6.06256e-01 -1.42513e-01 8.84973e-02 -1.00246e-01 13 13 0 60.08597 13 13 13
257 19 5.95345e-01 -1.58594e-01 9.83471e-02 -9.51786e-02 13 13 0 60.20823 13 13 13
257 19 5.81505e-01 -1.76407e-01 1.09182e-01 -8.90965e-02 13 13 0 60.35820 13 13 13
257 19 5.63662e-01 -1.96078e-01 1.21100e-01 -8.19267e-02 13 13 0 60.54874 13 13 13
258 19 6.66664e-01 -1.63883e-03 1.00000e-03 -1.11106e-01 14 14 0 66.51226 14 14 14
258 19 6.66647e-01 -3.44153e-03 2.10000e-03 -1.11097e-01 14 14 0 66.51254 14 14 14
258 19 6.66613e-01 -5.42447e-03 3.31000e-03 -1.11077e-01 14 14 0 66.51308 14 14 14
258 19 6.66559e-01 -7.60564e-03 4.64100e-03 -1.11047e-01 14 14 0 66.51395 14 14 14
258 19 6.66478e-01 -1.00048e-02 6.10510e-03 -1.11001e-01 14 14 0 66.51523 14 14 14
258 19 6.66363e-01 -1.26438e-02 7.71561e-03 -1.10936e-01 14 14 0 66.51705 14 14 14
258 19 6.66206e-01 -1.55465e-02 9.48717e-03 -1.10847e-01 14 14 0 66.51954 14 14 14
258 19 6.65996e-01 -1.87390e-02 1.14359e-02 -1.10729e-01 14 14 0 66.52287 14 14 14
258 19 6.65719e-01 -2.22503e-02 1.35795e-02 -1.10573e-01 14 14 0 66.52723 14 14 14
258 19 6.65360e-01 -2.61120e-02 1.59374e-02 -1.10371e-01 14 14 0 66.53288 14 14 14
258 19 6.64897e-01 -3.03588e-02 1.85312e-02 -1.10112e-01 14 14 0 66.54011 14 14 14
258 19 6.64306e-01 -3.50286e-02 2.13843e-02 -1.09782e-01 14 14 0 66.54929 14 14 14
258 19 6.63556e-01 -4.01631e-02 2.45227e-02 -1.09367e-01 14 14 0 66.56084 14 14 14
258 19 6.62609e-01 -4.58075e-02 2.79750e-02 -1.08846e-01 14 14 0 66.57529 14 14 14
258 19 6.61417e-01 -5.20112e-02 3.17725e-02 -1.08197e-01 14 14 0 66.59325 14 14 14
258 19 6.59922e-01 -5.88275e-02 3.59497e-02 -1.07392e-01 14 14 0 66.61547 14 14 14
258 19 6.58051e-01 -6.63137e-02 4.05447e-02 -1.06399e-01 14 14 0 66.64285 14 14 14
258 19 6.55712e-01 -7.45303e-02 4.55992e-02 -1.05180e-01 14 14 0 66.67650 14 14 14
258 19 6.52789e-01 -8.35398e-02 5.11591e-02 -1.03691e-01 14 14 0 66.71782 14 14 14
258 19 6.49134e-01 -9.34042e-02 5.72750e-02 -1.01881e-01 14 14 0 66.76860 14 14 14
258 19 6.44559e-01 -1.04180e-01 6.40025e-02 -9.96965e-02 14 14 0 66.83132 14 14 14
258 19 6.38820e-01 -1.15914e-01 7.14028e-02 -9.70780e-02 14 14 0 66.90948 14 14 14
258 19 6.31600e-01 -1.28635e-01 7.95430e-02 -9.39651e-02 14 14 0 67.00810 14 14 14
258 19 6.22494e-01 -1.42366e-01 8.84973e-02 -9.02911e-02 14 14 0 67.13377 14 14 14
258 19 6.10981e-01 -1.57175e-01 9.83471e-02 -8.59715e-02 14 14 0 67.29351 14 14 14
258 19 5.96366e-01 -1.73236e-01 1.09182e-01 -8.08983e-02 14 14 0 67.49294 14 14 14
258 19 5.77658e-01 -1.90868e-01 1.21100e-01 -7.49474e-02 14 14 0 67.73773 14 14 14
259 19 6.81575e-01 -1.75932e-03 1.00000e-03 -1.01054e-01 15 15 0 73.83545 13 15 15
259 19 6.81558e-01 -3.69455e-03 2.10000e-03 -1.01044e-01 15 15 0 73.83581 13 15 15
259 19 6.81524e-01 -5.82329e-03 3.31000e-03 -1.01024e-01 15 15 0 73.83648 13 15 15
259 19 6.81469e-01 -8.16486e-03 4.64100e-03 -1.00992e-01 15 15 0 73.83758 13 15 15
259 19 6.81388e-01 -1.07405e-02 6.10510e-03 -1.00944e-01 15 15 0 73.83921 13 15 15
259 19 6.81273e-01 -1.35736e-02 7.71561e-03 -1.00877e-01 15 15 0 73.84151 13 15 15
259 19 6.81116e-01 -1.66898e-02 9.48717e-03 -1.00785e-01 15 15 0 73.84467 13 15 15
259 19 6.80905e-01 -2.01174e-02 1.14359e-02 -1.00661e-01 15 15 0 73.84889 13 15 15
259 19 6.80629e-01 -2.38873e-02 1.35795e-02 -1.00498e-01 15 15 0 73.85444 13 15 15
259 19 6.80270e-01 -2.80336e-02 1.59374e-02 -1.00287e-01 15 15 0 73.86165 13 15 15
259 19 6.79808e-01 -3.25937e-02 1.85312e-02 -1.00016e-01 15 15 0 73.87092 13 15 15
259 19 6.79221e-01 -3.76086e-02 2.13843e-02 -9.96694e-02 15 15 0 73.88273 13 15 15
259 19 6.78477e-01 -4.31233e-02 2.45227e-02 -9.92309e-02 15 15 0 73.89768 13 15 15
259 19 6.77543e-01 -4.91869e-02 2.79750e-02 -9.86787e-02 15 15 0 73.91651 13 15 15
259 19 6.76373e-01 -5.58534e-02 3.17725e-02 -9.79861e-02 15 15 0 73.94012 13 15 15
259 19 6.74915e-01 -6.31816e-02 3.59497e-02 -9.71205e-02 15 15 0 73.96961 13 15 15
259 19 6.73105e-01 -7.12353e-02 4.05447e-02 -9.60417e-02 15 15 0 74.00635 13 15 15
259 19 6.70865e-01 -8.00838e-02 4.55992e-02 -9.47001e-02 15 15 0 74.05205 13 15 15
259 19 6.68104e-01 -8.98015e-02 5.11591e-02 -9.30337e-02 15 15 0 74.10886 13 15 15
259 19 6.64710e-01 -1.00467e-01 5.72750e-02 -9.09647e-02 15 15 0 74.17953 13 15 15
259 19 6.60557e-01 -1.12162e-01 6.40025e-02 -8.83937e-02 15 15 0 74.26771 13 15 15
259 19 6.55504e-01 -1.24961e-01 7.14028e-02 -8.51910e-02 15 15 0 74.37846 13 15 15
259 19 6.49415e-01 -1.38908e-01 7.95430e-02 -8.11800e-02 15 15 0 74.51934 13 15 15
259 19 6.42227e-01 -1.53878e-01 8.84973e-02 -7.61077e-02 15 15 0 74.70301 13 15 15
259 19 6.34250e-01 -1.68645e-01 9.83471e-02 -6.96156e-02 15 15 0 74.95509 13 15 15
260 19 6.91370e-01 -5.39868e-03 1.00000e-03 -9.43174e-02 5 16 0 79.51183 3 10 16
260 19 6.91309e-01 -1.13339e-02 2.10000e-03 -9.42928e-02 5 16 0 79.51377 3 10 16
260 19 6.91192e-01 -1.78541e-02 3.31000e-03 -9.42457e-02 5 16 0 79.51751 3 10 16
260 19 6.91004e-01 -2.50106e-02 4.64100e-03 -9.41696e-02 5 16 0 79.52354 3 10 16
260 19 6.90725e-01 -3.28560e-02 6.10510e-03 -9.40568e-02 5 16 0 79.53246 3 10 16
260 19 6.90332e-01 -4.14440e-02 7.71561e-03 -9.38979e-02 5 16 0 79.54501 3 10 16
260 19 6.89797e-01 -5.08277e-02 9.48717e-03 -9.36815e-02 5 16 0 79.56205 3 10 16
260 19 6.89088e-01 -6.10578e-02 1.14359e-02 -9.33941e-02 5 16 0 79.58462 3 10 16
260 19 6.88167e-01 -7.21803e-02 1.35795e-02 -9.30197e-02 5 16 0 79.61388 3 10 16
260 19 6.86988e-01 -8.42339e-02 1.59374e-02 -9.25397e-02 5 16 0 79.65121 3 10 16
260 19 6.85501e-01 -9.72468e-02 1.85312e-02 -9.19323e-02 5 16 0 79.69810 3 10 16
260 19 6.83649e-01 -1.11233e-01 2.13843e-02 -9.11727e-02 5 16 0 79.75621 3 10 16
260 19 6.81368e-01 -1.26191e-01 2.45227e-02 -9.02330e-02 5 16 0 79.82729 3 10 16
260 19 6.78591e-01 -1.42100e-01 2.79750e-02 -8.90816e-02 5 16 0 79.91315 3 10 16
260 19 6.75241e-01 -1.58918e-01 3.17725e-02 -8.76834e-02 5 16 0 80.01562 3 10 16
260 19 6.71238e-01 -1.76586e-01 3.59497e-02 -8.59999e-02 5 16 0 80.13639 3 10 16
260 19 6.66493e-01 -1.95026e-01 4.05447e-02 -8.39898e-02 7 16 0 80.27694 3 12 16
260 19 6.60893e-01 -2.14138e-01 4.55992e-02 -8.16197e-02 7 16 0 80.43770 3 12 16
260 19 6.53965e-01 -2.33448e-01 5.11591e-02 -7.91630e-02 7 16 0 80.60121 3 12 16
260 19 6.47049e-01 -2.54369e-01 5.72750e-02 -7.52430e-02 7 16 0 80.84474 3 14 16
260 19 6.38287e-01 -2.75106e-01 6.40025e-02 -7.13048e-02 7 16 0 81.07892 3 16 16
260 19 6.28188e-01 -2.96289e-01 7.14028e-02 -6.66380e-02 7 16 0 81.34081 3 16 16
260 19 6.16421e-01 -3.17900e-01 7.95430e-02 -6.11802e-02 7 16 0 81.62689 3 16 16
260 19 6.00774e-01 -3.41128e-01 8.84973e-02 -5.55255e-02 7 16 0 81.92506 3 16 16
260 19 5.79259e-01 -3.67554e-01 9.83471e-02 -4.96538e-02 9 16 0 82.51719 3 16 16
261 19 7.03776e-01 3.93037e-03 1.00000e-03 -8.56701e-02 3 16 1 87.96505 3 4 16
261 19 7.03742e-01 8.25599e-03 2.10000e-03 -8.56505e-02 3 16 1 87.96907 3 4 16
261 19 7.03677e-01 1.30197e-02 3.31000e-03 -8.56129e-02 3 16 1 87.97680 3 4 16
261 19 7.03572e-01 1.82704e-02 4.64100e-03 -8.55520e-02 3 16 1 87.98934 3 4 16
261 19 7.03415e-01 2.40643e-02 6.10510e-03 -8.54612e-02 3 16 1 88.00807 3 4 16
261 19 7.03192e-01 3.04667e-02 7.71561e-03 -8.53323e-02 3 16 1 88.03475 3 4 16
261 19 7.02884e-01 3.75549e-02 9.48717e-03 -8.51550e-02 3 16 1 88.07163 3 4 16
261 19 7.02469e-01 4.54215e-02 1.14359e-02 -8.49163e-02 3 16 1 88.12164 3 4 16
261 19 7.01917e-01 5.41800e-02 1.35795e-02 -8.45995e-02 3 16 1 88.18862 3 4 16
261 19 7.01190e-01 6.39737e-02 1.59374e-02 -8.41834e-02 3 16 1 88.27771 3 4 16
261 19 7.00235e-01 7.49891e-02 1.85312e-02 -8.36400e-02 3 15 1 88.39601 3 4 16
261 19 6.98983e-01 8.74806e-02 2.13843e-02 -8.29318e-02 3 15 1 88.55369 3 3 16
261 19 6.97333e-01 1.01815e-01 2.45227e-02 -8.20064e-02 3 15 1 88.76610 3 3 16
261 19 6.95134e-01 1.18567e-01 2.79750e-02 -8.07859e-02 3 15 1 89.05825 3 3 16
261 19 6.92126e-01 1.38747e-01 3.17725e-02 -7.91416e-02 3 13 1 89.47606 3 3 16
261 19 6.87783e-01 1.64517e-01 3.59497e-02 -7.68158e-02 3 13 1 90.12278 3 3 16
261 19 6.80462e-01 2.02951e-01 4.05447e-02 -7.30054e-02 3 13 1 91.36141 3 3 16
261 19 6.60334e-01 2.90311e-01 4.55992e-02 -6.27760e-02 3 9 1 96.35886 3 3 16
262 19 7.06581e-01 -1.16801e-03 1.00000e-03 -8.36991e-02 17 17 0 90.11154 17 17 17
262 19 7.06571e-01 -2.45273e-03 2.10000e-03 -8.36873e-02 17 17 0 90.11267 17 17 17
262 19 7.06550e-01 -3.86566e-03 3.31000e-03 -8.36644e-02 17 17 0 90.11484 17 17 17
262 19 7.06517e-01 -5.41940e-03 4.64100e-03 -8.36275e-02 17 17 0 90.11835 17 17 17
262 19 7.06469e-01 -7.12772e-03 6.10510e-03 -8.35726e-02 17 17 0 90.12357 17 17 17
262 19 7.06400e-01 -9.00558e-03 7.71561e-03 -8.34950e-02 17 17 0 90.13097 17 17 17
262 19 7.06305e-01 -1.10693e-02 9.48717e-03 -8.33887e-02 17 17 0 90.14112 17 17 17
262 19 7.06179e-01 -1.33364e-02 1.14359e-02 -8.32464e-02 17 17 0 90.15472 17 17 17
262 19 7.06012e-01 -1.58259e-02 1.35795e-02 -8.30593e-02 17 17 0 90.17267 17 17 17
262 19 7.05797e-01 -1.85583e-02 1.59374e-02 -8.28165e-02 17 17 0 90.19605 17 17 17
262 19 7.05520e-01 -2.15551e-02 1.85312e-02 -8.25044e-02 17 17 0 90.22624 17 17 17
262 19 7.05169e-01 -2.48392e-02 2.13843e-02 -8.21070e-02 17 17 0 90.26495 17 17 17
262 19 7.04724e-01 -2.84344e-02 2.45227e-02 -8.16041e-02 17 17 0 90.31431 17 17 17
262 19 7.04166e-01 -3.23652e-02 2.79750e-02 -8.09716e-02 17 17 0 90.37702 17 17 17
262 19 7.03469e-01 -3.66564e-02 3.17725e-02 -8.01800e-02 17 17 0 90.45647 17 17 17
262 19 7.02600e-01 -4.13351e-02 3.59497e-02 -7.91939e-02 17 17 0 90.55696 17 17 17
262 19 7.01521e-01 -4.64500e-02 4.05447e-02 -7.79691e-02 17 17 0 90.68406 17 17 17
262 19 7.00198e-01 -5.34341e-02 4.55992e-02 -7.63710e-02 17 17 0 90.85375 17 17 17
262 19 6.98518e-01 -5.71572e-02 5.11591e-02 -7.46502e-02 17 17 0 91.04054 17 17 17
262 19 6.96454e-01 -6.32690e-02 5.72750e-02 -7.24053e-02 17 17 0 91.29042 17 17 17
262 19 6.93879e-01 -6.92382e-02 6.40025e-02 -6.97207e-02 17 17 0 91.59606 17 17 17
262 19 6.90658e-01 -7.46782e-02 7.14028e-02 -6.65486e-02 17 17 0 91.96143 17 17 17
262 19 6.86653e-01 -7.90791e-02 7.95430e-02 -6.28252e-02 17 17 0 92.38467 15 17 17
262 19 6.81711e-01 -8.28906e-02 8.84973e-02 -5.83742e-02 17 17 0 92.86485 15 17 17
263 19 7.15694e-01 -1.29240e-03 1.00000e-03 -7.72183e-02 18 18 0 97.85322 18 18 18
263 19 7.15696e-01 -2.71642e-03 2.10000e-03 -7.71971e-02 18 18 0 97.85803 18 18 18
263 19 7.15700e-01 -4.28883e-03 3.31000e-03 -7.71563e-02 18 18 0 97.86731 18 18 18
263 19 7.15706e-01 -6.03001e-03 4.64100e-03 -7.70901e-02 18 18 0 97.88244 18 18 18
263 19 7.15715e-01 -7.96521e-03 6.10510e-03 -7.69911e-02 18 18 0 97.90526 18 18 18
263 19 7.15730e-01 -1.01266e-02 7.71561e-03 -7.68499e-02 18 18 0 97.93822 18 18 18
263 19 7.15751e-01 -1.25562e-02 9.48717e-03 -7.66544e-02 18 18 0 97.98468 18 18 18
263 19 7.15784e-01 -1.53111e-02 1.14359e-02 -7.63885e-02 18 18 0 98.04936 18 18 18
263 19 7.15835e-01 -1.84710e-02 1.35795e-02 -7.60312e-02 18 18 0 98.13914 18 18 18
263 19 7.15911e-01 -2.21521e-02 1.59374e-02 -7.55537e-02 18 18 0 98.26439 18 18 18
263 19 7.16028e-01 -2.65283e-02 1.85312e-02 -7.49164e-02 18 18 0 98.44124 18 18 18
263 19 7.16204e-01 -3.18623e-02 2.13843e-02 -7.40649e-02 18 18 0 98.69526 18 18 18
263 19 7.16454e-01 -3.85207e-02 2.45227e-02 -7.29311e-02 18 18 0 99.06487 18 18 18
263 19 7.16745e-01 -4.68571e-02 2.79750e-02 -7.14605e-02 18 18 0 99.59275 12 18 18
263 19 7.16910e-01 -5.67808e-02 3.17725e-02 -6.96940e-02 18 18 0 100.27936 10 18 18
263 19 7.16652e-01 -6.75252e-02 3.59497e-02 -6.77965e-02 18 18 0 101.03874 10 18 18
263 19 7.15733e-01 -7.83710e-02 4.05447e-02 -6.59060e-02 18 18 0 101.76676 6 18 18
264 19 7.33154e-01 -1.28947e-03 1.00000e-03 -6.45699e-02 19 19 0 116.96109 19 19 19
264 19 7.33136e-01 -2.70790e-03 2.10000e-03 -6.45634e-02 19 19 0 116.96080 19 19 19
264 19 7.33101e-01 -4.26819e-03 3.31000e-03 -6.45510e-02 19 19 0 116.96026 19 19 19
264 19 7.33044e-01 -5.98456e-03 4.64100e-03 -6.45309e-02 19 19 0 116.95938 19 19 19
264 19 7.32960e-01 -7.87264e-03 6.10510e-03 -6.45011e-02 19 19 0 116.95807 19 19 19
264 19 7.32840e-01 -9.94965e-03 7.71561e-03 -6.44589e-02 19 19 0 116.95622 19 19 19
264 19 7.32676e-01 -1.22346e-02 9.48717e-03 -6.44012e-02 19 19 0 116.95367 19 19 19
264 19 7.32457e-01 -1.47482e-02 1.14359e-02 -6.43239e-02 19 19 0 116.95025 19 19 19
264 19 7.32169e-01 -1.75137e-02 1.35795e-02 -6.42223e-02 19 19 0 116.94573 19 19 19
264 19 7.31795e-01 -2.05562e-02 1.59374e-02 -6.40904e-02 19 19 0 116.93984 19 19 19
264 19 7.31313e-01 -2.39039e-02 1.85312e-02 -6.39209e-02 19 19 0 116.93221 19 19 19
264 19 7.30700e-01 -2.75874e-02 2.13843e-02 -6.37050e-02 19 19 0 116.92240 19 19 19
264 19 7.29923e-01 -3.16410e-02 2.45227e-02 -6.34319e-02 19 19 0 116.90985 19 19 19
265 19 7.36928e-01 -1.25921e-03 1.00000e-03 -6.17964e-02 20 20 0 122.09119 20 20 20
265 19 7.36907e-01 -2.64452e-03 2.10000e-03 -6.17917e-02 20 20 0 122.09248 20 20 20
265 19 7.36868e-01 -4.16878e-03 3.31000e-03 -6.17826e-02 20 20 0 122.09495 20 20 20
265 19 7.36805e-01 -5.84630e-03 4.64100e-03 -6.17679e-02 20 20 0 122.09894 20 20 20
265 19 7.36711e-01 -7.69295e-03 6.10510e-03 -6.17459e-02 20 20 0 122.10487 20 20 20
265 19 7.36578e-01 -9.72648e-03 7.71561e-03 -6.17149e-02 20 20 0 122.11325 20 20 20
265 19 7.36396e-01 -1.19667e-02 9.48717e-03 -6.16724e-02 20 20 0 122.12471 20 20 20
265 19 7.36152e-01 -1.44361e-02 1.14359e-02 -6.16154e-02 20 20 0 122.13999 20 20 20
265 19 7.35831e-01 -1.71597e-02 1.35795e-02 -6.15403e-02 20 20 0 122.16002 20 20 20
265 19 7.35415e-01 -2.01664e-02 1.59374e-02 -6.14425e-02 20 20 0 122.18589 20 20 20
265 19 7.34880e-01 -2.34889e-02 1.85312e-02 -6.13164e-02 20 20 0 122.21893 20 20 20
265 19 7.34197e-01 -2.71653e-02 2.13843e-02 -6.11551e-02 20 20 0 122.26067 20 20 20
265 19 7.33333e-01 -3.12396e-02 2.45227e-02 -6.09497e-02 20 20 0 122.31293 18 20 20
265 19 7.32245e-01 -3.57638e-02 2.79750e-02 -6.06893e-02 20 20 0 122.37777 18 20 20
265 19 7.30881e-01 -4.07998e-02 3.17725e-02 -6.03601e-02 20 20 0 122.45748 18 20 20
265 19 7.29177e-01 -4.64219e-02 3.59497e-02 -5.99447e-02 20 20 0 122.55450 16 20 20
265 19 7.27054e-01 -5.27203e-02 4.05447e-02 -5.94207e-02 20 20 0 122.67123 16 20 20
265 19 7.24416e-01 -5.98056e-02 4.55992e-02 -5.87594e-02 20 20 0 122.80970 16 20 20
265 19 7.21144e-01 -6.78133e-02 5.11591e-02 -5.79237e-02 20 20 0 122.97099 16 20 20
265 19 7.17089e-01 -7.69088e-02 5.72750e-02 -5.68651e-02 20 20 0 123.15424 16 20 20
265 19 7.12070e-01 -8.72880e-02 6.40025e-02 -5.55205e-02 20 20 0 123.35538 16 20 20
265 19 7.05856e-01 -9.91651e-02 7.14028e-02 -5.38080e-02 20 20 0 123.56521 16 20 20
266 19 7.43165e-01 -1.14978e-03 1.00000e-03 -5.71805e-02 21 21 0 131.62282 11 21 21
266 19 7.43146e-01 -2.41452e-03 2.10000e-03 -5.71756e-02 21 21 0 131.62341 11 21 21
266 19 7.43109e-01 -3.80566e-03 3.31000e-03 -5.71662e-02 21 21 0 131.62453 11 21 21
266 19 7.43048e-01 -5.33578e-03 4.64100e-03 -5.71509e-02 21 21 0 131.62635 11 21 21
266 19 7.42959e-01 -7.01869e-03 6.10510e-03 -5.71282e-02 21 21 0 131.62905 11 21 21
266 19 7.42833e-01 -8.86954e-03 7.71561e-03 -5.70960e-02 21 21 0 131.63286 11 21 21
266 19 7.42660e-01 -1.09049e-02 9.48717e-03 -5.70520e-02 21 21 0 131.63807 11 21 21
266 19 7.42428e-01 -1.31431e-02 1.14359e-02 -5.69931e-02 21 21 0 131.64503 11 21 21
266 19 7.42124e-01 -1.56039e-02 1.35795e-02 -5.69156e-02 21 21 0 131.65416 11 21 21
266 19 7.41729e-01 -1.83092e-02 1.59374e-02 -5.68150e-02 21 21 0 131.66596 11 21 21
266 19 7.41221e-01 -2.12826e-02 1.85312e-02 -5.66857e-02 21 21 0 131.68106 11 21 21
266 19 7.40574e-01 -2.45501e-02 2.13843e-02 -5.65209e-02 21 21 0 131.70016 11 21 21
266 19 7.39755e-01 -2.81399e-02 2.45227e-02 -5.63122e-02 21 21 0 131.72415 11 21 21
266 19 7.38724e-01 -3.20825e-02 2.79750e-02 -5.60493e-02 21 21 0 131.75402 11 21 21
266 19 7.37432e-01 -3.64109e-02 3.17725e-02 -5.57197e-02 21 21 0 131.79094 11 21 21
266 19 7.35821e-01 -4.11609e-02 3.59497e-02 -5.53080e-02 21 21 0 131.83621 11 21 21
266 19 7.33817e-01 -4.63707e-02 4.05447e-02 -5.47951e-02 21 21 0 131.89128 11 21 21
266 19 7.31331e-01 -5.20818e-02 4.55992e-02 -5.41579e-02 21 21 0 131.95764 11 21 21
266 19 7.28255e-01 -5.83389e-02 5.11591e-02 -5.33676e-02 21 21 0 132.03670 11 21 21
266 19 7.24454e-01 -6.51917e-02 5.72750e-02 -5.23893e-02 21 21 0 132.12956 11 21 21
266 19 7.19762e-01 -7.26999e-02 6.40025e-02 -5.11808e-02 21 21 0 132.23656 11 21 21
266 19 7.13963e-01 -8.09523e-02 7.14028e-02 -4.96937e-02 21 21 0 132.35659 11 21 21
266 19 7.06761e-01 -9.01406e-02 7.95430e-02 -4.78798e-02 21 21 0 132.48682 11 21 21
266 19 6.97705e-01 -1.00811e-01 8.84973e-02 -4.56972e-02 21 21 0 132.62744 11 21 21
267 19 7.49615e-01 -7.50555e-04 1.00000e-03 -5.23664e-02 22 22 0 143.17995 6 22 22
267 19 7.49598e-01 -1.57616e-03 2.10000e-03 -5.23616e-02 22 22 0 143.18033 6 22 22
267 19 7.49564e-01 -2.48431e-03 3.31000e-03 -5.23522e-02 22 22 0 143.18105 6 22 22
267 19 7.49510e-01 -3.48325e-03 4.64100e-03 -5.23371e-02 22 22 0 143.18223 6 22 22
267 19 7.49429e-01 -4.58204e-03 6.10510e-03 -5.23146e-02 22 22 0 143.18397 6 22 22
267 19 7.49314e-01 -5.79063e-03 7.71561e-03 -5.22828e-02 22 22 0 143.18643 6 22 22
267 19 7.49158e-01 -7.11992e-03 9.48717e-03 -5.22393e-02 22 22 0 143.18980 6 22 22
267 19 7.48948e-01 -8.58188e-03 1.14359e-02 -5.21811e-02 22 22 0 143.19429 6 22 22
267 19 7.48672e-01 -1.01896e-02 1.35795e-02 -5.21046e-02 22 22 0 143.20018 6 22 22
267 19 7.48314e-01 -1.19574e-02 1.59374e-02 -5.20052e-02 22 22 0 143.20779 6 22 22
267 19 7.47853e-01 -1.39008e-02 1.85312e-02 -5.18776e-02 22 22 0 143.21751 6 22 22
267 19 7.47266e-01 -1.60367e-02 2.13843e-02 -5.17150e-02 22 22 0 143.22981 6 22 22
267 19 7.46523e-01 -1.83837e-02 2.45227e-02 -5.15093e-02 22 22 0 143.24522 6 22 22
267 19 7.45587e-01 -2.09620e-02 2.79750e-02 -5.12504e-02 22 22 0 143.26439 6 22 22
267 19 7.44415e-01 -2.37940e-02 3.17725e-02 -5.09263e-02 22 22 0 143.28805 6 22 22
267 19 7.42950e-01 -2.69052e-02 3.59497e-02 -5.05218e-02 22 22 0 143.31703 6 22 22
267 19 7.41128e-01 -3.03258e-02 4.05447e-02 -5.00186e-02 22 22 0 143.35223 6 22 22
267 19 7.38866e-01 -3.40940e-02 4.55992e-02 -4.93941e-02 22 22 0 143.39463 6 22 22
267 19 7.36063e-01 -3.82611e-02 5.11591e-02 -4.86204e-02 22 22 0 143.44525 6 22 22
267 19 7.32595e-01 -4.29010e-02 5.72750e-02 -4.76630e-02 22 22 0 143.50508 6 22 22
267 19 7.28306e-01 -4.81270e-02 6.40025e-02 -4.64788e-02 22 22 0 143.57511 6 22 22
267 19 7.22998e-01 -5.41184e-02 7.14028e-02 -4.50141e-02 22 22 0 143.65648 5 22 22
267 19 7.16415e-01 -6.11592e-02 7.95430e-02 -4.32026e-02 22 22 0 143.75102 4 22 22
268 19 7.51121e-01 -4.30179e-03 1.00000e-03 -5.12275e-02 8 23 0 146.19709 4 11 23
268 19 7.51072e-01 -9.03292e-03 2.10000e-03 -5.12158e-02 8 23 0 146.19846 4 11 23
268 19 7.50978e-01 -1.42351e-02 3.31000e-03 -5.11934e-02 8 23 0 146.20110 4 11 23
268 19 7.50826e-01 -1.99536e-02 4.64100e-03 -5.11570e-02 8 23 0 146.20537 4 11 23
268 19 7.50599e-01 -2.62373e-02 6.10510e-03 -5.11031e-02 8 23 0 146.21170 4 11 23
268 19 7.50280e-01 -3.31388e-02 7.71561e-03 -5.10268e-02 8 23 0 146.22064 4 11 23
268 19 7.49842e-01 -4.07144e-02 9.48717e-03 -5.09226e-02 8 23 0 146.23286 4 11 23
268 19 7.49259e-01 -4.90238e-02 1.14359e-02 -5.07834e-02 8 23 0 146.24916 4 11 23
268 19 7.48493e-01 -5.81295e-02 1.35795e-02 -5.06009e-02 8 23 0 146.27051 4 11 23
268 19 7.47502e-01 -6.80961e-02 1.59374e-02 -5.03648e-02 8 23 0 146.29807 4 11 23
268 19 7.46235e-01 -7.89894e-02 1.85312e-02 -5.00630e-02 8 23 0 146.33324 4 11 23
268 19 7.44630e-01 -9.08739e-02 2.13843e-02 -4.96808e-02 8 23 0 146.37766 4 11 23
268 19 7.42613e-01 -1.03811e-01 2.45227e-02 -4.92009e-02 8 23 0 146.43323 4 11 23
268 19 7.40098e-01 -1.17855e-01 2.79750e-02 -4.86031e-02 8 23 0 146.50215 4 11 23
268 19 7.36982e-01 -1.33047e-01 3.17725e-02 -4.78640e-02 8 23 0 146.58691 4 11 23
268 19 7.33147e-01 -1.49412e-01 3.59497e-02 -4.69571e-02 8 23 0 146.69022 4 11 23
268 19 7.28458e-01 -1.66942e-01 4.05447e-02 -4.58533e-02 8 23 0 146.81498 4 11 23
268 19 7.22762e-01 -1.85587e-01 4.55992e-02 -4.45231e-02 8 23 0 146.96410 4 13 23
268 19 7.15889e-01 -2.05218e-01 5.11591e-02 -4.29411e-02 8 23 0 147.14017 4 13 23
268 19 7.07665e-01 -2.25538e-01 5.72750e-02 -4.11028e-02 8 23 0 147.34473 4 13 23
268 19 6.97965e-01 -2.45722e-01 6.40025e-02 -3.90846e-02 10 23 0 147.57483 4 13 23
268 19 6.86884e-01 -2.63668e-01 7.14028e-02 -3.71766e-02 10 23 0 147.81830 4 13 23
268 19 6.74433e-01 -2.78515e-01 7.95430e-02 -3.54825e-02 10 23 0 148.09747 4 13 23
268 19 6.60009e-01 -2.93017e-01 8.84973e-02 -3.34387e-02 10 23 0 148.46912 4 13 23
268 19 6.43521e-01 -3.07171e-01 9.83471e-02 -3.07360e-02 10 23 0 148.91365 4 13 23
269 19 7.58187e-01 -2.07238e-03 1.00000e-03 -4.59026e-02 24 24 0 162.13179 6 24 24
269 19 7.58163e-01 -4.35161e-03 2.10000e-03 -4.58959e-02 24 24 0 162.13219 6 24 24
269 19 7.58119e-01 -6.85782e-03 3.31000e-03 -4.58832e-02 24 24 0 162.13296 6 24 24
269 19 7.58046e-01 -9.61283e-03 4.64100e-03 -4.58625e-02 24 24 0 162.13421 6 24 24
269 19 7.57938e-01 -1.26403e-02 6.10510e-03 -4.58319e-02 24 24 0 162.13605 6 24 24
269 19 7.57786e-01 -1.59656e-02 7.71561e-03 -4.57885e-02 24 24 0 162.13866 6 24 24
269 19 7.57577e-01 -1.96159e-02 9.48717e-03 -4.57291e-02 24 24 0 162.14223 6 24 24
269 19 7.57299e-01 -2.36199e-02 1.14359e-02 -4.56497e-02 24 24 0 162.14698 6 24 24
269 19 7.56933e-01 -2.80078e-02 1.35795e-02 -4.55452e-02 24 24 0 162.15320 6 24 24
269 19 7.56459e-01 -3.28103e-02 1.59374e-02 -4.54098e-02 24 24 0 162.16123 6 24 24
269 19 7.55852e-01 -3.80585e-02 1.85312e-02 -4.52359e-02 24 24 0 162.17147 6 24 24
269 19 7.55081e-01 -4.37820e-02 2.13843e-02 -4.50147e-02 24 24 0 162.18439 6 24 24
269 19 7.54110e-01 -5.00074e-02 2.45227e-02 -4.47351e-02 24 24 0 162.20056 6 24 24
269 19 7.52895e-01 -5.67556e-02 2.79750e-02 -4.43841e-02 24 24 0 162.22061 7 24 24
269 19 7.51385e-01 -6.40383e-02 3.17725e-02 -4.39457e-02 24 24 0 162.24529 8 24 24
269 19 7.49519e-01 -7.18523e-02 3.59497e-02 -4.34006e-02 24 24 0 162.27548 8 24 24
269 19 7.47228e-01 -8.01724e-02 4.05447e-02 -4.27256e-02 24 24 0 162.31216 8 24 24
269 19 7.44431e-01 -8.89422e-02 4.55992e-02 -4.18926e-02 24 24 0 162.35658 8 24 24
269 19 7.41044e-01 -9.80606e-02 5.11591e-02 -4.08662e-02 24 24 0 162.41045 10 24 24
269 19 7.36977e-01 -1.07362e-01 5.72750e-02 -3.96003e-02 24 24 0 162.47658 12 24 24
269 19 7.32163e-01 -1.16578e-01 6.40025e-02 -3.80252e-02 24 24 0 162.56100 12 24 24
269 19 7.26629e-01 -1.25254e-01 7.14028e-02 -3.60025e-02 24 24 0 162.68127 10 24 24
270 19 7.62849e-01 -1.82694e-03 1.00000e-03 -4.23572e-02 25 25 0 174.74833 11 25 25
270 19 7.62828e-01 -3.83661e-03 2.10000e-03 -4.23506e-02 25 25 0 174.74890 11 25 25
270 19 7.62788e-01 -6.04731e-03 3.31000e-03 -4.23378e-02 25 25 0 174.74999 11 25 25
270 19 7.62722e-01 -8.47922e-03 4.64100e-03 -4.23172e-02 25 25 0 174.75175 11 25 25
270 19 7.62625e-01 -1.11546e-02 6.10510e-03 -4.22865e-02 25 25 0 174.75437 11 25 25
270 19 7.62487e-01 -1.40978e-02 7.71561e-03 -4.22430e-02 25 25 0 174.75807 11 25 25
270 19 7.62298e-01 -1.73359e-02 9.48717e-03 -4.21835e-02 25 25 0 174.76314 11 25 25
270 19 7.62046e-01 -2.08987e-02 1.14359e-02 -4.21039e-02 25 25 0 174.76993 11 25 25
270 19 7.61714e-01 -2.48191e-02 1.35795e-02 -4.19990e-02 25 25 0 174.77886 11 25 25
270 19 7.61283e-01 -2.91331e-02 1.59374e-02 -4.18628e-02 25 25 0 174.79047 11 25 25
270 19 7.60730e-01 -3.38809e-02 1.85312e-02 -4.16875e-02 25 25 0 174.80539 11 25 25
270 19 7.60024e-01 -3.91064e-02 2.13843e-02 -4.14638e-02 25 25 0 174.82442 11 25 25
270 19 7.59132e-01 -4.48577e-02 2.45227e-02 -4.11801e-02 25 25 0 174.84856 11 25 25
270 19 7.58008e-01 -5.11869e-02 2.79750e-02 -4.08220e-02 25 25 0 174.87904 11 25 25
270 19 7.56602e-01 -5.81488e-02 3.17725e-02 -4.03717e-02 25 25 0 174.91739 11 25 25
270 19 7.54850e-01 -6.57977e-02 3.59497e-02 -3.98073e-02 25 25 0 174.96556 11 25 25
270 19 7.52677e-01 -7.41806e-02 4.05447e-02 -3.91013e-02 25 25 0 175.02608 11 25 25
270 19 7.49995e-01 -8.33214e-02 4.55992e-02 -3.82195e-02 25 25 0 175.10227 11 25 25
270 19 7.46707e-01 -9.31883e-02 5.11591e-02 -3.71195e-02 25 25 0 175.19862 11 25 25
270 19 7.42713e-01 -1.03627e-01 5.72750e-02 -3.57503e-02 25 25 0 175.32127 11 25 25
270 19 7.37933e-01 -1.14232e-01 6.40025e-02 -3.40545e-02 25 25 0 175.47842 11 25 25
270 19 7.32346e-01 -1.24066e-01 7.14028e-02 -3.19799e-02 25 25 0 175.67939 11 25 25
271 19 7.64990e-01 4.14761e-03 1.00000e-03 -4.07151e-02 4 23 1 181.26601 4 5 23
271 19 7.64942e-01 8.70981e-03 2.10000e-03 -4.07049e-02 4 23 1 181.27277 4 5 23
271 19 7.64852e-01 1.37278e-02 3.31000e-03 -4.06853e-02 4 23 1 181.28578 4 5 23
271 19 7.64705e-01 1.92469e-02 4.64100e-03 -4.06535e-02 4 23 1 181.30690 4 5 23
271 19 7.64487e-01 2.53166e-02 6.10510e-03 -4.06064e-02 4 23 1 181.33850 4 5 23
271 19 7.64179e-01 3.19915e-02 7.71561e-03 -4.05396e-02 4 23 1 181.38360 4 5 23
271 19 7.63756e-01 3.93313e-02 9.48717e-03 -4.04480e-02 4 23 1 181.44614 4 5 23
271 19 7.63191e-01 4.74020e-02 1.14359e-02 -4.03253e-02 4 23 1 181.53124 4 5 23
271 19 7.62449e-01 5.62761e-02 1.35795e-02 -4.01637e-02 4 23 1 181.64572 4 5 23
271 19 7.61485e-01 6.60341e-02 1.59374e-02 -3.99532e-02 4 23 1 181.79874 4 5 23
271 19 7.60247e-01 7.67659e-02 1.85312e-02 -3.96818e-02 4 23 1 182.00293 4 5 23
271 19 7.58670e-01 8.85719e-02 2.13843e-02 -3.93342e-02 4 23 1 182.27600 4 5 23
271 19 7.56674e-01 1.01564e-01 2.45227e-02 -3.88913e-02 4 23 1 182.64346 4 5 23
271 19 7.54161e-01 1.15862e-01 2.79750e-02 -3.83291e-02 4 23 1 183.14290 4 5 23
271 19 7.51017e-01 1.31567e-01 3.17725e-02 -3.76178e-02 4 23 1 183.83062 4 5 23
271 19 7.47124e-01 1.48659e-01 3.59497e-02 -3.67247e-02 4 23 1 184.78906 4 5 23
271 19 7.42438e-01 1.66584e-01 4.05447e-02 -3.56315e-02 4 23 1 186.11749 4 5 23
271 19 7.37280e-01 1.82964e-01 4.55992e-02 -3.44083e-02 4 23 1 187.81463 4 5 23
271 19 7.32666e-01 1.92525e-01 5.11591e-02 -3.33147e-02 4 23 1 189.47753 4 5 23
271 19 7.29241e-01 1.92336e-01 5.72750e-02 -3.25383e-02 4 22 1 190.58822 4 4 23
271 19 7.26398e-01 1.84759e-01 6.40025e-02 -3.19566e-02 4 22 1 191.18097 4 4 23
271 19 7.23282e-01 1.72504e-01 7.14028e-02 -3.13940e-02 4 22 1 191.51249 4 4 25
271 19 7.19348e-01 1.56520e-01 7.95430e-02 -3.07182e-02 4 22 1 191.74392 4 4 26
272 19 7.66861e-01 -1.73807e-03 1.00000e-03 -3.92888e-02 26 26 0 187.33369 14 26 26
272 19 7.66842e-01 -3.65001e-03 2.10000e-03 -3.92815e-02 26 26 0 187.33492 14 26 26
272 19 7.66804e-01 -5.75335e-03 3.31000e-03 -3.92675e-02 26 26 0 187.33728 14 26 26
272 19 7.66744e-01 -8.06739e-03 4.64100e-03 -3.92448e-02 26 26 0 187.34110 14 26 26
272 19 7.66654e-01 -1.06135e-02 6.10510e-03 -3.92112e-02 26 26 0 187.34679 14 26 26
272 19 7.66527e-01 -1.34151e-02 7.71561e-03 -3.91635e-02 26 26 0 187.35485 14 26 26
272 19 7.66354e-01 -1.64984e-02 9.48717e-03 -3.90982e-02 26 26 0 187.36592 14 26 26
272 19 7.66121e-01 -1.98923e-02 1.14359e-02 -3.90109e-02 26 26 0 187.38077 14 26 26
272 19 7.65815e-01 -2.36289e-02 1.35795e-02 -3.88958e-02 26 26 0 187.40039 14 26 26
272 19 7.65418e-01 -2.77437e-02 1.59374e-02 -3.87464e-02 26 26 0 187.42600 14 26 26
272 19 7.64907e-01 -3.22765e-02 1.85312e-02 -3.85542e-02 26 26 0 187.45915 14 26 26
272 19 7.64256e-01 -3.72717e-02 2.13843e-02 -3.83090e-02 26 26 0 187.50177 14 26 26
272 19 7.63431e-01 -4.27788e-02 2.45227e-02 -3.79982e-02 26 26 0 187.55633 14 26 26
272 19 7.62392e-01 -4.88533e-02 2.79750e-02 -3.76065e-02 26 26 0 187.62599 14 26 26
272 19 7.61087e-01 -5.55568e-02 3.17725e-02 -3.71155e-02 26 26 0 187.71477 14 26 26
272 19 7.59456e-01 -6.29563e-02 3.59497e-02 -3.65033e-02 26 26 0 187.82783 14 26 26
272 19 7.57417e-01 -7.11146e-02 4.05447e-02 -3.57451e-02 26 26 0 187.97160 14 26 26
272 19 7.54872e-01 -8.00315e-02 4.55992e-02 -3.48187e-02 26 26 0 188.15348 14 26 26
272 19 7.51712e-01 -8.92192e-02 5.11591e-02 -3.37313e-02 26 26 0 188.37783 14 26 26
272 19 7.47997e-01 -9.48260e-02 5.72750e-02 -3.26852e-02 26 26 0 188.61993 14 26 26
272 19 7.43887e-01 -9.24650e-02 6.40025e-02 -3.18928e-02 26 26 0 188.88757 14 26 26
273 19 7.70330e-01 -1.69495e-03 1.00000e-03 -3.66231e-02 27 27 0 199.81844 17 27 27
273 19 7.70314e-01 -3.55899e-03 2.10000e-03 -3.66134e-02 27 27 0 199.82275 17 27 27
273 19 7.70283e-01 -5.60843e-03 3.31000e-03 -3.65947e-02 27 27 0 199.83102 17 27 27
273 19 7.70234e-01 -7.86089e-03 4.64100e-03 -3.65645e-02 27 27 0 199.84444 17 27 27
273 19 7.70161e-01 -1.03353e-02 6.10510e-03 -3.65196e-02 27 27 0 199.86448 17 27 27
273 19 7.70058e-01 -1.30520e-02 7.71561e-03 -3.64561e-02 27 27 0 199.89302 17 27 27
273 19 7.69917e-01 -1.60322e-02 9.48717e-03 -3.63690e-02 27 27 0 199.93243 17 27 27
273 19 7.69728e-01 -1.92981e-02 1.14359e-02 -3.62524e-02 27 27 0 199.98579 17 27 27
273 19 7.69481e-01 -2.28722e-02 1.35795e-02 -3.60990e-02 27 27 0 200.05705 17 27 27
273 19 7.69162e-01 -2.67765e-02 1.59374e-02 -3.58995e-02 27 27 0 200.15134 17 27 27
273 19 7.68754e-01 -3.10311e-02 1.85312e-02 -3.56432e-02 27 27 0 200.27538 17 27 27
273 19 7.68238e-01 -3.56522e-02 2.13843e-02 -3.53168e-02 27 27 0 200.43794 15 27 27
273 19 7.67588e-01 -4.06489e-02 2.45227e-02 -3.49048e-02 27 27 0 200.65036 15 27 27
273 19 7.66775e-01 -4.60183e-02 2.79750e-02 -3.43897e-02 27 27 0 200.92675 14 27 27
273 19 7.65760e-01 -5.17360e-02 3.17725e-02 -3.37531e-02 27 27 0 201.28345 13 27 27
273 19 7.64497e-01 -5.77286e-02 3.59497e-02 -3.29776e-02 27 27 0 201.73656 13 27 27
273 19 7.62942e-01 -6.37132e-02 4.05447e-02 -3.20442e-02 27 27 0 202.29978 11 27 27
273 19 7.61374e-01 -6.69463e-02 4.55992e-02 -3.08510e-02 27 27 0 203.04905 13 27 27
273 19 7.60533e-01 -5.95781e-02 5.11591e-02 -2.92674e-02 27 27 0 204.23118 15 27 27
274 19 7.72978e-01 -1.67399e-03 1.00000e-03 -3.45793e-02 28 28 0 210.54509 24 28 28
274 19 7.73001e-01 -3.51472e-03 2.10000e-03 -3.45398e-02 28 28 0 210.60212 23 28 28
274 19 7.73051e-01 -5.53781e-03 3.31000e-03 -3.44589e-02 28 28 0 210.72375 22 28 28
274 19 7.73156e-01 -7.75948e-03 4.64100e-03 -3.43106e-02 28 28 0 210.96578 22 28 28
274 19 7.73398e-01 -1.01954e-02 6.10510e-03 -3.40225e-02 28 28 0 211.51121 22 28 28
274 19 7.74224e-01 -1.29097e-02 7.71561e-03 -3.32413e-02 28 28 0 213.49861 20 28 28
274 19 7.75239e-01 -1.63968e-02 9.48717e-03 -3.22513e-02 28 28 0 216.72462 16 28 28
274 19 7.75556e-01 -2.02373e-02 1.14359e-02 -3.17312e-02 28 28 0 218.46858 16 28 28
274 19 7.75570e-01 -2.43446e-02 1.35795e-02 -3.13603e-02 28 28 0 219.61899 16 28 28
274 19 7.75370e-01 -2.87783e-02 1.59374e-02 -3.10497e-02 28 28 0 220.46883 16 28 28
274 19 7.74970e-01 -3.36002e-02 1.85312e-02 -3.07627e-02 28 28 0 221.13511 16 28 28
274 19 7.74356e-01 -3.88730e-02 2.13843e-02 -3.04774e-02 28 28 0 221.67740 18 28 28
274 19 7.73501e-01 -4.46623e-02 2.45227e-02 -3.01772e-02 28 28 0 222.13031 18 28 28
274 19 7.72361e-01 -5.10389e-02 2.79750e-02 -2.98468e-02 28 28 0 222.51538 18 28 28
274 19 7.70881e-01 -5.80798e-02 3.17725e-02 -2.94702e-02 28 28 0 222.84617 16 28 28
275 19 7.78310e-01 -1.65609e-03 1.00000e-03 -3.04436e-02 29 29 0 236.36496 13 29 29
275 19 7.78287e-01 -3.47776e-03 2.10000e-03 -3.04402e-02 29 29 0 236.37057 13 29 29
275 19 7.78241e-01 -5.48157e-03 3.31000e-03 -3.04336e-02 29 29 0 236.38131 13 29 29
275 19 7.78168e-01 -7.68569e-03 4.64100e-03 -3.04230e-02 29 29 0 236.39859 13 29 29
275 19 7.78060e-01 -1.01101e-02 6.10510e-03 -3.04072e-02 29 29 0 236.42409 13 29 29
275 19 7.77907e-01 -1.27768e-02 7.71561e-03 -3.03847e-02 29 29 0 236.45977 13 29 29
275 19 7.77697e-01 -1.57098e-02 9.48717e-03 -3.03536e-02 29 29 0 236.50786 13 29 29
275 19 7.77417e-01 -1.89358e-02 1.14359e-02 -3.03116e-02 29 29 0 236.57084 13 29 29
275 19 7.77049e-01 -2.24837e-02 1.35795e-02 -3.02557e-02 29 29 0 236.65128 13 29 29
275 19 7.76574e-01 -2.63856e-02 1.59374e-02 -3.01820e-02 29 29 0 236.75163 13 29 29
275 19 7.75965e-01 -3.06766e-02 1.85312e-02 -3.00853e-02 29 29 0 236.87382 13 29 29
275 19 7.75192e-01 -3.53953e-02 2.13843e-02 -2.99591e-02 29 29 0 237.01869 13 29 29
275 19 7.74220e-01 -4.05844e-02 2.45227e-02 -2.97947e-02 29 29 0 237.18516 13 29 29
275 19 7.73004e-01 -4.62914e-02 2.79750e-02 -2.95812e-02 29 29 0 237.36936 13 29 29
275 19 7.71491e-01 -5.25710e-02 3.17725e-02 -2.93048e-02 29 29 0 237.56393 13 29 29
275 19 7.69614e-01 -5.94881e-02 3.59497e-02 -2.89489e-02 29 29 0 237.75798 11 29 29
276 19 7.82608e-01 -1.68558e-03 1.00000e-03 -2.70892e-02 31 31 0 262.50189 17 31 31
276 19 7.82585e-01 -3.53974e-03 2.10000e-03 -2.70854e-02 31 31 0 262.50269 17 31 31
276 19 7.82541e-01 -5.57940e-03 3.31000e-03 -2.70781e-02 31 31 0 262.50424 17 31 31
276 19 7.82469e-01 -7.82315e-03 4.64100e-03 -2.70663e-02 31 31 0 262.50673 17 31 31
276 19 7.82362e-01 -1.02915e-02 6.10510e-03 -2.70488e-02 31 31 0 262.51044 17 31 31
276 19 7.82211e-01 -1.30071e-02 7.71561e-03 -2.70240e-02 31 31 0 262.51567 17 31 31
276 19 7.82004e-01 -1.59948e-02 9.48717e-03 -2.69901e-02 31 31 0 262.52280 17 31 31
276 19 7.81727e-01 -1.92821e-02 1.14359e-02 -2.69448e-02 31 31 0 262.53231 17 31 31
276 19 7.81363e-01 -2.28993e-02 1.35795e-02 -2.68851e-02 31 31 0 262.54473 17 31 31
276 19 7.80890e-01 -2.68799e-02 1.59374e-02 -2.68076e-02 31 31 0 262.56073 17 31 31
276 19 7.80282e-01 -3.12611e-02 1.85312e-02 -2.67080e-02 31 31 0 262.58108 17 31 31
276 19 7.79506e-01 -3.60836e-02 2.13843e-02 -2.65810e-02 31 31 0 262.60665 17 31 31
276 19 7.78524e-01 -4.13930e-02 2.45227e-02 -2.64202e-02 31 31 0 262.63846 17 31 31
276 19 7.77286e-01 -4.72395e-02 2.79750e-02 -2.62177e-02 31 31 0 262.67759 17 31 31
276 19 7.75734e-01 -5.36789e-02 3.17725e-02 -2.59637e-02 31 31 0 262.72518 17 31 31
276 19 7.73794e-01 -6.07731e-02 3.59497e-02 -2.56459e-02 31 31 0 262.78235 17 31 31
276 19 7.71379e-01 -6.85911e-02 4.05447e-02 -2.52488e-02 31 31 0 262.85006 17 31 31
276 19 7.68380e-01 -7.72099e-02 4.55992e-02 -2.47521e-02 31 31 0 262.92898 17 31 31
276 19 7.64670e-01 -8.67173e-02 5.11591e-02 -2.41271e-02 31 31 0 263.01993 17 31 31
276 19 7.60103e-01 -9.72241e-02 5.72750e-02 -2.33270e-02 31 31 0 263.12707 17 31 31
277 19 7.84737e-01 -1.77593e-03 1.00000e-03 -2.54207e-02 32 32 0 277.83620 18 32 32
277 19 7.84714e-01 -3.72948e-03 2.10000e-03 -2.54167e-02 32 32 0 277.83656 18 32 32
277 19 7.84669e-01 -5.87842e-03 3.31000e-03 -2.54089e-02 32 32 0 277.83723 18 32 32
277 19 7.84596e-01 -8.24233e-03 4.64100e-03 -2.53963e-02 32 32 0 277.83833 18 32 32
277 19 7.84488e-01 -1.08428e-02 6.10510e-03 -2.53776e-02 32 32 0 277.83994 18 32 32
277 19 7.84335e-01 -1.37035e-02 7.71561e-03 -2.53512e-02 32 32 0 277.84221 18 32 32
277 19 7.84125e-01 -1.68506e-02 9.48717e-03 -2.53150e-02 32 32 0 277.84530 18 32 32
277 19 7.83845e-01 -2.03130e-02 1.14359e-02 -2.52665e-02 32 32 0 277.84938 18 32 32
277 19 7.83476e-01 -2.41223e-02 1.35795e-02 -2.52029e-02 32 32 0 277.85465 18 32 32
277 19 7.82997e-01 -2.83137e-02 1.59374e-02 -2.51204e-02 32 32 0 277.86136 18 32 32
277 19 7.82381e-01 -3.29258e-02 1.85312e-02 -2.50145e-02 32 32 0 277.86975 18 32 32
277 19 7.81595e-01 -3.80013e-02 2.13843e-02 -2.48797e-02 32 32 0 277.88005 18 32 32
277 19 7.80598e-01 -4.35878e-02 2.45227e-02 -2.47096e-02 32 32 0 277.89250 18 32 32
277 19 7.79342e-01 -4.97379e-02 2.79750e-02 -2.44962e-02 32 32 0 277.90724 18 32 32
277 19 7.77765e-01 -5.65108e-02 3.17725e-02 -2.42300e-02 32 32 0 277.92432 18 32 32
277 19 7.75790e-01 -6.39736e-02 3.59497e-02 -2.38999e-02 32 32 0 277.94363 18 32 32
277 19 7.73323e-01 -7.22044e-02 4.05447e-02 -2.34927e-02 32 32 0 277.96495 18 32 32
277 19 7.70245e-01 -8.12971e-02 4.55992e-02 -2.29938e-02 32 32 0 277.98818 18 32 32
277 19 7.66403e-01 -9.13694e-02 5.11591e-02 -2.23863e-02 32 32 0 278.01452 18 32 32
277 19 7.61602e-01 -1.02560e-01 5.72750e-02 -2.16529e-02 32 32 0 278.04969 18 32 32
277 19 7.55610e-01 -1.14890e-01 6.40025e-02 -2.07786e-02 32 32 0 278.11324 18 32 32
278 19 7.86489e-01 -2.93650e-03 1.00000e-03 -2.40414e-02 19 33 0 291.97359 5 33 33
278 19 7.86456e-01 -6.16637e-03 2.10000e-03 -2.40359e-02 19 33 0 291.97379 5 33 33
278 19 7.86392e-01 -9.71855e-03 3.31000e-03 -2.40255e-02 19 33 0 291.97417 5 33 33
278 19 7.86288e-01 -1.36247e-02 4.64100e-03 -2.40086e-02 19 33 0 291.97479 5 33 33
278 19 7.86133e-01 -1.79192e-02 6.10510e-03 -2.39835e-02 19 33 0 291.97568 5 33 33
278 19 7.85915e-01 -2.26398e-02 7.71561e-03 -2.39481e-02 19 33 0 291.97692 5 33 33
278 19 7.85616e-01 -2.78273e-02 9.48717e-03 -2.38996e-02 19 33 0 291.97854 5 33 33
278 19 7.85216e-01 -3.35259e-02 1.14359e-02 -2.38350e-02 19 33 0 291.98061 5 33 33
278 19 7.84691e-01 -3.97834e-02 1.35795e-02 -2.37504e-02 19 33 0 291.98314 5 33 33
278 19 7.84008e-01 -4.66516e-02 1.59374e-02 -2.36410e-02 19 33 0 291.98614 5 33 33
278 19 7.83130e-01 -5.41860e-02 1.85312e-02 -2.35016e-02 19 33 0 291.98960 5 33 33
278 19 7.82012e-01 -6.24474e-02 2.13843e-02 -2.33257e-02 19 33 0 291.99352 5 33 33
278 19 7.80594e-01 -7.15027e-02 2.45227e-02 -2.31064e-02 19 33 0 291.99809 5 33 33
278 19 7.78805e-01 -8.14302e-02 2.79750e-02 -2.28365e-02 19 33 0 292.00429 5 33 33
278 19 7.76548e-01 -9.23287e-02 3.17725e-02 -2.25101e-02 19 33 0 292.01559 5 33 33
278 19 7.73696e-01 -1.04336e-01 3.59497e-02 -2.21258e-02 19 33 0 292.04244 5 33 33
278 19 7.70073e-01 -1.17640e-01 4.05447e-02 -2.16878e-02 19 33 0 292.10931 5 33 33
278 19 7.65473e-01 -1.32431e-01 4.55992e-02 -2.11937e-02 19 33 0 292.24642 5 33 33
278 19 7.59675e-01 -1.48857e-01 5.11591e-02 -2.06146e-02 19 33 0 292.45203 5 33 33
278 19 7.52398e-01 -1.67172e-01 5.72750e-02 -1.99064e-02 21 33 0 292.69399 5 33 33
279 19 7.88688e-01 -1.21246e-03 1.00000e-03 -2.23129e-02 34 34 0 311.94490 14 34 34
279 19 7.88669e-01 -2.54605e-03 2.10000e-03 -2.23088e-02 34 34 0 311.94554 14 34 34
279 19 7.88631e-01 -4.01271e-03 3.31000e-03 -2.23009e-02 34 34 0 311.94678 14 34 34
279 19 7.88570e-01 -5.62551e-03 4.64100e-03 -2.22882e-02 34 34 0 311.94879 14 34 34
279 19 7.88480e-01 -7.39869e-03 6.10510e-03 -2.22693e-02 34 34 0 311.95177 14 34 34
279 19 7.88352e-01 -9.34773e-03 7.71561e-03 -2.22425e-02 34 34 0 311.95599 14 34 34
279 19 7.88177e-01 -1.14894e-02 9.48717e-03 -2.22057e-02 34 34 0 311.96179 14 34 34
279 19 7.87943e-01 -1.38419e-02 1.14359e-02 -2.21565e-02 34 34 0 311.96958 14 34 34
279 19 7.87635e-01 -1.64247e-02 1.35795e-02 -2.20916e-02 34 34 0 311.97987 14 34 34
279 19 7.87236e-01 -1.92584e-02 1.59374e-02 -2.20073e-02 34 34 0 311.99334 14 34 34
279 19 7.86725e-01 -2.23648e-02 1.85312e-02 -2.18985e-02 34 34 0 312.01082 14 34 34
279 19 7.86073e-01 -2.57660e-02 2.13843e-02 -2.17593e-02 34 34 0 312.03343 14 34 34
279 19 7.85251e-01 -2.94843e-02 2.45227e-02 -2.15822e-02 34 34 0 312.06269 14 34 34
279 19 7.84220e-01 -3.35403e-02 2.79750e-02 -2.13577e-02 34 34 0 312.10073 14 34 34
279 19 7.82933e-01 -3.79507e-02 3.17725e-02 -2.10735e-02 34 34 0 312.15069 14 34 34
279 19 7.81339e-01 -4.27239e-02 3.59497e-02 -2.07138e-02 34 34 0 312.21750 14 34 34
279 19 7.79374e-01 -4.78540e-02 4.05447e-02 -2.02570e-02 34 34 0 312.30941 14 34 34
279 19 7.76973e-01 -5.33171e-02 4.55992e-02 -1.96722e-02 34 34 0 312.44119 14 34 34
280 19 7.90319e-01 -1.37507e-03 1.00000e-03 -2.10251e-02 35 35 0 328.76337 35 35 35
280 19 7.90300e-01 -2.88756e-03 2.10000e-03 -2.10205e-02 35 35 0 328.76479 35 35 35
280 19 7.90261e-01 -4.55108e-03 3.31000e-03 -2.10116e-02 35 35 0 328.76752 35 35 35
280 19 7.90200e-01 -6.38054e-03 4.64100e-03 -2.09973e-02 35 35 0 328.77193 35 35 35
280 19 7.90109e-01 -8.39225e-03 6.10510e-03 -2.09760e-02 35 35 0 328.77850 35 35 35
280 19 7.89979e-01 -1.06040e-02 7.71561e-03 -2.09458e-02 35 35 0 328.78781 35 35 35
280 19 7.89802e-01 -1.30352e-02 9.48717e-03 -2.09045e-02 35 35 0 328.80060 35 35 35
280 19 7.89565e-01 -1.57068e-02 1.14359e-02 -2.08493e-02 35 35 0 328.81778 35 35 35
280 19 7.89254e-01 -1.86417e-02 1.35795e-02 -2.07765e-02 35 35 0 328.84050 35 35 35
280 19 7.88850e-01 -2.18640e-02 1.59374e-02 -2.06821e-02 35 35 0 328.87019 35 35 35
280 19 7.88331e-01 -2.53996e-02 1.85312e-02 -2.05606e-02 35 35 0 328.90867 35 35 35
280 19 7.87671e-01 -2.92751e-02 2.13843e-02 -2.04059e-02 35 35 0 328.95824 35 35 35
280 19 7.86835e-01 -3.35168e-02 2.45227e-02 -2.02104e-02 35 35 0 329.02190 35 35 35
280 19 7.85783e-01 -3.81474e-02 2.79750e-02 -1.99652e-02 35 35 0 329.10361 35 35 35
280 19 7.84466e-01 -4.31781e-02 3.17725e-02 -1.96603e-02 35 35 0 329.20901 35 35 35
280 19 7.82823e-01 -4.85866e-02 3.59497e-02 -1.92850e-02 35 35 0 329.34698 35 35 35
280 19 7.80786e-01 -5.42603e-02 4.05447e-02 -1.88288e-02 35 35 0 329.53357 35 35 35
280 19 7.78286e-01 -5.98816e-02 4.55992e-02 -1.82795e-02 35 35 0 329.79806 31 35 35
281 19 7.93100e-01 -1.42485e-03 1.00000e-03 -1.88239e-02 37 37 0 362.33073 37 37 37
281 19 7.93087e-01 -2.99231e-03 2.10000e-03 -1.88132e-02 37 37 0 362.35817 37 37 37
281 19 7.93063e-01 -4.71667e-03 3.31000e-03 -1.87927e-02 37 37 0 362.41167 37 37 37
281 19 7.93025e-01 -6.61309e-03 4.64100e-03 -1.87593e-02 37 37 0 362.50054 37 37 37
281 19 7.92969e-01 -8.69657e-03 6.10510e-03 -1.87089e-02 37 37 0 362.63828 37 37 37
281 19 7.92893e-01 -1.09792e-02 7.71561e-03 -1.86361e-02 37 37 0 362.84522 37 37 37
281 19 7.92791e-01 -1.34629e-02 9.48717e-03 -1.85339e-02 37 37 0 363.15297 37 37 37
281 19 7.92662e-01 -1.61236e-02 1.14359e-02 -1.83926e-02 37 37 0 363.61180 37 37 37
281 19 7.92506e-01 -1.88765e-02 1.35795e-02 -1.82006e-02 37 37 0 364.29967 37 37 37
281 19 7.92318e-01 -2.15332e-02 1.59374e-02 -1.79473e-02 37 37 0 365.31869 35 37 37
281 19 7.92082e-01 -2.38548e-02 1.85312e-02 -1.76349e-02 37 37 0 366.72788 29 37 37
281 19 7.91735e-01 -2.58709e-02 2.13843e-02 -1.72900e-02 37 37 0 368.39865 29 37 37
281 19 7.91184e-01 -2.80372e-02 2.45227e-02 -1.69472e-02 37 37 0 370.04980 23 37 37
281 19 7.90359e-01 -3.07668e-02 2.79750e-02 -1.66130e-02 37 37 0 371.53515 13 37 37
282 19 7.96394e-01 -1.40144e-03 1.00000e-03 -1.62060e-02 39 39 0 413.06658 33 39 39
282 19 7.96371e-01 -2.94311e-03 2.10000e-03 -1.62036e-02 39 39 0 413.07391 33 39 39
282 19 7.96328e-01 -4.63912e-03 3.31000e-03 -1.61990e-02 39 39 0 413.08797 33 39 39
282 19 7.96257e-01 -6.50506e-03 4.64100e-03 -1.61916e-02 39 39 0 413.11063 33 39 39
282 19 7.96153e-01 -8.55813e-03 6.10510e-03 -1.61805e-02 39 39 0 413.14414 33 39 39
282 19 7.96005e-01 -1.08173e-02 7.71561e-03 -1.61649e-02 39 39 0 413.19122 33 39 39
282 19 7.95803e-01 -1.33034e-02 9.48717e-03 -1.61433e-02 39 39 0 413.25501 33 39 39
282 19 7.95533e-01 -1.60395e-02 1.14359e-02 -1.61144e-02 39 39 0 413.33917 33 39 39
282 19 7.95178e-01 -1.90503e-02 1.35795e-02 -1.60761e-02 39 39 0 413.44775 33 39 39
282 19 7.94717e-01 -2.23631e-02 1.59374e-02 -1.60260e-02 39 39 0 413.58509 33 39 39
282 19 7.94125e-01 -2.60062e-02 1.85312e-02 -1.59610e-02 39 39 0 413.75548 33 39 39
282 19 7.93372e-01 -3.00087e-02 2.13843e-02 -1.58771e-02 39 39 0 413.96264 33 39 39
282 19 7.92421e-01 -3.43989e-02 2.45227e-02 -1.57692e-02 39 39 0 414.20878 33 39 39
282 19 7.91228e-01 -3.92005e-02 2.79750e-02 -1.56308e-02 39 39 0 414.49325 33 39 39
282 19 7.89741e-01 -4.44293e-02 3.17725e-02 -1.54536e-02 39 39 0 414.81074 34 39 39
282 19 7.87896e-01 -5.00877e-02 3.59497e-02 -1.52269e-02 39 39 0 415.14909 35 39 39
282 19 7.85620e-01 -5.61633e-02 4.05447e-02 -1.49372e-02 39 39 0 415.48748 35 39 39
283 19 8.02400e-01 -1.80932e-03 1.00000e-03 -1.14039e-02 46 46 0 560.03586 16 46 46
283 19 8.02378e-01 -3.80128e-03 2.10000e-03 -1.13985e-02 46 46 0 560.05302 16 46 46
283 19 8.02337e-01 -5.99677e-03 3.31000e-03 -1.13880e-02 46 46 0 560.08627 16 46 46
283 19 8.02271e-01 -8.42009e-03 4.64100e-03 -1.13710e-02 46 46 0 560.14085 16 46 46
283 19 8.02172e-01 -1.11000e-02 6.10510e-03 -1.13457e-02 46 46 0 560.22390 16 46 46
283 19 8.02031e-01 -1.40713e-02 7.71561e-03 -1.13096e-02 46 46 0 560.34541 16 46 46
283 19 8.01839e-01 -1.73765e-02 9.48717e-03 -1.12596e-02 46 46 0 560.51968 16 46 46
283 19 8.01580e-01 -2.10695e-02 1.14359e-02 -1.11919e-02 46 46 0 560.76763 18 46 46
283 19 8.01239e-01 -2.52194e-02 1.35795e-02 -1.11013e-02 46 46 0 561.12061 20 46 46
283 19 8.00793e-01 -2.99157e-02 1.59374e-02 -1.09815e-02 46 46 0 561.62543 20 46 46
283 19 8.00212e-01 -3.52679e-02 1.85312e-02 -1.08247e-02 46 46 0 562.34893 22 46 46
283 19 7.99459e-01 -4.13770e-02 2.13843e-02 -1.06232e-02 46 46 0 563.37133 22 46 46
283 19 7.98489e-01 -4.81988e-02 2.45227e-02 -1.03724e-02 46 46 0 564.74472 24 46 46
283 19 7.97273e-01 -5.51825e-02 2.79750e-02 -1.00756e-02 46 46 0 566.41821 26 46 46
284 19 8.04154e-01 1.10569e-02 1.00000e-03 -9.93524e-03 6 42 1 630.31005 6 10 45
284 19 8.03897e-01 2.32322e-02 2.10000e-03 -9.91595e-03 6 42 1 630.39323 6 10 45
284 19 8.03403e-01 3.66625e-02 3.31000e-03 -9.87856e-03 6 42 1 630.56464 6 10 45
284 19 8.02597e-01 5.15282e-02 4.64100e-03 -9.81700e-03 6 42 1 630.87601 6 10 45
284 19 8.01381e-01 6.81005e-02 6.10510e-03 -9.72248e-03 6 42 1 631.42463 6 10 45
284 19 7.99603e-01 8.68635e-02 7.71561e-03 -9.58077e-03 6 42 1 632.40638 6 10 45
284 19 7.96982e-01 1.08899e-01 9.48717e-03 -9.36399e-03 6 42 1 634.27625 6 10 45
284 19 7.92702e-01 1.37859e-01 1.14359e-02 -8.98846e-03 6 42 1 638.56247 6 10 47
284 19 7.84579e-01 1.81552e-01 1.35795e-02 -8.14847e-03 6 42 1 652.64269 6 10 51
285 19 8.06117e-01 -1.39195e-03 1.00000e-03 -8.41474e-03 52 52 0 726.96156 29 52 52
285 19 8.06095e-01 -2.92312e-03 2.10000e-03 -8.41242e-03 52 52 0 726.96206 30 52 52
285 19 8.06052e-01 -4.60744e-03 3.31000e-03 -8.40798e-03 52 52 0 726.96299 30 52 52
285 19 8.05983e-01 -6.46021e-03 4.64100e-03 -8.40082e-03 52 52 0 726.96444 30 52 52
285 19 8.05879e-01 -8.49805e-03 6.10510e-03 -8.39020e-03 52 52 0 726.96646 30 52 52
285 19 8.05733e-01 -1.07388e-02 7.71561e-03 -8.37525e-03 52 52 0 726.96906 29 52 52
285 19 8.05532e-01 -1.32014e-02 9.48717e-03 -8.35492e-03 52 52 0 726.97225 28 52 52
285 19 8.05264e-01 -1.59046e-02 1.14359e-02 -8.32799e-03 52 52 0 726.97608 29 52 52
285 19 8.04910e-01 -1.88658e-02 1.35795e-02 -8.29303e-03 52 52 0 726.98088 26 52 52
285 19 8.04451e-01 -2.20979e-02 1.59374e-02 -8.24850e-03 52 52 0 726.98793 29 52 52
285 19 8.03860e-01 -2.56047e-02 1.85312e-02 -8.19273e-03 52 52 0 727.00087 28 52 52
285 19 8.03108e-01 -2.93750e-02 2.13843e-02 -8.12417e-03 52 52 0 727.02861 26 52 52
285 19 8.02157e-01 -3.33819e-02 2.45227e-02 -8.04150e-03 52 52 0 727.08995 28 52 52
285 19 8.00962e-01 -3.76071e-02 2.79750e-02 -7.94346e-03 52 52 0 727.21635 26 52 52
285 19 7.99464e-01 -4.21083e-02 3.17725e-02 -7.82765e-03 52 52 0 727.44247 26 52 52
285 19 7.97589e-01 -4.70778e-02 3.59497e-02 -7.68921e-03 52 52 0 727.78322 28 52 52
286 19 8.07385e-01 -1.48366e-03 1.00000e-03 -7.39174e-03 55 55 0 811.99940 54 55 55
286 19 8.07364e-01 -3.11625e-03 2.10000e-03 -7.38828e-03 55 55 0 812.01461 53 55 55
286 19 8.07323e-01 -4.91353e-03 3.31000e-03 -7.38164e-03 55 55 0 812.04398 53 55 55
286 19 8.07256e-01 -6.89326e-03 4.64100e-03 -7.37089e-03 55 55 0 812.09192 51 55 55
286 19 8.07157e-01 -9.07570e-03 6.10510e-03 -7.35487e-03 55 55 0 812.16425 51 55 55
286 19 8.07016e-01 -1.14841e-02 7.71561e-03 -7.33213e-03 55 55 0 812.26875 49 55 55
286 19 8.06824e-01 -1.41456e-02 9.48717e-03 -7.30089e-03 55 55 0 812.41603 49 55 55
286 19 8.06566e-01 -1.70925e-02 1.14359e-02 -7.25886e-03 55 55 0 812.62073 47 55 55
286 19 8.06227e-01 -2.03642e-02 1.35795e-02 -7.20323e-03 55 55 0 812.90344 47 55 55
286 19 8.05785e-01 -2.40101e-02 1.59374e-02 -7.13045e-03 55 55 0 813.29341 47 55 55
286 19 8.05215e-01 -2.80955e-02 1.85312e-02 -7.03604e-03 55 55 0 813.83257 45 55 55
286 19 8.04485e-01 -3.27141e-02 2.13843e-02 -6.91401e-03 55 55 0 814.58228 45 55 55
286 19 8.03553e-01 -3.80336e-02 2.45227e-02 -6.75485e-03 55 55 0 815.64364 45 55 55
287 19 8.08641e-01 -1.46316e-03 1.00000e-03 -6.37691e-03 58 58 0 920.85719 38 58 58
287 19 8.08618e-01 -3.07270e-03 2.10000e-03 -6.37540e-03 58 58 0 920.88291 39 58 58
287 19 8.08572e-01 -4.84340e-03 3.31000e-03 -6.37251e-03 58 58 0 920.93207 39 58 58
287 19 8.08498e-01 -6.79151e-03 4.64100e-03 -6.36781e-03 58 58 0 921.01096 39 58 58
287 19 8.08389e-01 -8.93502e-03 6.10510e-03 -6.36080e-03 58 58 0 921.12688 39 58 58
287 19 8.08234e-01 -1.12937e-02 7.71561e-03 -6.35084e-03 58 58 0 921.28811 40 58 58
287 19 8.08022e-01 -1.38895e-02 9.48717e-03 -6.33708e-03 58 58 0 921.50353 40 58 58
287 19 8.07738e-01 -1.67462e-02 1.14359e-02 -6.31850e-03 58 58 0 921.78202 40 58 58
287 19 8.07366e-01 -1.98899e-02 1.35795e-02 -6.29372e-03 58 58 0 922.13119 40 58 58
287 19 8.06883e-01 -2.33479e-02 1.59374e-02 -6.26101e-03 58 58 0 922.55534 40 58 58
287 19 8.06263e-01 -2.71481e-02 1.85312e-02 -6.21808e-03 58 58 0 923.05230 40 58 58
288 19 8.11179e-01 -1.84385e-03 1.00000e-03 -4.32070e-03 68 68 0 1280.87453 14 68 68
288 19 8.11153e-01 -3.87271e-03 2.10000e-03 -4.31930e-03 68 68 0 1280.89626 14 68 68
288 19 8.11102e-01 -6.10605e-03 3.31000e-03 -4.31662e-03 68 68 0 1280.93782 14 68 68
288 19 8.11020e-01 -8.56571e-03 4.64100e-03 -4.31227e-03 68 68 0 1281.00457 14 68 68
288 19 8.10898e-01 -1.12764e-02 6.10510e-03 -4.30579e-03 68 68 0 1281.10279 14 68 68
288 19 8.10725e-01 -1.42661e-02 7.71561e-03 -4.29659e-03 68 68 0 1281.23966 14 68 68
288 19 8.10488e-01 -1.75669e-02 9.48717e-03 -4.28392e-03 68 68 0 1281.42303 12 68 68
288 19 8.10170e-01 -2.12154e-02 1.14359e-02 -4.26686e-03 68 68 0 1281.66091 12 68 68
288 19 8.09751e-01 -2.52541e-02 1.35795e-02 -4.24421e-03 68 68 0 1281.96044 12 68 68
288 19 8.09206e-01 -2.97319e-02 1.59374e-02 -4.21445e-03 68 68 0 1282.32609 12 68 68
288 19 8.08503e-01 -3.47059e-02 1.85312e-02 -4.17564e-03 68 68 0 1282.75641 12 68 68
289 19 8.13610e-01 -1.86041e-03 1.00000e-03 -2.34568e-03 63 86 0 2143.38173 9 86 86
