290 23 6.69672e-02 -1.59636e-03 1.00000e-03 -3.31085e-01 1 1 0 3.09905 1 1 1
290 23 6.69660e-02 -3.35236e-03 2.10000e-03 -3.31063e-01 1 1 0 3.09908 1 1 1
290 23 6.69636e-02 -5.28394e-03 3.31000e-03 -3.31023e-01 1 1 0 3.09913 1 1 1
290 23 6.69597e-02 -7.40866e-03 4.64100e-03 -3.30956e-01 1 1 0 3.09921 1 1 1
290 23 6.69539e-02 -9.74581e-03 6.10510e-03 -3.30858e-01 1 1 0 3.09933 1 1 1
290 23 6.69457e-02 -1.23166e-02 7.71561e-03 -3.30719e-01 1 1 0 3.09950 1 1 1
290 23 6.69345e-02 -1.51444e-02 9.48717e-03 -3.30529e-01 1 1 0 3.09973 1 1 1
290 23 6.69194e-02 -1.82548e-02 1.14359e-02 -3.30274e-01 1 1 0 3.10004 1 1 1
290 23 6.68997e-02 -2.16761e-02 1.35795e-02 -3.29939e-01 1 1 0 3.10045 1 1 1
290 23 6.68740e-02 -2.54392e-02 1.59374e-02 -3.29504e-01 1 1 0 3.10098 1 1 1
290 23 6.68410e-02 -2.95782e-02 1.85312e-02 -3.28945e-01 1 1 0 3.10166 1 1 1
290 23 6.67989e-02 -3.41304e-02 2.13843e-02 -3.28233e-01 1 1 0 3.10253 1 1 1
290 23 6.67456e-02 -3.91371e-02 2.45227e-02 -3.27333e-01 1 1 0 3.10363 1 1 1
290 23 6.66785e-02 -4.46434e-02 2.79750e-02 -3.26201e-01 1 1 0 3.10501 1 1 1
290 23 6.65944e-02 -5.06986e-02 3.17725e-02 -3.24783e-01 1 1 0 3.10675 1 1 1
290 23 6.64892e-02 -5.73572e-02 3.59497e-02 -3.23016e-01 1 1 0 3.10893 1 1 1
290 23 6.63583e-02 -6.46786e-02 4.05447e-02 -3.20821e-01 1 1 0 3.11164 1 1 1
290 23 6.61955e-02 -7.27280e-02 4.55992e-02 -3.18101e-01 1 1 0 3.11501 1 1 1
290 23 6.59936e-02 -8.15767e-02 5.11591e-02 -3.14742e-01 1 1 0 3.11920 1 1 1
290 23 6.57434e-02 -9.13024e-02 5.72750e-02 -3.10602e-01 1 1 0 3.12439 1 1 1
290 23 6.54337e-02 -1.01990e-01 6.40025e-02 -3.05510e-01 1 1 0 3.13084 1 1 1
290 23 6.50503e-02 -1.13732e-01 7.14028e-02 -2.99258e-01 1 1 0 3.13883 1 1 1
290 23 6.45755e-02 -1.26628e-01 7.95430e-02 -2.91596e-01 1 1 0 3.14875 1 1 1
290 23 6.39869e-02 -1.40786e-01 8.84973e-02 -2.82217e-01 1 1 0 3.16109 1 1 1
290 23 6.32556e-02 -1.56322e-01 9.83471e-02 -2.70754e-01 1 1 0 3.17647 1 1 1
290 23 6.23445e-02 -1.73359e-01 1.09182e-01 -2.56760e-01 1 1 0 3.19571 1 1 1
291 23 1.32577e-01 -1.59564e-03 1.00000e-03 -3.24539e-01 2 2 0 6.24511 2 2 2
291 23 1.32574e-01 -3.35085e-03 2.10000e-03 -3.24518e-01 2 2 0 6.24517 2 2 2
291 23 1.32570e-01 -5.28156e-03 3.31000e-03 -3.24477e-01 2 2 0 6.24527 2 2 2
291 23 1.32562e-01 -7.40531e-03 4.64100e-03 -3.24412e-01 2 2 0 6.24543 2 2 2
291 23 1.32551e-01 -9.74141e-03 6.10510e-03 -3.24315e-01 2 2 0 6.24567 2 2 2
291 23 1.32535e-01 -1.23111e-02 7.71561e-03 -3.24177e-01 2 2 0 6.24601 2 2 2
291 23 1.32513e-01 -1.51376e-02 9.48717e-03 -3.23989e-01 2 2 0 6.24647 2 2 2
291 23 1.32483e-01 -1.82466e-02 1.14359e-02 -3.23737e-01 2 2 0 6.24710 2 2 2
291 23 1.32445e-01 -2.16663e-02 1.35795e-02 -3.23406e-01 2 2 0 6.24791 2 2 2
291 23 1.32395e-01 -2.54277e-02 1.59374e-02 -3.22976e-01 2 2 0 6.24898 2 2 2
291 23 1.32330e-01 -2.95648e-02 1.85312e-02 -3.22424e-01 2 2 0 6.25035 2 2 2
291 23 1.32248e-01 -3.41151e-02 2.13843e-02 -3.21720e-01 2 2 0 6.25209 2 2 2
291 23 1.32144e-01 -3.91195e-02 2.45227e-02 -3.20830e-01 2 2 0 6.25430 2 2 2
291 23 1.32012e-01 -4.46232e-02 2.79750e-02 -3.19711e-01 2 2 0 6.25708 2 2 2
291 23 1.31848e-01 -5.06758e-02 3.17725e-02 -3.18310e-01 2 2 0 6.26058 2 2 2
291 23 1.31642e-01 -5.73313e-02 3.59497e-02 -3.16563e-01 2 2 0 6.26494 2 2 2
291 23 1.31386e-01 -6.46495e-02 4.05447e-02 -3.14393e-01 2 2 0 6.27039 2 2 2
291 23 1.31067e-01 -7.26953e-02 4.55992e-02 -3.11705e-01 2 2 0 6.27716 2 2 2
291 23 1.30672e-01 -8.15400e-02 5.11591e-02 -3.08385e-01 2 2 0 6.28557 2 2 2
291 23 1.30182e-01 -9.12614e-02 5.72750e-02 -3.04293e-01 2 2 0 6.29600 2 2 2
291 23 1.29576e-01 -1.01944e-01 6.40025e-02 -2.99260e-01 2 2 0 6.30894 2 2 2
291 23 1.28825e-01 -1.13681e-01 7.14028e-02 -2.93082e-01 2 2 0 6.32499 2 2 2
291 23 1.27894e-01 -1.26571e-01 7.95430e-02 -2.85509e-01 2 2 0 6.34492 2 2 2
291 23 1.26740e-01 -1.40723e-01 8.84973e-02 -2.76241e-01 2 2 0 6.36969 2 2 2
291 23 1.25304e-01 -1.56253e-01 9.83471e-02 -2.64915e-01 2 2 0 6.40056 2 2 2
291 23 1.23514e-01 -1.73282e-01 1.09182e-01 -2.51089e-01 2 2 0 6.43916 2 2 2
291 23 1.21270e-01 -1.91941e-01 1.21100e-01 -2.34234e-01 2 2 0 6.48768 2 2 2
291 23 1.18438e-01 -2.12362e-01 1.34210e-01 -2.13709e-01 2 2 0 6.54905 2 2 2
292 23 1.95608e-01 -1.59450e-03 1.00000e-03 -3.14196e-01 3 3 0 9.48310 3 3 3
292 23 1.95604e-01 -3.34843e-03 2.10000e-03 -3.14175e-01 3 3 0 9.48318 3 3 3
292 23 1.95597e-01 -5.27775e-03 3.31000e-03 -3.14135e-01 3 3 0 9.48333 3 3 3
292 23 1.95586e-01 -7.39998e-03 4.64100e-03 -3.14071e-01 3 3 0 9.48357 3 3 3
292 23 1.95570e-01 -9.73440e-03 6.10510e-03 -3.13976e-01 3 3 0 9.48393 3 3 3
292 23 1.95547e-01 -1.23022e-02 7.71561e-03 -3.13841e-01 3 3 0 9.48445 3 3 3
292 23 1.95515e-01 -1.51267e-02 9.48717e-03 -3.13656e-01 3 3 0 9.48515 3 3 3
292 23 1.95473e-01 -1.82335e-02 1.14359e-02 -3.13408e-01 3 3 0 9.48609 3 3 3
292 23 1.95417e-01 -2.16507e-02 1.35795e-02 -3.13083e-01 3 3 0 9.48733 3 3 3
292 23 1.95345e-01 -2.54094e-02 1.59374e-02 -3.12661e-01 3 3 0 9.48894 3 3 3
292 23 1.95252e-01 -2.95435e-02 1.85312e-02 -3.12118e-01 3 3 0 9.49101 3 3 3
292 23 1.95133e-01 -3.40905e-02 2.13843e-02 -3.11427e-01 3 3 0 9.49365 3 3 3
292 23 1.94982e-01 -3.90913e-02 2.45227e-02 -3.10553e-01 3 3 0 9.49699 3 3 3
292 23 1.94793e-01 -4.45911e-02 2.79750e-02 -3.09454e-01 3 3 0 9.50121 3 3 3
292 23 1.94555e-01 -5.06393e-02 3.17725e-02 -3.08078e-01 3 3 0 9.50649 3 3 3
292 23 1.94258e-01 -5.72901e-02 3.59497e-02 -3.06362e-01 3 3 0 9.51310 3 3 3
292 23 1.93888e-01 -6.46030e-02 4.05447e-02 -3.04231e-01 3 3 0 9.52133 3 3 3
292 23 1.93427e-01 -7.26430e-02 4.55992e-02 -3.01591e-01 3 3 0 9.53158 3 3 3
292 23 1.92856e-01 -8.14814e-02 5.11591e-02 -2.98331e-01 3 3 0 9.54430 3 3 3
292 23 1.92147e-01 -9.11959e-02 5.72750e-02 -2.94313e-01 3 3 0 9.56008 3 3 3
292 23 1.91269e-01 -1.01871e-01 6.40025e-02 -2.89371e-01 3 3 0 9.57966 3 3 3
292 23 1.90181e-01 -1.13600e-01 7.14028e-02 -2.83305e-01 3 3 0 9.60393 3 3 3
292 23 1.88832e-01 -1.26481e-01 7.95430e-02 -2.75870e-01 3 3 0 9.63405 3 3 3
292 23 1.87157e-01 -1.40623e-01 8.84973e-02 -2.66773e-01 3 3 0 9.67149 3 3 3
292 23 1.85073e-01 -1.56141e-01 9.83471e-02 -2.55657e-01 3 3 0 9.71815 3 3 3
292 23 1.82476e-01 -1.73158e-01 1.09182e-01 -2.42089e-01 3 3 0 9.77649 3 3 3
292 23 1.79229e-01 -1.91804e-01 1.21100e-01 -2.25551e-01 3 3 0 9.84978 3 3 3
292 23 1.75163e-01 -2.12210e-01 1.34210e-01 -2.05414e-01 3 3 0 9.94248 3 3 3
292 23 1.70089e-01 -2.34507e-01 1.48631e-01 -1.80916e-01 3 3 0 10.06084 3 3 3
292 23 1.63910e-01 -2.58812e-01 1.64494e-01 -1.51117e-01 3 3 0 10.21404 3 3 3
293 23 2.55081e-01 -1.59299e-03 1.00000e-03 -3.00794e-01 4 4 0 12.85402 4 4 4
293 23 2.55076e-01 -3.34527e-03 2.10000e-03 -3.00774e-01 4 4 0 12.85413 4 4 4
293 23 2.55068e-01 -5.27276e-03 3.31000e-03 -3.00735e-01 4 4 0 12.85433 4 4 4
293 23 2.55054e-01 -7.39298e-03 4.64100e-03 -3.00672e-01 4 4 0 12.85466 4 4 4
293 23 2.55033e-01 -9.72519e-03 6.10510e-03 -3.00579e-01 4 4 0 12.85516 4 4 4
293 23 2.55004e-01 -1.22906e-02 7.71561e-03 -3.00447e-01 4 4 0 12.85585 4 4 4
293 23 2.54964e-01 -1.51124e-02 9.48717e-03 -3.00266e-01 4 4 0 12.85681 4 4 4
293 23 2.54911e-01 -1.82162e-02 1.14359e-02 -3.00024e-01 4 4 0 12.85808 4 4 4
293 23 2.54840e-01 -2.16302e-02 1.35795e-02 -2.99706e-01 4 4 0 12.85976 4 4 4
293 23 2.54749e-01 -2.53854e-02 1.59374e-02 -2.99293e-01 4 4 0 12.86194 4 4 4
293 23 2.54632e-01 -2.95156e-02 1.85312e-02 -2.98762e-01 4 4 0 12.86474 4 4 4
293 23 2.54482e-01 -3.40583e-02 2.13843e-02 -2.98086e-01 4 4 0 12.86832 4 4 4
293 23 2.54292e-01 -3.90544e-02 2.45227e-02 -2.97232e-01 4 4 0 12.87285 4 4 4
293 23 2.54053e-01 -4.45490e-02 2.79750e-02 -2.96157e-01 4 4 0 12.87855 4 4 4
293 23 2.53752e-01 -5.05914e-02 3.17725e-02 -2.94811e-01 4 4 0 12.88571 4 4 4
293 23 2.53377e-01 -5.72359e-02 3.59497e-02 -2.93133e-01 4 4 0 12.89466 4 4 4
293 23 2.52909e-01 -6.45419e-02 4.05447e-02 -2.91050e-01 4 4 0 12.90581 4 4 4
293 23 2.52325e-01 -7.25743e-02 4.55992e-02 -2.88469e-01 4 4 0 12.91968 4 4 4
293 23 2.51600e-01 -8.14044e-02 5.11591e-02 -2.85282e-01 4 4 0 12.93690 4 4 4
293 23 2.50699e-01 -9.11097e-02 5.72750e-02 -2.81356e-01 4 4 0 12.95826 4 4 4
293 23 2.49578e-01 -1.01775e-01 6.40025e-02 -2.76528e-01 4 4 0 12.98475 4 4 4
293 23 2.48183e-01 -1.13492e-01 7.14028e-02 -2.70604e-01 4 4 0 13.01757 4 4 4
293 23 2.46442e-01 -1.26362e-01 7.95430e-02 -2.63348e-01 4 4 0 13.05830 4 4 4
293 23 2.44257e-01 -1.40491e-01 8.84973e-02 -2.54475e-01 4 4 0 13.10888 4 4 4
293 23 2.41499e-01 -1.55996e-01 9.83471e-02 -2.43644e-01 4 4 0 13.17183 4 4 4
293 23 2.37979e-01 -1.72999e-01 1.09182e-01 -2.30449e-01 4 4 0 13.25042 4 4 4
293 23 2.33413e-01 -1.91631e-01 1.21100e-01 -2.14405e-01 4 4 0 13.34894 4 4 4
293 23 2.27353e-01 -2.12027e-01 1.34210e-01 -1.94949e-01 4 4 0 13.47316 4 4 4
293 23 2.19067e-01 -2.34325e-01 1.48631e-01 -1.71428e-01 4 4 0 13.63115 4 4 4
294 23 2.89229e-01 6.68092e-03 1.00000e-03 -2.91479e-01 1 1 1 14.98687 1 1 1
294 23 2.89201e-01 1.40303e-02 2.10000e-03 -2.91394e-01 1 1 1 14.98840 1 1 1
294 23 2.89147e-01 2.21157e-02 3.31000e-03 -2.91231e-01 1 1 1 14.99133 1 1 1
294 23 2.89060e-01 3.10115e-02 4.64100e-03 -2.90967e-01 1 1 1 14.99609 1 1 1
294 23 2.88932e-01 4.08003e-02 6.10510e-03 -2.90574e-01 1 1 1 15.00319 1 1 2
294 23 2.88750e-01 5.15732e-02 7.71561e-03 -2.90018e-01 1 1 1 15.01328 1 1 2
294 23 2.88501e-01 6.34317e-02 9.48717e-03 -2.89255e-01 1 1 1 15.02718 1 1 1
294 23 2.88168e-01 7.64887e-02 1.14359e-02 -2.88234e-01 1 1 1 15.04595 1 1 1
294 23 2.87732e-01 9.08703e-02 1.35795e-02 -2.86888e-01 1 1 1 15.07093 1 1 1
294 23 2.87167e-01 1.06718e-01 1.59374e-02 -2.85136e-01 1 1 1 15.10388 1 1 1
294 23 2.86444e-01 1.24194e-01 1.85312e-02 -2.82879e-01 1 1 1 15.14710 1 1 1
294 23 2.85527e-01 1.43481e-01 2.13843e-02 -2.79991e-01 1 1 1 15.20369 1 1 1
294 23 2.84376e-01 1.64793e-01 2.45227e-02 -2.76313e-01 1 1 1 15.27791 1 1 1
294 23 2.82940e-01 1.88387e-01 2.79750e-02 -2.71648e-01 1 1 1 15.37582 1 1 2
294 23 2.81166e-01 2.14578e-01 3.17725e-02 -2.65737e-01 1 1 1 15.50636 1 1 1
294 23 2.78997e-01 2.43783e-01 3.59497e-02 -2.58237e-01 1 1 1 15.68359 1 1 2
294 23 2.76380e-01 2.76617e-01 4.05447e-02 -2.48662e-01 1 1 1 15.93148 1 1 1
294 23 2.73287e-01 3.14329e-01 4.55992e-02 -2.36193e-01 1 1 1 16.29827 1 1 2
295 23 3.10310e-01 -1.59121e-03 1.00000e-03 -2.85181e-01 5 5 0 16.39362 5 5 5
295 23 3.10305e-01 -3.34153e-03 2.10000e-03 -2.85161e-01 5 5 0 16.39376 5 5 5
295 23 3.10295e-01 -5.26688e-03 3.31000e-03 -2.85123e-01 5 5 0 16.39402 5 5 5
295 23 3.10279e-01 -7.38473e-03 4.64100e-03 -2.85062e-01 5 5 0 16.39445 5 5 5
295 23 3.10255e-01 -9.71433e-03 6.10510e-03 -2.84971e-01 5 5 0 16.39508 5 5 5
295 23 3.10221e-01 -1.22768e-02 7.71561e-03 -2.84842e-01 5 5 0 16.39597 5 5 5
295 23 3.10175e-01 -1.50955e-02 9.48717e-03 -2.84665e-01 5 5 0 16.39720 5 5 5
295 23 3.10113e-01 -1.81959e-02 1.14359e-02 -2.84429e-01 5 5 0 16.39884 5 5 5
295 23 3.10032e-01 -2.16061e-02 1.35795e-02 -2.84118e-01 5 5 0 16.40100 5 5 5
295 23 3.09926e-01 -2.53570e-02 1.59374e-02 -2.83715e-01 5 5 0 16.40380 5 5 5
295 23 3.09790e-01 -2.94826e-02 1.85312e-02 -2.83197e-01 5 5 0 16.40740 5 5 5
295 23 3.09616e-01 -3.40202e-02 2.13843e-02 -2.82537e-01 5 5 0 16.41199 5 5 5
295 23 3.09396e-01 -3.90107e-02 2.45227e-02 -2.81703e-01 5 5 0 16.41781 5 5 5
295 23 3.09118e-01 -4.44991e-02 2.79750e-02 -2.80653e-01 5 5 0 16.42514 5 5 5
295 23 3.08769e-01 -5.05347e-02 3.17725e-02 -2.79340e-01 5 5 0 16.43433 5 5 5
295 23 3.08331e-01 -5.71718e-02 3.59497e-02 -2.77703e-01 5 5 0 16.44582 5 5 5
295 23 3.07784e-01 -6.44695e-02 4.05447e-02 -2.75670e-01 5 5 0 16.46013 5 5 5
295 23 3.07101e-01 -7.24929e-02 4.55992e-02 -2.73154e-01 5 5 0 16.47793 5 5 5
295 23 3.06248e-01 -8.13130e-02 5.11591e-02 -2.70047e-01 5 5 0 16.50003 5 5 5
295 23 3.05185e-01 -9.10074e-02 5.72750e-02 -2.66221e-01 5 5 0 16.52742 5 5 5
295 23 3.03855e-01 -1.01661e-01 6.40025e-02 -2.61520e-01 5 5 0 16.56137 5 5 5
295 23 3.02191e-01 -1.13365e-01 7.14028e-02 -2.55756e-01 5 5 0 16.60342 5 5 5
295 23 3.00099e-01 -1.26221e-01 7.95430e-02 -2.48702e-01 5 5 0 16.65556 5 5 5
295 23 2.97455e-01 -1.40335e-01 8.84973e-02 -2.40088e-01 5 5 0 16.72027 5 5 5
295 23 2.94087e-01 -1.55822e-01 9.83471e-02 -2.29589e-01 5 5 0 16.80076 5 5 5
295 23 2.89748e-01 -1.72803e-01 1.09182e-01 -2.16823e-01 5 5 0 16.90118 5 5 5
295 23 2.84065e-01 -1.91396e-01 1.21100e-01 -2.01345e-01 5 5 0 17.02700 5 5 5
295 23 2.76437e-01 -2.11693e-01 1.34210e-01 -1.82656e-01 5 5 0 17.18554 5 5 5
295 23 2.65824e-01 -2.33669e-01 1.48631e-01 -1.60246e-01 5 5 0 17.38667 5 5 5
295 23 2.50325e-01 -2.56770e-01 1.64494e-01 -1.33745e-01 5 5 0 17.64305 5 5 5
296 23 3.60904e-01 -1.58926e-03 1.00000e-03 -2.68201e-01 6 6 0 20.13125 6 6 6
296 23 3.60899e-01 -3.33744e-03 2.10000e-03 -2.68182e-01 6 6 0 20.13143 6 6 6
296 23 3.60888e-01 -5.26042e-03 3.31000e-03 -2.68145e-01 6 6 0 20.13176 6 6 6
296 23 3.60871e-01 -7.37568e-03 4.64100e-03 -2.68085e-01 6 6 0 20.13229 6 6 6
296 23 3.60845e-01 -9.70242e-03 6.10510e-03 -2.67995e-01 6 6 0 20.13309 6 6 6
296 23 3.60809e-01 -1.22618e-02 7.71561e-03 -2.67869e-01 6 6 0 20.13422 6 6 6
296 23 3.60760e-01 -1.50770e-02 9.48717e-03 -2.67696e-01 6 6 0 20.13576 6 6 6
296 23 3.60693e-01 -1.81735e-02 1.14359e-02 -2.67464e-01 6 6 0 20.13782 6 6 6
296 23 3.60607e-01 -2.15795e-02 1.35795e-02 -2.67160e-01 6 6 0 20.14054 6 6 6
296 23 3.60494e-01 -2.53258e-02 1.59374e-02 -2.66765e-01 6 6 0 20.14407 6 6 6
296 23 3.60350e-01 -2.94462e-02 1.85312e-02 -2.66257e-01 6 6 0 20.14861 6 6 6
296 23 3.60167e-01 -3.39781e-02 2.13843e-02 -2.65610e-01 6 6 0 20.15441 6 6 6
296 23 3.59936e-01 -3.89623e-02 2.45227e-02 -2.64790e-01 6 6 0 20.16175 6 6 6
296 23 3.59648e-01 -4.44436e-02 2.79750e-02 -2.63759e-01 6 6 0 20.17101 6 6 6
296 23 3.59289e-01 -5.04714e-02 3.17725e-02 -2.62468e-01 6 6 0 20.18264 6 6 6
296 23 3.58845e-01 -5.70996e-02 3.59497e-02 -2.60856e-01 6 6 0 20.19720 6 6 6
296 23 3.58300e-01 -6.43874e-02 4.05447e-02 -2.58852e-01 6 6 0 20.21538 6 6 6
296 23 3.57634e-01 -7.23995e-02 4.55992e-02 -2.56365e-01 6 6 0 20.23805 6 6 6
296 23 3.56827e-01 -8.12067e-02 5.11591e-02 -2.53287e-01 6 6 0 20.26629 6 6 6
296 23 3.55857e-01 -9.08861e-02 5.72750e-02 -2.49484e-01 6 6 0 20.30148 6 6 6
296 23 3.54705e-01 -1.01522e-01 6.40025e-02 -2.44790e-01 6 6 0 20.34536 6 6 6
296 23 3.53359e-01 -1.13205e-01 7.14028e-02 -2.39002e-01 6 6 0 20.40021 6 6 6
296 23 3.51825e-01 -1.26033e-01 7.95430e-02 -2.31865e-01 6 6 0 20.46908 6 6 6
296 23 3.50146e-01 -1.40112e-01 8.84973e-02 -2.23058e-01 6 6 0 20.55611 6 6 6
296 23 3.48437e-01 -1.55552e-01 9.83471e-02 -2.12170e-01 6 6 0 20.66716 6 6 6
297 23 4.06721e-01 -1.58725e-03 1.00000e-03 -2.50616e-01 7 7 0 24.08853 7 7 7
297 23 4.06716e-01 -3.33320e-03 2.10000e-03 -2.50597e-01 7 7 0 24.08875 7 7 7
297 23 4.06705e-01 -5.25372e-03 3.31000e-03 -2.50560e-01 7 7 0 24.08917 7 7 7
297 23 4.06688e-01 -7.36623e-03 4.64100e-03 -2.50501e-01 7 7 0 24.08985 7 7 7
297 23 4.06663e-01 -9.68989e-03 6.10510e-03 -2.50413e-01 7 7 0 24.09086 7 7 7
297 23 4.06627e-01 -1.22458e-02 7.71561e-03 -2.50288e-01 7 7 0 24.09228 7 7 7
297 23 4.06578e-01 -1.50570e-02 9.48717e-03 -2.50117e-01 7 7 0 24.09424 7 7 7
297 23 4.06513e-01 -1.81489e-02 1.14359e-02 -2.49888e-01 7 7 0 24.09686 7 7 7
297 23 4.06427e-01 -2.15495e-02 1.35795e-02 -2.49588e-01 7 7 0 24.10031 7 7 7
297 23 4.06315e-01 -2.52894e-02 1.59374e-02 -2.49197e-01 7 7 0 24.10478 7 7 7
297 23 4.06172e-01 -2.94021e-02 1.85312e-02 -2.48696e-01 7 7 0 24.11054 7 7 7
297 23 4.05989e-01 -3.39246e-02 2.13843e-02 -2.48058e-01 7 7 0 24.11788 7 7 7
297 23 4.05758e-01 -3.88972e-02 2.45227e-02 -2.47250e-01 7 7 0 24.12718 7 7 7
297 23 4.05468e-01 -4.43640e-02 2.79750e-02 -2.46234e-01 7 7 0 24.13890 7 7 7
297 23 4.05104e-01 -5.03732e-02 3.17725e-02 -2.44963e-01 7 7 0 24.15361 7 7 7
297 23 4.04650e-01 -5.69776e-02 3.59497e-02 -2.43377e-01 7 7 0 24.17201 7 7 7
297 23 4.04086e-01 -6.42345e-02 4.05447e-02 -2.41408e-01 7 7 0 24.19495 7 7 7
297 23 4.03388e-01 -7.22062e-02 4.55992e-02 -2.38969e-01 7 7 0 24.22351 7 7 7
297 23 4.02525e-01 -8.09601e-02 5.11591e-02 -2.35957e-01 7 7 0 24.25901 7 7 7
297 23 4.01462e-01 -9.05691e-02 5.72750e-02 -2.32244e-01 7 7 0 24.30308 7 7 7
297 23 4.00155e-01 -1.01111e-01 6.40025e-02 -2.27678e-01 7 7 0 24.35780 7 7 7
297 23 3.98552e-01 -1.12669e-01 7.14028e-02 -2.22073e-01 7 7 0 24.42577 7 7 7
297 23 3.96592e-01 -1.25331e-01 7.95430e-02 -2.15201e-01 7 7 0 24.51028 7 7 7
297 23 3.94202e-01 -1.39187e-01 8.84973e-02 -2.06790e-01 7 7 0 24.61559 7 7 7
297 23 3.91300e-01 -1.54331e-01 9.83471e-02 -1.96506e-01 7 7 0 24.74719 7 7 7
297 23 3.87793e-01 -1.70853e-01 1.09182e-01 -1.83943e-01 7 7 0 24.91230 7 7 7
297 23 3.83564e-01 -1.88826e-01 1.21100e-01 -1.68619e-01 7 7 0 25.12046 7 7 7
297 23 3.78401e-01 -2.08251e-01 1.34210e-01 -1.49994e-01 7 7 0 25.38423 7 7 7
297 23 3.71818e-01 -2.28822e-01 1.48631e-01 -1.27574e-01 7 7 0 25.72170 7 7 7
298 23 4.47793e-01 -1.58529e-03 1.00000e-03 -2.33068e-01 8 8 0 28.27598 8 8 8
298 23 4.47789e-01 -3.32912e-03 2.10000e-03 -2.33048e-01 8 8 0 28.27627 8 8 8
298 23 4.47780e-01 -5.24735e-03 3.31000e-03 -2.33011e-01 8 8 0 28.27683 8 8 8
298 23 4.47766e-01 -7.35744e-03 4.64100e-03 -2.32952e-01 8 8 0 28.27773 8 8 8
298 23 4.47745e-01 -9.67860e-03 6.10510e-03 -2.32863e-01 8 8 0 28.27908 8 8 8
298 23 4.47715e-01 -1.22320e-02 7.71561e-03 -2.32737e-01 8 8 0 28.28098 8 8 8
298 23 4.47674e-01 -1.50409e-02 9.48717e-03 -2.32564e-01 8 8 0 28.28359 8 8 8
298 23 4.47620e-01 -1.81309e-02 1.14359e-02 -2.32333e-01 8 8 0 28.28708 8 8 8
298 23 4.47548e-01 -2.15303e-02 1.35795e-02 -2.32030e-01 8 8 0 28.29167 8 8 8
298 23 4.47455e-01 -2.52701e-02 1.59374e-02 -2.31636e-01 8 8 0 28.29764 8 8 8
298 23 4.47335e-01 -2.93846e-02 1.85312e-02 -2.31130e-01 8 8 0 28.30532 8 8 8
298 23 4.47182e-01 -3.39117e-02 2.13843e-02 -2.30486e-01 8 8 0 28.31511 8 8 8
298 23 4.46988e-01 -3.88928e-02 2.45227e-02 -2.29671e-01 8 8 0 28.32752 8 8 8
298 23 4.46744e-01 -4.43741e-02 2.79750e-02 -2.28646e-01 8 8 0 28.34317 8 8 8
298 23 4.46437e-01 -5.04063e-02 3.17725e-02 -2.27362e-01 8 8 0 28.36283 8 8 8
298 23 4.46053e-01 -5.70456e-02 3.59497e-02 -2.25763e-01 8 8 0 28.38744 8 8 8
298 23 4.45574e-01 -6.43541e-02 4.05447e-02 -2.23775e-01 8 8 0 28.41815 8 8 8
298 23 4.44976e-01 -7.24010e-02 4.55992e-02 -2.21314e-01 8 8 0 28.45643 8 8 8
298 23 4.44230e-01 -8.12630e-02 5.11591e-02 -2.18275e-01 8 8 0 28.50406 8 8 8
298 23 4.43299e-01 -9.10254e-02 5.72750e-02 -2.14532e-01 8 8 0 28.56328 8 8 8
298 23 4.42132e-01 -1.01784e-01 6.40025e-02 -2.09931e-01 8 8 0 28.63692 8 8 8
298 23 4.40664e-01 -1.13646e-01 7.14028e-02 -2.04292e-01 8 8 0 28.72849 8 8 8
298 23 4.38797e-01 -1.26733e-01 7.95430e-02 -1.97396e-01 8 8 0 28.84240 8 8 8
298 23 4.36387e-01 -1.41182e-01 8.84973e-02 -1.88991e-01 8 8 0 28.98419 8 8 8
298 23 4.33206e-01 -1.57151e-01 9.83471e-02 -1.78791e-01 8 8 0 29.16066 8 8 8
298 23 4.28869e-01 -1.74823e-01 1.09182e-01 -1.66484e-01 8 8 0 29.37997 8 8 8
298 23 4.22703e-01 -1.94429e-01 1.21100e-01 -1.51767e-01 8 8 0 29.65158 8 8 8
298 23 4.13340e-01 -2.16449e-01 1.34210e-01 -1.34422e-01 8 8 0 29.98578 8 8 8
299 23 4.84208e-01 -1.58351e-03 1.00000e-03 -2.16099e-01 9 9 0 32.68152 9 9 9
299 23 4.84206e-01 -3.32537e-03 2.10000e-03 -2.16078e-01 9 9 0 32.68197 9 9 9
299 23 4.84203e-01 -5.24139e-03 3.31000e-03 -2.16039e-01 9 9 0 32.68282 9 9 9
299 23 4.84197e-01 -7.34897e-03 4.64100e-03 -2.15975e-01 9 9 0 32.68420 9 9 9
299 23 4.84190e-01 -9.66724e-03 6.10510e-03 -2.15880e-01 9 9 0 32.68625 9 9 9
299 23 4.84178e-01 -1.22172e-02 7.71561e-03 -2.15747e-01 9 9 0 32.68915 9 9 9
299 23 4.84163e-01 -1.50220e-02 9.48717e-03 -2.15563e-01 9 9 0 32.69313 9 9 9
299 23 4.84143e-01 -1.81071e-02 1.14359e-02 -2.15318e-01 9 9 0 32.69846 9 9 9
299 23 4.84116e-01 -2.15003e-02 1.35795e-02 -2.14996e-01 9 9 0 32.70547 9 9 9
299 23 4.84082e-01 -2.52323e-02 1.59374e-02 -2.14578e-01 9 9 0 32.71458 9 9 9
299 23 4.84037e-01 -2.93367e-02 1.85312e-02 -2.14040e-01 9 9 0 32.72631 9 9 9
299 23 4.83979e-01 -3.38505e-02 2.13843e-02 -2.13356e-01 9 9 0 32.74129 9 9 9
299 23 4.83906e-01 -3.88142e-02 2.45227e-02 -2.12491e-01 9 9 0 32.76029 9 9 9
299 23 4.83813e-01 -4.42720e-02 2.79750e-02 -2.11403e-01 9 9 0 32.78429 9 9 9
299 23 4.83695e-01 -5.02725e-02 3.17725e-02 -2.10042e-01 9 9 0 32.81447 9 9 9
299 23 4.83546e-01 -5.68687e-02 3.59497e-02 -2.08346e-01 9 9 0 32.85232 9 9 9
299 23 4.83356e-01 -6.41182e-02 4.05447e-02 -2.06242e-01 9 9 0 32.89967 9 9 9
299 23 4.83114e-01 -7.20836e-02 4.55992e-02 -2.03639e-01 9 9 0 32.95883 9 9 9
299 23 4.82803e-01 -8.08325e-02 5.11591e-02 -2.00431e-01 9 9 0 33.03264 9 9 9
299 23 4.82397e-01 -9.04373e-02 5.72750e-02 -1.96488e-01 9 9 0 33.12469 9 9 9
299 23 4.81860e-01 -1.00975e-01 6.40025e-02 -1.91659e-01 9 9 0 33.23942 9 9 9
299 23 4.81132e-01 -1.12524e-01 7.14028e-02 -1.85767e-01 9 9 0 33.38229 9 9 9
299 23 4.80124e-01 -1.25168e-01 7.95430e-02 -1.78605e-01 9 9 0 33.55991 9 9 9
299 23 4.78691e-01 -1.38989e-01 8.84973e-02 -1.69943e-01 9 9 0 33.77993 9 9 9
299 23 4.76626e-01 -1.54081e-01 9.83471e-02 -1.59516e-01 9 9 0 34.05067 9 9 9
299 23 4.73625e-01 -1.70606e-01 1.09182e-01 -1.47016e-01 9 9 0 34.38024 9 9 9
299 23 4.68849e-01 -1.89306e-01 1.21100e-01 -1.32180e-01 9 9 0 34.77454 9 9 9
300 23 5.08500e-01 8.16928e-03 1.00000e-03 -2.04009e-01 2 2 1 36.10439 2 2 5
300 23 5.08424e-01 1.71559e-02 2.10000e-03 -2.03917e-01 2 2 1 36.10975 2 2 5
300 23 5.08278e-01 2.70422e-02 3.31000e-03 -2.03740e-01 2 2 1 36.12006 2 2 5
300 23 5.08043e-01 3.79192e-02 4.64100e-03 -2.03453e-01 2 2 1 36.13679 2 2 5
300 23 5.07693e-01 4.98877e-02 6.10510e-03 -2.03027e-01 2 2 1 36.16179 2 2 5
300 23 5.07198e-01 6.30596e-02 7.71561e-03 -2.02422e-01 2 2 1 36.19745 2 2 5
300 23 5.06522e-01 7.75599e-02 9.48717e-03 -2.01593e-01 2 2 1 36.24685 2 2 5
300 23 5.05619e-01 9.35300e-02 1.14359e-02 -2.00480e-01 2 2 1 36.31400 2 2 5
300 23 5.04432e-01 1.11132e-01 1.35795e-02 -1.99010e-01 2 2 1 36.40424 2 2 5
300 23 5.02895e-01 1.30560e-01 1.59374e-02 -1.97089e-01 2 2 1 36.52488 2 2 5
300 23 5.00920e-01 1.52062e-01 1.85312e-02 -1.94594e-01 2 2 1 36.68627 2 2 5
300 23 4.98397e-01 1.76009e-01 2.13843e-02 -1.91358e-01 2 2 1 36.90412 2 2 5
300 23 4.95135e-01 2.03238e-01 2.45227e-02 -1.87094e-01 2 2 1 37.20673 2 2 5
301 23 5.15794e-01 -1.58208e-03 1.00000e-03 -2.00306e-01 10 10 0 37.21702 10 10 10
301 23 5.15802e-01 -3.32236e-03 2.10000e-03 -2.00280e-01 10 10 0 37.21800 10 10 10
301 23 5.15819e-01 -5.23665e-03 3.31000e-03 -2.00230e-01 10 10 0 37.21989 10 10 10
301 23 5.15846e-01 -7.34234e-03 4.64100e-03 -2.00150e-01 10 10 0 37.22295 10 10 10
301 23 5.15886e-01 -9.65853e-03 6.10510e-03 -2.00031e-01 10 10 0 37.22751 10 10 10
301 23 5.15942e-01 -1.22062e-02 7.71561e-03 -1.99863e-01 10 10 0 37.23396 10 10 10
301 23 5.16020e-01 -1.50086e-02 9.48717e-03 -1.99633e-01 10 10 0 37.24282 10 10 10
301 23 5.16123e-01 -1.80910e-02 1.14359e-02 -1.99324e-01 10 10 0 37.25472 10 10 10
301 23 5.16260e-01 -2.14813e-02 1.35795e-02 -1.98918e-01 10 10 0 37.27044 10 10 10
301 23 5.16438e-01 -2.52102e-02 1.59374e-02 -1.98391e-01 10 10 0 37.29097 10 10 10
301 23 5.16667e-01 -2.93113e-02 1.85312e-02 -1.97714e-01 10 10 0 37.31754 10 10 10
301 23 5.16960e-01 -3.38218e-02 2.13843e-02 -1.96851e-01 10 10 0 37.35171 10 10 10
301 23 5.17331e-01 -3.87821e-02 2.45227e-02 -1.95759e-01 10 10 0 37.39546 10 10 10
301 23 5.17798e-01 -4.42369e-02 2.79750e-02 -1.94385e-01 10 10 0 37.45130 10 10 10
301 23 5.18380e-01 -5.02351e-02 3.17725e-02 -1.92665e-01 10 10 0 37.52241 10 10 10
301 23 5.19100e-01 -5.68301e-02 3.59497e-02 -1.90524e-01 10 10 0 37.61284 10 10 10
301 23 5.19975e-01 -6.40802e-02 4.05447e-02 -1.87874e-01 10 10 0 37.72763 10 10 10
301 23 5.21010e-01 -7.20478e-02 4.55992e-02 -1.84616e-01 10 10 0 37.87283 10 10 10
301 23 5.22178e-01 -8.07976e-02 5.11591e-02 -1.80648e-01 10 10 0 38.05512 10 10 10
301 23 5.23383e-01 -9.03911e-02 5.72750e-02 -1.75881e-01 10 10 0 38.28055 10 10 10
301 23 5.24414e-01 -1.00878e-01 6.40025e-02 -1.70259e-01 10 10 0 38.55192 10 10 10
301 23 5.24894e-01 -1.12281e-01 7.14028e-02 -1.63781e-01 10 10 0 38.86532 10 10 10
301 23 5.24258e-01 -1.24579e-01 7.95430e-02 -1.56514e-01 10 10 0 39.20780 10 10 10
301 23 5.21720e-01 -1.37608e-01 8.84973e-02 -1.48611e-01 10 10 0 39.55836 10 10 10
301 23 5.16392e-01 -1.50886e-01 9.83471e-02 -1.40259e-01 10 10 0 39.89870 10 10 10
302 23 5.40147e-01 -1.58121e-03 1.00000e-03 -1.87448e-01 11 11 0 41.30927 11 11 11
302 23 5.40277e-01 -3.32052e-03 2.10000e-03 -1.87356e-01 11 11 0 41.31812 11 11 11
302 23 5.40531e-01 -5.23373e-03 3.31000e-03 -1.87178e-01 11 11 0 41.33564 11 11 11
302 23 5.40959e-01 -7.33820e-03 4.64100e-03 -1.86880e-01 11 11 0 41.36552 11 11 11
302 23 5.41640e-01 -9.65299e-03 6.10510e-03 -1.86413e-01 11 11 0 41.41400 11 11 11
302 23 5.42712e-01 -1.21991e-02 7.71561e-03 -1.85693e-01 11 11 0 41.49283 11 11 11
302 23 5.44456e-01 -1.49994e-02 9.48717e-03 -1.84555e-01 11 11 0 41.62789 11 11 11
302 23 5.47547e-01 -1.80792e-02 1.14359e-02 -1.82612e-01 11 11 0 41.88949 11 11 11
302 23 5.53345e-01 -2.14661e-02 1.35795e-02 -1.79086e-01 11 11 0 42.45991 11 11 11
302 23 5.59734e-01 -2.51935e-02 1.59374e-02 -1.75095e-01 11 11 0 43.20932 11 11 11
302 23 5.63865e-01 -2.92985e-02 1.85312e-02 -1.72215e-01 11 11 0 43.77077 11 11 11
302 23 5.66515e-01 -3.38181e-02 2.13843e-02 -1.70006e-01 11 11 0 44.18514 11 11 11
302 23 5.68239e-01 -3.87924e-02 2.45227e-02 -1.68126e-01 11 11 0 44.50998 11 11 11
302 23 5.69278e-01 -4.42662e-02 2.79750e-02 -1.66402e-01 11 11 0 44.77610 11 11 11
302 23 5.69735e-01 -5.02893e-02 3.17725e-02 -1.64722e-01 11 11 0 45.00123 11 11 11
302 23 5.69644e-01 -5.69166e-02 3.59497e-02 -1.63004e-01 11 11 0 45.19665 11 11 11
302 23 5.68999e-01 -6.42093e-02 4.05447e-02 -1.61172e-01 11 11 0 45.37007 11 11 11
302 23 5.67762e-01 -7.22347e-02 4.55992e-02 -1.59151e-01 11 11 0 45.52714 11 11 11
302 23 5.65869e-01 -8.10677e-02 5.11591e-02 -1.56857e-01 11 11 0 45.67212 11 11 11
303 23 5.83302e-01 -1.58114e-03 1.00000e-03 -1.63206e-01 12 12 0 50.37508 12 12 12
303 23 5.83281e-01 -3.32038e-03 2.10000e-03 -1.63197e-01 12 12 0 50.37604 12 12 12
303 23 5.83241e-01 -5.23353e-03 3.31000e-03 -1.63180e-01 12 12 0 50.37787 12 12 12
303 23 5.83175e-01 -7.33797e-03 4.64100e-03 -1.63152e-01 12 12 0 50.38084 12 12 12
303 23 5.83078e-01 -9.65280e-03 6.10510e-03 -1.63111e-01 12 12 0 50.38525 12 12 12
303 23 5.82940e-01 -1.21991e-02 7.71561e-03 -1.63052e-01 12 12 0 50.39146 12 12 12
303 23 5.82752e-01 -1.49998e-02 9.48717e-03 -1.62971e-01 12 12 0 50.39992 12 12 12
303 23 5.82501e-01 -1.80805e-02 1.14359e-02 -1.62862e-01 12 12 0 50.41119 12 12 12
303 23 5.82172e-01 -2.14690e-02 1.35795e-02 -1.62719e-01 12 12 0 50.42589 12 12 12
303 23 5.81746e-01 -2.51960e-02 1.59374e-02 -1.62532e-01 12 12 0 50.44478 12 12 12
303 23 5.81203e-01 -2.92952e-02 1.85312e-02 -1.62289e-01 12 12 0 50.46872 12 12 12
303 23 5.80516e-01 -3.38037e-02 2.13843e-02 -1.61976e-01 12 12 0 50.49870 12 12 12
303 23 5.79655e-01 -3.87620e-02 2.45227e-02 -1.61576e-01 12 12 0 50.53579 12 12 12
303 23 5.78584e-01 -4.42149e-02 2.79750e-02 -1.61063e-01 12 12 0 50.58109 12 12 12
303 23 5.77263e-01 -5.02113e-02 3.17725e-02 -1.60409e-01 12 12 0 50.63571 12 12 12
303 23 5.75647e-01 -5.68049e-02 3.59497e-02 -1.59573e-01 12 12 0 50.70057 12 12 12
303 23 5.73682e-01 -6.40545e-02 4.05447e-02 -1.58507e-01 12 12 0 50.77629 12 12 12
303 23 5.71310e-01 -7.20247e-02 4.55992e-02 -1.57146e-01 12 12 0 50.86298 12 12 12
303 23 5.68459e-01 -8.07858e-02 5.11591e-02 -1.55411e-01 12 12 0 50.96008 12 12 12
303 23 5.65041e-01 -9.04151e-02 5.72750e-02 -1.53208e-01 12 12 0 51.06639 12 12 12
304 23 6.01332e-01 -1.58247e-03 1.00000e-03 -1.52527e-01 13 13 0 55.09953 13 13 13
304 23 6.01312e-01 -3.32318e-03 2.10000e-03 -1.52518e-01 13 13 0 55.09996 13 13 13
304 23 6.01274e-01 -5.23794e-03 3.31000e-03 -1.52500e-01 13 13 0 55.10080 13 13 13
304 23 6.01211e-01 -7.34415e-03 4.64100e-03 -1.52471e-01 13 13 0 55.10215 13 13 13
304 23 6.01119e-01 -9.66091e-03 6.10510e-03 -1.52429e-01 13 13 0 55.10417 13 13 13
304 23 6.00987e-01 -1.22093e-02 7.71561e-03 -1.52368e-01 13 13 0 55.10701 13 13 13
304 23 6.00808e-01 -1.50123e-02 9.48717e-03 -1.52286e-01 13 13 0 55.11091 13 13 13
304 23 6.00567e-01 -1.80954e-02 1.14359e-02 -1.52175e-01 13 13 0 55.11612 13 13 13
304 23 6.00251e-01 -2.14866e-02 1.35795e-02 -1.52030e-01 13 13 0 55.12297 13 13 13
304 23 5.99841e-01 -2.52164e-02 1.59374e-02 -1.51841e-01 13 13 0 55.13185 13 13 13
304 23 5.99314e-01 -2.93186e-02 1.85312e-02 -1.51598e-01 13 13 0 55.14325 13 13 13
304 23 5.98642e-01 -3.38301e-02 2.13843e-02 -1.51288e-01 13 13 0 55.15775 13 13 13
304 23 5.97793e-01 -3.87917e-02 2.45227e-02 -1.50896e-01 13 13 0 55.17607 13 13 13
304 23 5.96725e-01 -4.42478e-02 2.79750e-02 -1.50401e-01 13 13 0 55.19907 13 13 13
304 23 5.95389e-01 -5.02474e-02 3.17725e-02 -1.49780e-01 13 13 0 55.22779 13 13 13
304 23 5.93723e-01 -5.68443e-02 3.59497e-02 -1.49003e-01 13 13 0 55.26348 13 13 13
304 23 5.91654e-01 -6.40972e-02 4.05447e-02 -1.48033e-01 13 13 0 55.30763 13 13 13
304 23 5.89092e-01 -7.20710e-02 4.55992e-02 -1.46825e-01 13 13 0 55.36199 13 13 13
304 23 5.85930e-01 -8.08367e-02 5.11591e-02 -1.45323e-01 13 13 0 55.42865 13 13 13
304 23 5.82037e-01 -9.04728e-02 5.72750e-02 -1.43455e-01 13 13 0 55.50996 13 13 13
304 23 5.77255e-01 -1.01066e-01 6.40025e-02 -1.41133e-01 13 13 0 55.60860 13 13 13
304 23 5.71394e-01 -1.12713e-01 7.14028e-02 -1.38244e-01 13 13 0 55.72748 13 13 13
304 23 5.64228e-01 -1.25523e-01 7.95430e-02 -1.34643e-01 13 13 0 55.86954 13 13 13
304 23 5.55488e-01 -1.39619e-01 8.84973e-02 -1.30144e-01 13 13 0 56.03753 13 13 13
304 23 5.44864e-01 -1.55145e-01 9.83471e-02 -1.24499e-01 13 13 0 56.23371 13 13 13
304 23 5.32092e-01 -1.72284e-01 1.09182e-01 -1.17328e-01 13 13 0 56.46070 13 13 13
305 23 6.20304e-01 -1.58601e-03 1.00000e-03 -1.40939e-01 14 14 0 60.89978 14 14 14
305 23 6.20285e-01 -3.33061e-03 2.10000e-03 -1.40929e-01 14 14 0 60.90009 14 14 14
305 23 6.20249e-01 -5.24962e-03 3.31000e-03 -1.40911e-01 14 14 0 60.90070 14 14 14
305 23 6.20190e-01 -7.36045e-03 4.64100e-03 -1.40881e-01 14 14 0 60.90169 14 14 14
305 23 6.20102e-01 -9.68222e-03 6.10510e-03 -1.40837e-01 14 14 0 60.90316 14 14 14
305 23 6.19979e-01 -1.22359e-02 7.71561e-03 -1.40774e-01 14 14 0 60.90524 14 14 14
305 23 6.19809e-01 -1.50447e-02 9.48717e-03 -1.40688e-01 14 14 0 60.90808 14 14 14
305 23 6.19583e-01 -1.81338e-02 1.14359e-02 -1.40574e-01 14 14 0 60.91189 14 14 14
305 23 6.19284e-01 -2.15311e-02 1.35795e-02 -1.40423e-01 14 14 0 60.91689 14 14 14
305 23 6.18897e-01 -2.52671e-02 1.59374e-02 -1.40227e-01 14 14 0 60.92338 14 14 14
305 23 6.18399e-01 -2.93751e-02 1.85312e-02 -1.39976e-01 14 14 0 60.93171 14 14 14
305 23 6.17765e-01 -3.38918e-02 2.13843e-02 -1.39656e-01 14 14 0 60.94232 14 14 14
305 23 6.16963e-01 -3.88571e-02 2.45227e-02 -1.39250e-01 14 14 0 60.95574 14 14 14
305 23 6.15952e-01 -4.43148e-02 2.79750e-02 -1.38740e-01 14 14 0 60.97261 14 14 14
305 23 6.14685e-01 -5.03124e-02 3.17725e-02 -1.38101e-01 14 14 0 60.99370 14 14 14
305 23 6.13105e-01 -5.69017e-02 3.59497e-02 -1.37304e-01 14 14 0 61.01996 14 14 14
305 23 6.11138e-01 -6.41387e-02 4.05447e-02 -1.36313e-01 14 14 0 61.05255 14 14 14
305 23 6.08696e-01 -7.20838e-02 4.55992e-02 -1.35083e-01 14 14 0 61.09283 14 14 14
305 23 6.05674e-01 -8.08020e-02 5.11591e-02 -1.33562e-01 14 14 0 61.14246 14 14 14
305 23 6.01937e-01 -9.03622e-02 5.72750e-02 -1.31684e-01 14 14 0 61.20344 14 14 14
305 23 5.97326e-01 -1.00837e-01 6.40025e-02 -1.29369e-01 14 14 0 61.27811 14 14 14
305 23 5.91639e-01 -1.12301e-01 7.14028e-02 -1.26517e-01 14 14 0 61.36924 14 14 14
305 23 5.84632e-01 -1.24831e-01 7.95430e-02 -1.23009e-01 14 14 0 61.48004 14 14 14
305 23 5.75994e-01 -1.38496e-01 8.84973e-02 -1.18699e-01 14 14 0 61.61405 14 14 14
305 23 5.65332e-01 -1.53352e-01 9.83471e-02 -1.13414e-01 14 14 0 61.77499 14 14 14
305 23 5.52134e-01 -1.69387e-01 1.09182e-01 -1.06958e-01 14 14 0 61.96644 14 14 14
305 23 5.35837e-01 -1.86159e-01 1.21100e-01 -9.91193e-02 14 14 0 62.19353 14 14 14
306 23 6.37728e-01 -1.59346e-03 1.00000e-03 -1.29979e-01 15 15 0 67.19117 15 15 15
306 23 6.37710e-01 -3.34627e-03 2.10000e-03 -1.29969e-01 15 15 0 67.19147 15 15 15
306 23 6.37675e-01 -5.27438e-03 3.31000e-03 -1.29950e-01 15 15 0 67.19203 15 15 15
306 23 6.37618e-01 -7.39533e-03 4.64100e-03 -1.29920e-01 15 15 0 67.19295 15 15 15
306 23 6.37534e-01 -9.72843e-03 6.10510e-03 -1.29875e-01 15 15 0 67.19431 15 15 15
306 23 6.37415e-01 -1.22949e-02 7.71561e-03 -1.29811e-01 15 15 0 67.19624 15 15 15
306 23 6.37252e-01 -1.51182e-02 9.48717e-03 -1.29724e-01 15 15 0 67.19887 15 15 15
306 23 6.37033e-01 -1.82240e-02 1.14359e-02 -1.29608e-01 15 15 0 67.20240 15 15 15
306 23 6.36746e-01 -2.16407e-02 1.35795e-02 -1.29454e-01 15 15 0 67.20704 15 15 15
306 23 6.36373e-01 -2.53995e-02 1.59374e-02 -1.29255e-01 15 15 0 67.21305 15 15 15
306 23 6.35894e-01 -2.95348e-02 1.85312e-02 -1.29000e-01 15 15 0 67.22078 15 15 15
306 23 6.35282e-01 -3.40844e-02 2.13843e-02 -1.28674e-01 15 15 0 67.23061 15 15 15
306 23 6.34508e-01 -3.90902e-02 2.45227e-02 -1.28262e-01 15 15 0 67.24304 15 15 15
306 23 6.33532e-01 -4.45983e-02 2.79750e-02 -1.27744e-01 15 15 0 67.25866 15 15 15
306 23 6.32309e-01 -5.06595e-02 3.17725e-02 -1.27095e-01 15 15 0 67.27819 15 15 15
306 23 6.30780e-01 -5.73302e-02 3.59497e-02 -1.26286e-01 15 15 0 67.30250 15 15 15
306 23 6.28875e-01 -6.46725e-02 4.05447e-02 -1.25281e-01 15 15 0 67.33266 15 15 15
306 23 6.26508e-01 -7.27557e-02 4.55992e-02 -1.24034e-01 15 15 0 67.36993 15 15 15
306 23 6.23570e-01 -8.16568e-02 5.11591e-02 -1.22493e-01 15 15 0 67.41586 15 15 15
306 23 6.19932e-01 -9.14628e-02 5.72750e-02 -1.20591e-01 15 15 0 67.47232 15 15 15
306 23 6.15429e-01 -1.02273e-01 6.40025e-02 -1.18246e-01 15 15 0 67.54156 15 15 15
306 23 6.09861e-01 -1.14206e-01 7.14028e-02 -1.15355e-01 15 15 0 67.62634 15 15 15
306 23 6.02977e-01 -1.27412e-01 7.95430e-02 -1.11790e-01 15 15 0 67.73011 15 15 15
306 23 5.94467e-01 -1.42106e-01 8.84973e-02 -1.07382e-01 15 15 0 67.85736 15 15 15
306 23 5.83931e-01 -1.58652e-01 9.83471e-02 -1.01900e-01 15 15 0 68.01464 15 15 15
306 23 5.70835e-01 -1.77772e-01 1.09182e-01 -9.50026e-02 15 15 0 68.21341 15 15 15
307 23 6.45323e-01 1.41803e-02 1.00000e-03 -1.25007e-01 3 3 1 70.33540 3 3 16
307 23 6.45029e-01 2.97981e-02 2.10000e-03 -1.24836e-01 3 3 1 70.36344 3 3 16
307 23 6.44461e-01 4.70267e-02 3.31000e-03 -1.24508e-01 3 3 1 70.41784 3 3 16
307 23 6.43538e-01 6.60722e-02 4.64100e-03 -1.23972e-01 3 3 1 70.50748 3 3 16
307 23 6.42154e-01 8.71846e-02 6.10510e-03 -1.23166e-01 3 3 1 70.64472 3 3 16
307 23 6.40171e-01 1.10676e-01 7.71561e-03 -1.22002e-01 3 3 1 70.84753 3 3 16
307 23 6.37406e-01 1.36952e-01 9.48717e-03 -1.20362e-01 3 3 1 71.14320 3 3 16
307 23 6.33607e-01 1.66580e-01 1.14359e-02 -1.18076e-01 3 3 1 71.57602 3 3 16
307 23 6.28403e-01 2.00461e-01 1.35795e-02 -1.14874e-01 3 3 1 72.22542 3 3 16
307 23 6.21154e-01 2.40384e-01 1.59374e-02 -1.10255e-01 3 3 1 73.26027 3 3 16
307 23 6.10198e-01 2.91927e-01 1.85312e-02 -1.02835e-01 3 3 1 75.20761 3 3 16
308 23 6.53385e-01 -1.60854e-03 1.00000e-03 -1.19871e-01 16 16 0 73.86908 16 16 16
308 23 6.53367e-01 -3.37794e-03 2.10000e-03 -1.19861e-01 16 16 0 73.86938 16 16 16
308 23 6.53333e-01 -5.32430e-03 3.31000e-03 -1.19843e-01 16 16 0 73.86997 16 16 16
308 23 6.53278e-01 -7.46534e-03 4.64100e-03 -1.19812e-01 16 16 0 73.87092 16 16 16
308 23 6.53195e-01 -9.82055e-03 6.10510e-03 -1.19767e-01 16 16 0 73.87233 16 16 16
308 23 6.53079e-01 -1.24114e-02 7.71561e-03 -1.19702e-01 16 16 0 73.87432 16 16 16
308 23 6.52920e-01 -1.52615e-02 9.48717e-03 -1.19615e-01 16 16 0 73.87705 16 16 16
308 23 6.52707e-01 -1.83968e-02 1.14359e-02 -1.19497e-01 16 16 0 73.88070 16 16 16
308 23 6.52427e-01 -2.18461e-02 1.35795e-02 -1.19342e-01 16 16 0 73.88550 16 16 16
308 23 6.52063e-01 -2.56408e-02 1.59374e-02 -1.19142e-01 16 16 0 73.89172 16 16 16
308 23 6.51594e-01 -2.98157e-02 1.85312e-02 -1.18884e-01 16 16 0 73.89971 16 16 16
308 23 6.50997e-01 -3.44093e-02 2.13843e-02 -1.18556e-01 16 16 0 73.90986 16 16 16
308 23 6.50241e-01 -3.94637e-02 2.45227e-02 -1.18141e-01 16 16 0 73.92269 16 16 16
308 23 6.49287e-01 -4.50259e-02 2.79750e-02 -1.17620e-01 16 16 0 73.93878 16 16 16
308 23 6.48090e-01 -5.11475e-02 3.17725e-02 -1.16967e-01 16 16 0 73.95888 16 16 16
308 23 6.46593e-01 -5.78862e-02 3.59497e-02 -1.16155e-01 16 16 0 73.98384 16 16 16
308 23 6.44725e-01 -6.53062e-02 4.05447e-02 -1.15146e-01 16 16 0 74.01472 16 16 16
308 23 6.42400e-01 -7.34799e-02 4.55992e-02 -1.13899e-01 16 16 0 74.05278 16 16 16
308 23 6.39507e-01 -8.24903e-02 5.11591e-02 -1.12360e-01 16 16 0 74.09949 16 16 16
308 23 6.35910e-01 -9.24360e-02 5.72750e-02 -1.10468e-01 16 16 0 74.15662 16 16 16
308 23 6.31433e-01 -1.03441e-01 6.40025e-02 -1.08148e-01 16 16 0 74.22627 16 16 16
308 23 6.25848e-01 -1.15682e-01 7.14028e-02 -1.05308e-01 16 16 0 74.31097 16 16 16
308 23 6.18840e-01 -1.29462e-01 7.95430e-02 -1.01836e-01 16 16 0 74.41393 16 16 16
308 23 6.09931e-01 -1.45487e-01 8.84973e-02 -9.75832e-02 16 16 0 74.53994 16 16 16
308 23 5.98091e-01 -1.66395e-01 9.83471e-02 -9.22725e-02 16 16 0 74.70072 16 16 16
308 23 5.76739e-01 -2.14083e-01 1.09182e-01 -8.45004e-02 16 16 0 74.99626 12 16 16
309 23 6.67360e-01 -1.64136e-03 1.00000e-03 -1.10642e-01 17 17 0 80.89247 17 17 17
309 23 6.67342e-01 -3.44684e-03 2.10000e-03 -1.10633e-01 17 17 0 80.89281 17 17 17
309 23 6.67309e-01 -5.43285e-03 3.31000e-03 -1.10613e-01 17 17 0 80.89347 17 17 17
309 23 6.67254e-01 -7.61740e-03 4.64100e-03 -1.10583e-01 17 17 0 80.89452 17 17 17
309 23 6.67173e-01 -1.00203e-02 6.10510e-03 -1.10537e-01 17 17 0 80.89609 17 17 17
309 23 6.67059e-01 -1.26634e-02 7.71561e-03 -1.10472e-01 17 17 0 80.89831 17 17 17
309 23 6.66902e-01 -1.55705e-02 9.48717e-03 -1.10383e-01 17 17 0 80.90135 17 17 17
309 23 6.66692e-01 -1.87681e-02 1.14359e-02 -1.10264e-01 17 17 0 80.90540 17 17 17
309 23 6.66415e-01 -2.22849e-02 1.35795e-02 -1.10108e-01 17 17 0 80.91072 17 17 17
309 23 6.66055e-01 -2.61526e-02 1.59374e-02 -1.09906e-01 17 17 0 80.91760 17 17 17
309 23 6.65592e-01 -3.04061e-02 1.85312e-02 -1.09648e-01 17 17 0 80.92640 17 17 17
309 23 6.65001e-01 -3.50833e-02 2.13843e-02 -1.09319e-01 17 17 0 80.93756 17 17 17
309 23 6.64249e-01 -4.02259e-02 2.45227e-02 -1.08904e-01 17 17 0 80.95161 17 17 17
309 23 6.63300e-01 -4.58793e-02 2.79750e-02 -1.08384e-01 17 17 0 80.96916 17 17 17
309 23 6.62105e-01 -5.20928e-02 3.17725e-02 -1.07737e-01 17 17 0 80.99098 17 17 17
309 23 6.60605e-01 -5.89200e-02 3.59497e-02 -1.06936e-01 17 17 0 81.01798 17 17 17
309 23 6.58725e-01 -6.64180e-02 4.05447e-02 -1.05949e-01 17 17 0 81.05128 17 17 17
309 23 6.56371e-01 -7.46478e-02 4.55992e-02 -1.04739e-01 17 17 0 81.09228 17 17 17
309 23 6.53424e-01 -8.36728e-02 5.11591e-02 -1.03265e-01 17 17 0 81.14280 17 17 17
309 23 6.49731e-01 -9.35581e-02 5.72750e-02 -1.01480e-01 17 17 0 81.20532 17 17 17
309 23 6.45093e-01 -1.04371e-01 6.40025e-02 -9.93324e-02 17 17 0 81.28332 17 17 17
309 23 6.39253e-01 -1.16187e-01 7.14028e-02 -9.67698e-02 17 17 0 81.38182 17 17 17
309 23 6.31870e-01 -1.29119e-01 7.95430e-02 -9.37321e-02 17 17 0 81.50758 17 17 17
309 23 6.22501e-01 -1.43383e-01 8.84973e-02 -9.01417e-02 17 17 0 81.66838 17 17 17
309 23 6.10544e-01 -1.59375e-01 9.83471e-02 -8.58903e-02 17 17 0 81.87119 17 17 17
310 23 6.79761e-01 -1.73097e-03 1.00000e-03 -1.02289e-01 18 18 0 88.20741 18 18 18
310 23 6.79743e-01 -3.63502e-03 2.10000e-03 -1.02279e-01 18 18 0 88.20783 18 18 18
310 23 6.79710e-01 -5.72945e-03 3.31000e-03 -1.02259e-01 18 18 0 88.20861 18 18 18
310 23 6.79655e-01 -8.03329e-03 4.64100e-03 -1.02228e-01 18 18 0 88.20989 18 18 18
310 23 6.79575e-01 -1.05674e-02 6.10510e-03 -1.02180e-01 18 18 0 88.21179 18 18 18
310 23 6.79460e-01 -1.33549e-02 7.71561e-03 -1.02113e-01 18 18 0 88.21447 18 18 18
310 23 6.79304e-01 -1.64209e-02 9.48717e-03 -1.02022e-01 18 18 0 88.21814 18 18 18
310 23 6.79094e-01 -1.97932e-02 1.14359e-02 -1.01899e-01 18 18 0 88.22306 18 18 18
310 23 6.78819e-01 -2.35024e-02 1.35795e-02 -1.01738e-01 18 18 0 88.22953 18 18 18
310 23 6.78461e-01 -2.75819e-02 1.59374e-02 -1.01528e-01 18 18 0 88.23793 18 18 18
310 23 6.78002e-01 -3.20685e-02 1.85312e-02 -1.01259e-01 18 18 0 88.24872 18 18 18
310 23 6.77417e-01 -3.70025e-02 2.13843e-02 -1.00915e-01 18 18 0 88.26249 18 18 18
310 23 6.76678e-01 -4.24282e-02 2.45227e-02 -1.00480e-01 18 18 0 88.27992 18 18 18
310 23 6.75748e-01 -4.83937e-02 2.79750e-02 -9.99316e-02 18 18 0 88.30188 18 18 18
310 23 6.74585e-01 -5.49520e-02 3.17725e-02 -9.92436e-02 18 18 0 88.32943 18 18 18
310 23 6.73136e-01 -6.21605e-02 3.59497e-02 -9.83834e-02 18 18 0 88.36388 18 18 18
310 23 6.71338e-01 -7.00813e-02 4.05447e-02 -9.73107e-02 18 18 0 88.40685 18 18 18
310 23 6.69116e-01 -7.87813e-02 4.55992e-02 -9.59756e-02 18 18 0 88.46040 18 18 18
310 23 6.66379e-01 -8.83313e-02 5.11591e-02 -9.43156e-02 18 18 0 88.52713 18 18 18
310 23 6.63021e-01 -9.88048e-02 5.72750e-02 -9.22517e-02 18 18 0 88.61046 18 18 18
310 23 6.58922e-01 -1.10274e-01 6.40025e-02 -8.96824e-02 18 18 0 88.71502 18 18 18
310 23 6.53954e-01 -1.22805e-01 7.14028e-02 -8.64733e-02 18 18 0 88.84750 18 18 18
310 23 6.48001e-01 -1.36445e-01 7.95430e-02 -8.24365e-02 18 18 0 89.01841 18 18 18
310 23 6.41010e-01 -1.51294e-01 8.84973e-02 -7.72825e-02 18 18 0 89.24654 18 18 18
311 23 6.90306e-01 -2.28190e-03 1.00000e-03 -9.50648e-02 19 19 0 95.44913 5 19 19
311 23 6.90285e-01 -4.79194e-03 2.10000e-03 -9.50531e-02 19 19 0 95.44972 5 19 19
311 23 6.90245e-01 -7.55287e-03 3.31000e-03 -9.50307e-02 19 19 0 95.45085 5 19 19
311 23 6.90181e-01 -1.05897e-02 4.64100e-03 -9.49945e-02 19 19 0 95.45267 5 19 19
311 23 6.90086e-01 -1.39298e-02 6.10510e-03 -9.49407e-02 19 19 0 95.45538 5 19 19
311 23 6.89951e-01 -1.76035e-02 7.71561e-03 -9.48646e-02 19 19 0 95.45922 5 19 19
311 23 6.89766e-01 -2.16436e-02 9.48717e-03 -9.47603e-02 19 19 0 95.46447 5 19 19
311 23 6.89519e-01 -2.60865e-02 1.14359e-02 -9.46208e-02 19 19 0 95.47150 5 19 19
311 23 6.89194e-01 -3.09718e-02 1.35795e-02 -9.44374e-02 19 19 0 95.48074 5 19 19
311 23 6.88772e-01 -3.63431e-02 1.59374e-02 -9.41992e-02 19 19 0 95.49273 5 19 19
311 23 6.88231e-01 -4.22479e-02 1.85312e-02 -9.38932e-02 19 19 0 95.50814 5 19 19
311 23 6.87540e-01 -4.87381e-02 2.13843e-02 -9.35033e-02 19 19 0 95.52776 5 19 19
311 23 6.86667e-01 -5.58702e-02 2.45227e-02 -9.30097e-02 19 19 0 95.55259 5 19 19
311 23 6.85569e-01 -6.37057e-02 2.79750e-02 -9.23885e-02 19 19 0 95.58383 5 19 19
311 23 6.84195e-01 -7.23111e-02 3.17725e-02 -9.16100e-02 19 19 0 95.62295 5 19 19
311 23 6.82483e-01 -8.17574e-02 3.59497e-02 -9.06378e-02 19 19 0 95.67177 5 19 19
311 23 6.80359e-01 -9.21189e-02 4.05447e-02 -8.94268e-02 19 19 0 95.73252 5 19 19
311 23 6.77737e-01 -1.03468e-01 4.55992e-02 -8.79204e-02 19 19 0 95.80803 5 19 19
311 23 6.74522e-01 -1.15861e-01 5.11591e-02 -8.60453e-02 19 19 0 95.90200 5 19 19
311 23 6.70636e-01 -1.29273e-01 5.72750e-02 -8.36994e-02 19 19 0 96.01993 5 19 19
311 23 6.66141e-01 -1.43310e-01 6.40025e-02 -8.07111e-02 19 19 0 96.17324 5 19 19
311 23 6.61941e-01 -1.55374e-01 7.14028e-02 -7.66878e-02 19 19 0 96.40730 5 19 19
311 23 6.58802e-01 -1.61621e-01 7.95430e-02 -7.16269e-02 19 19 0 96.78294 5 19 19
311 23 6.54914e-01 -1.64628e-01 8.84973e-02 -6.61669e-02 19 19 0 97.21790 9 19 19
312 23 7.01748e-01 -8.96852e-04 1.00000e-03 -8.71029e-02 20 20 0 104.66526 8 20 20
312 23 7.01737e-01 -1.88329e-03 2.10000e-03 -8.70923e-02 20 20 0 104.66622 8 20 20
312 23 7.01715e-01 -2.96813e-03 3.31000e-03 -8.70721e-02 20 20 0 104.66806 8 20 20
312 23 7.01680e-01 -4.16098e-03 4.64100e-03 -8.70393e-02 20 20 0 104.67103 8 20 20
312 23 7.01629e-01 -5.47233e-03 6.10510e-03 -8.69905e-02 20 20 0 104.67546 8 20 20
312 23 7.01556e-01 -6.91355e-03 7.71561e-03 -8.69216e-02 20 20 0 104.68172 8 20 20
312 23 7.01456e-01 -8.49699e-03 9.48717e-03 -8.68272e-02 20 20 0 104.69031 8 20 20
312 23 7.01322e-01 -1.02359e-02 1.14359e-02 -8.67009e-02 20 20 0 104.70180 8 20 20
312 23 7.01146e-01 -1.21446e-02 1.35795e-02 -8.65348e-02 20 20 0 104.71694 8 20 20
312 23 7.00918e-01 -1.42381e-02 1.59374e-02 -8.63191e-02 20 20 0 104.73664 8 20 20
312 23 7.00625e-01 -1.65326e-02 1.85312e-02 -8.60422e-02 20 20 0 104.76199 8 20 20
312 23 7.00252e-01 -1.90445e-02 2.13843e-02 -8.56894e-02 20 20 0 104.79440 8 20 20
312 23 6.99780e-01 -2.17911e-02 2.45227e-02 -8.52431e-02 20 20 0 104.83555 8 20 20
312 23 6.99187e-01 -2.47895e-02 2.79750e-02 -8.46819e-02 20 20 0 104.88758 8 20 20
312 23 6.98445e-01 -2.80565e-02 3.17725e-02 -8.39795e-02 20 20 0 104.95309 8 20 20
312 23 6.97520e-01 -3.16081e-02 3.59497e-02 -8.31046e-02 20 20 0 105.03536 8 20 20
312 23 6.96371e-01 -3.54591e-02 4.05447e-02 -8.20189e-02 20 20 0 105.13841 8 20 20
312 23 6.94945e-01 -3.96244e-02 4.55992e-02 -8.06775e-02 20 20 0 105.26723 6 20 20
312 23 6.93176e-01 -4.41219e-02 5.11591e-02 -7.90274e-02 20 20 0 105.42790 6 20 20
312 23 6.90975e-01 -4.89839e-02 5.72750e-02 -7.70085e-02 20 20 0 105.62765 6 20 20
312 23 6.88218e-01 -5.42837e-02 6.40025e-02 -7.45565e-02 20 20 0 105.87471 6 20 20
312 23 6.84720e-01 -6.01977e-02 7.14028e-02 -7.16090e-02 20 20 0 106.17765 6 20 20
313 23 7.09981e-01 -1.23724e-03 1.00000e-03 -8.12908e-02 21 21 0 112.40813 21 21 21
313 23 7.09973e-01 -2.59805e-03 2.10000e-03 -8.12774e-02 21 21 0 112.41012 21 21 21
313 23 7.09956e-01 -4.09455e-03 3.31000e-03 -8.12516e-02 21 21 0 112.41395 21 21 21
313 23 7.09928e-01 -5.73993e-03 4.64100e-03 -8.12099e-02 21 21 0 112.42014 21 21 21
313 23 7.09888e-01 -7.54858e-03 6.10510e-03 -8.11480e-02 21 21 0 112.42936 21 21 21
313 23 7.09831e-01 -9.53605e-03 7.71561e-03 -8.10604e-02 21 21 0 112.44244 21 21 21
313 23 7.09753e-01 -1.17191e-02 9.48717e-03 -8.09403e-02 21 21 0 112.46041 21 21 21
313 23 7.09648e-01 -1.41159e-02 1.14359e-02 -8.07797e-02 21 21 0 112.48455 21 21 21
313 23 7.09511e-01 -1.67455e-02 1.35795e-02 -8.05683e-02 21 21 0 112.51649 21 21 21
313 23 7.09333e-01 -1.96283e-02 1.59374e-02 -8.02938e-02 21 21 0 112.55825 21 21 21
313 23 7.09106e-01 -2.27852e-02 1.85312e-02 -7.99409e-02 21 21 0 112.61241 21 21 21
313 23 7.08818e-01 -2.62379e-02 2.13843e-02 -7.94912e-02 21 21 0 112.68223 21 21 21
313 23 7.08455e-01 -3.00079e-02 2.45227e-02 -7.89219e-02 21 21 0 112.77189 21 21 21
313 23 7.08001e-01 -3.41157e-02 2.79750e-02 -7.82056e-02 21 21 0 112.88669 21 21 21
313 23 7.07435e-01 -3.85800e-02 3.17725e-02 -7.73095e-02 21 21 0 113.03348 21 21 21
313 23 7.06731e-01 -4.34166e-02 3.59497e-02 -7.61945e-02 21 21 0 113.22092 21 21 21
313 23 7.05854e-01 -4.86374e-02 4.05447e-02 -7.48163e-02 21 21 0 113.45969 21 21 21
313 23 7.04752e-01 -5.42517e-02 4.55992e-02 -7.31276e-02 21 21 0 113.76215 21 21 21
313 23 7.03342e-01 -6.02719e-02 5.11591e-02 -7.10855e-02 21 21 0 114.14026 21 21 21
313 23 7.01477e-01 -6.67300e-02 5.72750e-02 -6.86700e-02 21 21 0 114.59977 21 21 21
313 23 6.98877e-01 -7.37366e-02 6.40025e-02 -6.59186e-02 21 21 0 115.12985 21 21 21
313 23 6.95055e-01 -8.17262e-02 7.14028e-02 -6.29509e-02 21 21 0 115.70061 21 21 21
314 23 7.17002e-01 -1.29900e-03 1.00000e-03 -7.62817e-02 22 22 0 119.92544 22 22 22
314 23 7.17011e-01 -2.72864e-03 2.10000e-03 -7.62549e-02 22 22 0 119.93428 22 22 22
314 23 7.17030e-01 -4.30311e-03 3.31000e-03 -7.62032e-02 22 22 0 119.95141 22 22 22
314 23 7.17061e-01 -6.03870e-03 4.64100e-03 -7.61191e-02 22 22 0 119.97949 22 22 22
314 23 7.17109e-01 -7.95438e-03 6.10510e-03 -7.59929e-02 22 22 0 120.02218 22 22 22
314 23 7.17179e-01 -1.00728e-02 7.71561e-03 -7.58118e-02 22 22 0 120.08460 22 22 22
314 23 7.17283e-01 -1.24221e-02 9.48717e-03 -7.55588e-02 22 22 0 120.17412 22 22 22
314 23 7.17434e-01 -1.50388e-02 1.14359e-02 -7.52108e-02 22 22 0 120.30183 22 22 22
314 23 7.17655e-01 -1.79736e-02 1.35795e-02 -7.47354e-02 22 22 0 120.48510 22 22 22
314 23 7.17983e-01 -2.13027e-02 1.59374e-02 -7.40866e-02 22 22 0 120.75224 22 22 22
314 23 7.18470e-01 -2.51469e-02 1.85312e-02 -7.32004e-02 22 22 0 121.14973 22 22 22
314 23 7.19168e-01 -2.96888e-02 2.13843e-02 -7.20050e-02 22 22 0 121.74493 22 22 22
314 23 7.20028e-01 -3.51029e-02 2.45227e-02 -7.04899e-02 22 22 0 122.58469 22 22 22
314 23 7.20769e-01 -4.13117e-02 2.79750e-02 -6.88130e-02 22 22 0 123.58594 22 22 22
314 23 7.21051e-01 -4.79890e-02 3.17725e-02 -6.71773e-02 22 22 0 124.57117 22 22 22
314 23 7.20728e-01 -5.49056e-02 3.59497e-02 -6.56394e-02 22 22 0 125.44164 22 22 22
314 23 7.19771e-01 -6.19829e-02 4.05447e-02 -6.41577e-02 22 22 0 126.18389 22 22 22
314 23 7.18156e-01 -6.91839e-02 4.55992e-02 -6.26694e-02 22 22 0 126.81216 20 22 22
314 23 7.15839e-01 -7.64442e-02 5.11591e-02 -6.11124e-02 22 22 0 127.34339 20 22 22
315 23 7.23857e-01 1.43101e-02 1.00000e-03 -7.12418e-02 4 12 1 128.41478 4 4 27
315 23 7.23511e-01 3.00838e-02 2.10000e-03 -7.11245e-02 4 12 1 128.46405 4 4 27
315 23 7.22844e-01 4.75192e-02 3.31000e-03 -7.08975e-02 4 12 1 128.56019 4 4 27
315 23 7.21755e-01 6.68697e-02 4.64100e-03 -7.05250e-02 4 12 1 128.72023 4 4 27
315 23 7.20104e-01 8.84802e-02 6.10510e-03 -6.99576e-02 4 12 1 128.96959 4 4 27
315 23 7.17696e-01 1.12865e-01 7.71561e-03 -6.91226e-02 4 12 1 129.34919 4 4 27
315 23 7.14219e-01 1.40906e-01 9.48717e-03 -6.79016e-02 4 12 1 129.93225 4 4 27
315 23 7.09079e-01 1.74476e-01 1.14359e-02 -6.60617e-02 4 12 1 130.87694 4 4 27
315 23 7.00480e-01 2.19963e-01 1.35795e-02 -6.28838e-02 4 12 1 132.71201 4 4 27
316 23 7.35934e-01 -1.26885e-03 1.00000e-03 -6.25279e-02 24 24 0 146.10879 24 24 24
316 23 7.35914e-01 -2.66467e-03 2.10000e-03 -6.25231e-02 24 24 0 146.11064 24 24 24
316 23 7.35875e-01 -4.20030e-03 3.31000e-03 -6.25141e-02 24 24 0 146.11418 24 24 24
316 23 7.35811e-01 -5.88994e-03 4.64100e-03 -6.24994e-02 24 24 0 146.11990 24 24 24
316 23 7.35717e-01 -7.74930e-03 6.10510e-03 -6.24776e-02 24 24 0 146.12839 24 24 24
316 23 7.35583e-01 -9.79579e-03 7.71561e-03 -6.24466e-02 24 24 0 146.14037 24 24 24
316 23 7.35400e-01 -1.20488e-02 9.48717e-03 -6.24042e-02 24 24 0 146.15673 24 24 24
316 23 7.35155e-01 -1.45299e-02 1.14359e-02 -6.23473e-02 24 24 0 146.17851 24 24 24
316 23 7.34833e-01 -1.72633e-02 1.35795e-02 -6.22723e-02 24 24 0 146.20699 24 24 24
316 23 7.34416e-01 -2.02761e-02 1.59374e-02 -6.21746e-02 24 24 0 146.24367 24 24 24
316 23 7.33879e-01 -2.35992e-02 1.85312e-02 -6.20483e-02 24 24 0 146.29029 24 24 24
316 23 7.33197e-01 -2.72677e-02 2.13843e-02 -6.18865e-02 24 24 0 146.34889 24 24 24
316 23 7.32333e-01 -3.13220e-02 2.45227e-02 -6.16801e-02 24 24 0 146.42171 24 24 24
316 23 7.31247e-01 -3.58097e-02 2.79750e-02 -6.14178e-02 24 24 0 146.51122 24 24 24
316 23 7.29889e-01 -4.07867e-02 3.17725e-02 -6.10851e-02 24 24 0 146.61991 24 24 24
316 23 7.28196e-01 -4.63207e-02 3.59497e-02 -6.06637e-02 24 24 0 146.75011 24 24 24
316 23 7.26094e-01 -5.24943e-02 4.05447e-02 -6.01298e-02 24 24 0 146.90349 24 24 24
316 23 7.23491e-01 -5.94098e-02 4.55992e-02 -5.94527e-02 24 24 0 147.08044 22 24 24
316 23 7.20273e-01 -6.71935e-02 5.11591e-02 -5.85929e-02 24 24 0 147.27906 22 24 24
316 23 7.16302e-01 -7.60028e-02 5.72750e-02 -5.74987e-02 24 24 0 147.49392 22 24 24
316 23 7.11404e-01 -8.59966e-02 6.40025e-02 -5.61065e-02 24 24 0 147.71439 22 24 24
317 23 7.40959e-01 -1.20145e-03 1.00000e-03 -5.88177e-02 25 25 0 155.05225 17 25 25
317 23 7.40939e-01 -2.52299e-03 2.10000e-03 -5.88128e-02 25 25 0 155.05315 17 25 25
317 23 7.40901e-01 -3.97655e-03 3.31000e-03 -5.88034e-02 25 25 0 155.05487 17 25 25
317 23 7.40840e-01 -5.57519e-03 4.64100e-03 -5.87883e-02 25 25 0 155.05765 17 25 25
317 23 7.40749e-01 -7.33325e-03 6.10510e-03 -5.87659e-02 25 25 0 155.06178 17 25 25
317 23 7.40620e-01 -9.26641e-03 7.71561e-03 -5.87341e-02 25 25 0 155.06762 17 25 25
317 23 7.40443e-01 -1.13918e-02 9.48717e-03 -5.86905e-02 25 25 0 155.07560 17 25 25
317 23 7.40207e-01 -1.37281e-02 1.14359e-02 -5.86323e-02 25 25 0 155.08624 17 25 25
317 23 7.39896e-01 -1.62957e-02 1.35795e-02 -5.85556e-02 25 25 0 155.10020 17 25 25
317 23 7.39493e-01 -1.91168e-02 1.59374e-02 -5.84559e-02 25 25 0 155.11824 17 25 25
317 23 7.38975e-01 -2.22152e-02 1.85312e-02 -5.83279e-02 25 25 0 155.14129 17 25 25
317 23 7.38315e-01 -2.56168e-02 2.13843e-02 -5.81645e-02 25 25 0 155.17044 17 25 25
317 23 7.37480e-01 -2.93495e-02 2.45227e-02 -5.79574e-02 25 25 0 155.20698 17 25 25
317 23 7.36430e-01 -3.34428e-02 2.79750e-02 -5.76965e-02 25 25 0 155.25241 17 25 25
317 23 7.35116e-01 -3.79284e-02 3.17725e-02 -5.73689e-02 25 25 0 155.30843 17 25 25
317 23 7.33478e-01 -4.28395e-02 3.59497e-02 -5.69590e-02 25 25 0 155.37693 17 25 25
317 23 7.31443e-01 -4.82109e-02 4.05447e-02 -5.64476e-02 25 25 0 155.45991 19 25 25
317 23 7.28923e-01 -5.40786e-02 4.55992e-02 -5.58105e-02 25 25 0 155.55939 19 25 25
317 23 7.25810e-01 -6.04799e-02 5.11591e-02 -5.50177e-02 25 25 0 155.67715 19 25 25
317 23 7.21976e-01 -6.74533e-02 5.72750e-02 -5.40314e-02 25 25 0 155.81434 19 25 25
317 23 7.17264e-01 -7.50397e-02 6.40025e-02 -5.28028e-02 25 25 0 155.97092 19 25 25
317 23 7.11488e-01 -8.32829e-02 7.14028e-02 -5.12662e-02 25 25 0 156.14490 21 25 25
317 23 7.04294e-01 -9.29364e-02 7.95430e-02 -4.93645e-02 25 25 0 156.32850 23 25 25
317 23 6.95725e-01 -1.02883e-01 8.84973e-02 -4.68651e-02 25 25 0 156.52276 23 25 25
318 23 7.46203e-01 -1.03196e-03 1.00000e-03 -5.49186e-02 26 26 0 165.62814 10 26 26
318 23 7.46184e-01 -2.16709e-03 2.10000e-03 -5.49136e-02 26 26 0 165.62869 10 26 26
318 23 7.46148e-01 -3.41572e-03 3.31000e-03 -5.49041e-02 26 26 0 165.62974 10 26 26
318 23 7.46090e-01 -4.78914e-03 4.64100e-03 -5.48888e-02 26 26 0 165.63143 10 26 26
318 23 7.46004e-01 -6.29980e-03 6.10510e-03 -5.48659e-02 26 26 0 165.63395 10 26 26
318 23 7.45882e-01 -7.96137e-03 7.71561e-03 -5.48336e-02 26 26 0 165.63752 10 26 26
318 23 7.45716e-01 -9.78885e-03 9.48717e-03 -5.47894e-02 26 26 0 165.64238 10 26 26
318 23 7.45493e-01 -1.17987e-02 1.14359e-02 -5.47303e-02 26 26 0 165.64888 10 26 26
318 23 7.45199e-01 -1.40090e-02 1.35795e-02 -5.46524e-02 26 26 0 165.65741 10 26 26
318 23 7.44818e-01 -1.64396e-02 1.59374e-02 -5.45514e-02 26 26 0 165.66843 10 26 26
318 23 7.44328e-01 -1.91122e-02 1.85312e-02 -5.44216e-02 26 26 0 165.68251 10 26 26
318 23 7.43704e-01 -2.20504e-02 2.13843e-02 -5.42562e-02 26 26 0 165.70034 10 26 26
318 23 7.42913e-01 -2.52804e-02 2.45227e-02 -5.40469e-02 26 26 0 165.72272 10 26 26
318 23 7.41918e-01 -2.88304e-02 2.79750e-02 -5.37836e-02 26 26 0 165.75057 10 26 26
318 23 7.40671e-01 -3.27313e-02 3.17725e-02 -5.34536e-02 26 26 0 165.78499 10 26 26
318 23 7.39114e-01 -3.70162e-02 3.59497e-02 -5.30418e-02 26 26 0 165.82720 10 26 26
318 23 7.37176e-01 -4.17208e-02 4.05447e-02 -5.25294e-02 26 26 0 165.87855 10 26 26
318 23 7.34772e-01 -4.68818e-02 4.55992e-02 -5.18930e-02 26 26 0 165.94050 10 26 26
318 23 7.31797e-01 -5.25329e-02 5.11591e-02 -5.11035e-02 26 26 0 166.01455 10 26 26
318 23 7.28129e-01 -5.86934e-02 5.72750e-02 -5.01229e-02 26 26 0 166.10221 10 26 26
318 23 7.23629e-01 -6.53236e-02 6.40025e-02 -4.88984e-02 26 26 0 166.20530 10 26 26
318 23 7.18186e-01 -7.21548e-02 7.14028e-02 -4.73430e-02 26 26 0 166.32851 10 26 26
319 23 7.51886e-01 -3.59103e-04 1.00000e-03 -5.06623e-02 27 27 0 178.85302 5 27 27
319 23 7.51869e-01 -7.54111e-04 2.10000e-03 -5.06576e-02 27 27 0 178.85349 5 27 27
319 23 7.51837e-01 -1.18860e-03 3.31000e-03 -5.06484e-02 27 27 0 178.85440 5 27 27
319 23 7.51785e-01 -1.66652e-03 4.64100e-03 -5.06337e-02 27 27 0 178.85587 5 27 27
319 23 7.51708e-01 -2.19218e-03 6.10510e-03 -5.06118e-02 27 27 0 178.85805 5 27 27
319 23 7.51600e-01 -2.77032e-03 7.71561e-03 -5.05807e-02 27 27 0 178.86114 5 27 27
319 23 7.51451e-01 -3.40616e-03 9.48717e-03 -5.05383e-02 27 27 0 178.86536 5 27 27
319 23 7.51252e-01 -4.10541e-03 1.14359e-02 -5.04815e-02 27 27 0 178.87099 5 27 27
319 23 7.50990e-01 -4.87429e-03 1.35795e-02 -5.04068e-02 27 27 0 178.87837 5 27 27
319 23 7.50649e-01 -5.71960e-03 1.59374e-02 -5.03099e-02 27 27 0 178.88791 5 27 27
319 23 7.50212e-01 -6.64869e-03 1.85312e-02 -5.01855e-02 27 27 0 178.90010 5 27 27
319 23 7.49654e-01 -7.66939e-03 2.13843e-02 -5.00271e-02 27 27 0 178.91553 5 27 27
319 23 7.48947e-01 -8.78993e-03 2.45227e-02 -4.98268e-02 27 27 0 178.93489 5 27 27
319 23 7.48057e-01 -1.00186e-02 2.79750e-02 -4.95752e-02 27 27 0 178.95899 5 27 27
319 23 7.46941e-01 -1.13632e-02 3.17725e-02 -4.92606e-02 27 27 0 178.98876 5 27 27
319 23 7.45547e-01 -1.28301e-02 3.59497e-02 -4.88689e-02 27 27 0 179.02529 5 27 27
319 23 7.43810e-01 -1.44225e-02 4.05447e-02 -4.83833e-02 27 27 0 179.06979 5 27 27
319 23 7.41652e-01 -1.61377e-02 4.55992e-02 -4.77832e-02 27 27 0 179.12362 5 27 27
319 23 7.38975e-01 -1.79620e-02 5.11591e-02 -4.70440e-02 27 27 0 179.18831 5 27 27
319 23 7.35660e-01 -1.98636e-02 5.72750e-02 -4.61361e-02 27 27 0 179.26562 5 27 27
319 23 7.31561e-01 -2.17805e-02 6.40025e-02 -4.50235e-02 27 27 0 179.35772 5 27 27
320 23 7.57962e-01 -2.09281e-03 1.00000e-03 -4.60729e-02 29 29 0 195.58528 7 29 29
320 23 7.57939e-01 -4.39466e-03 2.10000e-03 -4.60662e-02 29 29 0 195.58576 7 29 29
320 23 7.57893e-01 -6.92605e-03 3.31000e-03 -4.60534e-02 29 29 0 195.58669 7 29 29
320 23 7.57820e-01 -9.70938e-03 4.64100e-03 -4.60327e-02 29 29 0 195.58820 7 29 29
320 23 7.57712e-01 -1.27690e-02 6.10510e-03 -4.60019e-02 29 29 0 195.59043 7 29 29
320 23 7.57558e-01 -1.61312e-02 7.71561e-03 -4.59583e-02 29 29 0 195.59360 7 29 29
320 23 7.57348e-01 -1.98246e-02 9.48717e-03 -4.58987e-02 29 29 0 195.59793 7 29 29
320 23 7.57067e-01 -2.38795e-02 1.14359e-02 -4.58188e-02 29 29 0 195.60372 7 29 29
320 23 7.56699e-01 -2.83282e-02 1.35795e-02 -4.57136e-02 29 29 0 195.61133 7 29 29
320 23 7.56221e-01 -3.32045e-02 1.59374e-02 -4.55769e-02 29 29 0 195.62120 7 29 29
320 23 7.55609e-01 -3.85430e-02 1.85312e-02 -4.54011e-02 29 29 0 195.63389 7 29 29
320 23 7.54832e-01 -4.43777e-02 2.13843e-02 -4.51769e-02 29 29 0 195.65007 8 29 29
320 23 7.53852e-01 -5.07408e-02 2.45227e-02 -4.48926e-02 29 29 0 195.67058 9 29 29
320 23 7.52627e-01 -5.76598e-02 2.79750e-02 -4.45342e-02 29 29 0 195.69651 9 29 29
320 23 7.51105e-01 -6.51539e-02 3.17725e-02 -4.40841e-02 29 29 0 195.72927 9 29 29
320 23 7.49226e-01 -7.32299e-02 3.59497e-02 -4.35206e-02 29 29 0 195.77081 9 29 29
320 23 7.46922e-01 -8.18786e-02 4.05447e-02 -4.28160e-02 29 29 0 195.82396 9 29 29
320 23 7.44119e-01 -9.10762e-02 4.55992e-02 -4.19333e-02 29 29 0 195.89326 11 29 29
320 23 7.40742e-01 -1.00804e-01 5.11591e-02 -4.08171e-02 29 29 0 195.98708 11 29 29
320 23 7.36736e-01 -1.11125e-01 5.72750e-02 -3.93671e-02 29 29 0 196.12433 13 29 29
320 23 7.32109e-01 -1.22434e-01 6.40025e-02 -3.73646e-02 29 29 0 196.35534 11 29 29
321 23 7.61901e-01 -1.85887e-03 1.00000e-03 -4.30802e-02 30 30 0 208.23705 12 30 30
321 23 7.61879e-01 -3.90366e-03 2.10000e-03 -4.30736e-02 30 30 0 208.23766 12 30 30
321 23 7.61838e-01 -6.15300e-03 3.31000e-03 -4.30610e-02 30 30 0 208.23884 12 30 30
321 23 7.61772e-01 -8.62743e-03 4.64100e-03 -4.30405e-02 30 30 0 208.24074 12 30 30
321 23 7.61673e-01 -1.13496e-02 6.10510e-03 -4.30100e-02 30 30 0 208.24356 12 30 30
321 23 7.61532e-01 -1.43443e-02 7.71561e-03 -4.29669e-02 30 30 0 208.24755 12 30 30
321 23 7.61341e-01 -1.76392e-02 9.48717e-03 -4.29079e-02 30 30 0 208.25302 12 30 30
321 23 7.61084e-01 -2.12644e-02 1.14359e-02 -4.28289e-02 30 30 0 208.26034 12 30 30
321 23 7.60747e-01 -2.52537e-02 1.35795e-02 -4.27248e-02 30 30 0 208.26997 12 30 30
321 23 7.60308e-01 -2.96439e-02 1.59374e-02 -4.25896e-02 30 30 0 208.28247 12 30 30
321 23 7.59745e-01 -3.44761e-02 1.85312e-02 -4.24156e-02 30 30 0 208.29855 12 30 30
321 23 7.59028e-01 -3.97959e-02 2.13843e-02 -4.21934e-02 30 30 0 208.31906 12 30 30
321 23 7.58120e-01 -4.56542e-02 2.45227e-02 -4.19116e-02 30 30 0 208.34507 12 30 30
321 23 7.56977e-01 -5.21078e-02 2.79750e-02 -4.15556e-02 30 30 0 208.37790 12 30 30
321 23 7.55546e-01 -5.92212e-02 3.17725e-02 -4.11076e-02 30 30 0 208.41926 12 30 30
321 23 7.53760e-01 -6.70680e-02 3.59497e-02 -4.05451e-02 30 30 0 208.47131 12 30 30
321 23 7.51541e-01 -7.57349e-02 4.05447e-02 -3.98394e-02 30 30 0 208.53699 12 30 30
321 23 7.48790e-01 -8.53281e-02 4.55992e-02 -3.89533e-02 30 30 0 208.62040 12 30 30
321 23 7.45389e-01 -9.59891e-02 5.11591e-02 -3.78379e-02 30 30 0 208.72783 12 30 30
321 23 7.41188e-01 -1.07930e-01 5.72750e-02 -3.64268e-02 30 30 0 208.87014 12 30 30
321 23 7.35994e-01 -1.21455e-01 6.40025e-02 -3.46323e-02 30 30 0 209.07142 12 30 30
321 23 7.29675e-01 -1.36070e-01 7.14028e-02 -3.23716e-02 30 30 0 209.40508 12 30 30
322 23 7.65356e-01 -1.76480e-03 1.00000e-03 -4.04419e-02 31 31 0 220.79982 15 31 31
322 23 7.65336e-01 -3.70611e-03 2.10000e-03 -4.04349e-02 31 31 0 220.80087 15 31 31
322 23 7.65297e-01 -5.84167e-03 3.31000e-03 -4.04216e-02 31 31 0 220.80288 15 31 31
322 23 7.65235e-01 -8.19099e-03 4.64100e-03 -4.04000e-02 31 31 0 220.80614 15 31 31
322 23 7.65142e-01 -1.07756e-02 6.10510e-03 -4.03680e-02 31 31 0 220.81098 15 31 31
322 23 7.65010e-01 -1.36192e-02 7.71561e-03 -4.03226e-02 31 31 0 220.81784 15 31 31
322 23 7.64830e-01 -1.67480e-02 9.48717e-03 -4.02605e-02 31 31 0 220.82725 15 31 31
322 23 7.64589e-01 -2.01911e-02 1.14359e-02 -4.01773e-02 31 31 0 220.83985 15 31 31
322 23 7.64272e-01 -2.39803e-02 1.35795e-02 -4.00678e-02 31 31 0 220.85647 15 31 31
322 23 7.63861e-01 -2.81514e-02 1.59374e-02 -3.99256e-02 31 31 0 220.87809 15 31 31
322 23 7.63331e-01 -3.27438e-02 1.85312e-02 -3.97428e-02 31 31 0 220.90597 15 31 31
322 23 7.62657e-01 -3.78016e-02 2.13843e-02 -3.95095e-02 31 31 0 220.94166 15 31 31
322 23 7.61803e-01 -4.33746e-02 2.45227e-02 -3.92140e-02 31 31 0 220.98708 15 31 31
322 23 7.60727e-01 -4.95186e-02 2.79750e-02 -3.88417e-02 31 31 0 221.04468 15 31 31
322 23 7.59377e-01 -5.62982e-02 3.17725e-02 -3.83747e-02 31 31 0 221.11752 15 31 31
322 23 7.57688e-01 -6.37883e-02 3.59497e-02 -3.77917e-02 31 31 0 221.20954 15 31 31
322 23 7.55579e-01 -7.20785e-02 4.05447e-02 -3.70669e-02 31 31 0 221.32586 15 31 31
322 23 7.52946e-01 -8.12787e-02 4.55992e-02 -3.61702e-02 31 31 0 221.47341 15 31 31
322 23 7.49654e-01 -9.15247e-02 5.11591e-02 -3.50678e-02 31 31 0 221.66211 15 31 31
322 23 7.45527e-01 -1.02965e-01 5.72750e-02 -3.37249e-02 31 31 0 221.90783 15 31 31
322 23 7.40342e-01 -1.15575e-01 6.40025e-02 -3.21202e-02 31 31 0 222.23703 15 31 31
322 23 7.33954e-01 -1.28061e-01 7.14028e-02 -3.02976e-02 31 31 0 222.69327 15 31 31
323 23 7.68439e-01 -1.71584e-03 1.00000e-03 -3.80777e-02 32 32 0 233.39953 18 32 32
323 23 7.68421e-01 -3.60353e-03 2.10000e-03 -3.80697e-02 32 32 0 233.40191 18 32 32
323 23 7.68385e-01 -5.68062e-03 3.31000e-03 -3.80545e-02 32 32 0 233.40649 18 32 32
323 23 7.68328e-01 -7.96666e-03 4.64100e-03 -3.80298e-02 32 32 0 233.41390 18 32 32
323 23 7.68243e-01 -1.04834e-02 6.10510e-03 -3.79932e-02 32 32 0 233.42495 18 32 32
323 23 7.68123e-01 -1.32551e-02 7.71561e-03 -3.79412e-02 32 32 0 233.44064 18 32 32
323 23 7.67959e-01 -1.63091e-02 9.48717e-03 -3.78700e-02 32 32 0 233.46224 18 32 32
323 23 7.67738e-01 -1.96762e-02 1.14359e-02 -3.77747e-02 32 32 0 233.49135 18 32 32
323 23 7.67449e-01 -2.33912e-02 1.35795e-02 -3.76490e-02 32 32 0 233.53001 18 32 32
323 23 7.67072e-01 -2.74942e-02 1.59374e-02 -3.74856e-02 32 32 0 233.58083 18 32 32
323 23 7.66588e-01 -3.20310e-02 1.85312e-02 -3.72750e-02 32 32 0 233.64719 18 32 32
323 23 7.65969e-01 -3.70553e-02 2.13843e-02 -3.70057e-02 32 32 0 233.73348 20 32 32
323 23 7.65185e-01 -4.26301e-02 2.45227e-02 -3.66635e-02 32 32 0 233.84555 20 32 32
323 23 7.64196e-01 -4.88303e-02 2.79750e-02 -3.62307e-02 32 32 0 233.99120 20 32 32
323 23 7.62950e-01 -5.57453e-02 3.17725e-02 -3.56855e-02 32 32 0 234.18098 20 32 32
323 23 7.61388e-01 -6.34817e-02 3.59497e-02 -3.50007e-02 32 32 0 234.42927 20 32 32
323 23 7.59431e-01 -7.21631e-02 4.05447e-02 -3.41426e-02 32 32 0 234.75577 20 32 32
323 23 7.56985e-01 -8.19339e-02 4.55992e-02 -3.30675e-02 32 32 0 235.18772 20 32 32
323 23 7.53935e-01 -9.30490e-02 5.11591e-02 -3.17089e-02 32 32 0 235.76696 20 32 32
324 23 7.71129e-01 -1.68773e-03 1.00000e-03 -3.60069e-02 33 33 0 245.66729 23 33 33
324 23 7.71115e-01 -3.54394e-03 2.10000e-03 -3.59955e-02 33 33 0 245.67555 23 33 33
324 23 7.71089e-01 -5.58505e-03 3.31000e-03 -3.59736e-02 33 33 0 245.69146 23 33 33
324 23 7.71047e-01 -7.82889e-03 4.64100e-03 -3.59380e-02 33 33 0 245.71734 23 33 33
324 23 7.70985e-01 -1.02947e-02 6.10510e-03 -3.58851e-02 33 33 0 245.75618 23 33 33
324 23 7.70897e-01 -1.30031e-02 7.71561e-03 -3.58100e-02 33 33 0 245.81187 23 33 33
324 23 7.70777e-01 -1.59759e-02 9.48717e-03 -3.57068e-02 33 33 0 245.88955 22 33 33
324 23 7.70618e-01 -1.92357e-02 1.14359e-02 -3.55681e-02 33 33 0 245.99606 21 33 33
324 23 7.70411e-01 -2.28051e-02 1.35795e-02 -3.53846e-02 33 33 0 246.14068 21 33 33
324 23 7.70145e-01 -2.67054e-02 1.59374e-02 -3.51451e-02 33 33 0 246.33610 21 33 33
324 23 7.69807e-01 -3.09540e-02 1.85312e-02 -3.48355e-02 33 33 0 246.59964 21 33 33
324 23 7.69383e-01 -3.55608e-02 2.13843e-02 -3.44396e-02 33 33 0 246.95462 19 33 33
324 23 7.68850e-01 -4.05258e-02 2.45227e-02 -3.39400e-02 33 33 0 247.43037 19 33 33
324 23 7.68176e-01 -4.58478e-02 2.79750e-02 -3.33219e-02 33 33 0 248.05760 17 33 33
324 23 7.67298e-01 -5.15902e-02 3.17725e-02 -3.25816e-02 33 33 0 248.85243 17 33 33
324 23 7.66067e-01 -5.82928e-02 3.59497e-02 -3.17434e-02 33 33 0 249.78217 19 33 33
324 23 7.63666e-01 -7.17582e-02 4.05447e-02 -3.09466e-02 33 33 0 250.71393 23 33 33
324 23 7.57151e-01 -1.10080e-01 4.55992e-02 -3.02393e-02 33 33 0 252.01685 13 33 33
325 23 7.73132e-01 -1.67302e-03 1.00000e-03 -3.44607e-02 34 34 0 255.64887 28 34 34
325 23 7.73178e-01 -3.51242e-03 2.10000e-03 -3.44034e-02 34 34 0 255.75967 28 34 34
325 23 7.73292e-01 -5.53297e-03 3.31000e-03 -3.42730e-02 34 34 0 256.03468 28 34 34
325 23 7.73670e-01 -7.74518e-03 4.64100e-03 -3.39131e-02 34 34 0 256.97752 28 34 34
325 23 7.75686e-01 -9.36045e-03 6.10510e-03 -3.22584e-02 34 34 0 263.93180 22 34 34
325 23 7.77783e-01 -1.27767e-02 7.71561e-03 -3.04808e-02 35 35 0 285.43357 15 35 35
326 23 7.78186e-01 -1.65608e-03 1.00000e-03 -3.05402e-02 35 35 0 285.30985 15 35 35
326 23 7.78163e-01 -3.47774e-03 2.10000e-03 -3.05367e-02 35 35 0 285.31721 15 35 35
326 23 7.78117e-01 -5.48154e-03 3.31000e-03 -3.05302e-02 35 35 0 285.33128 15 35 35
326 23 7.78044e-01 -7.68565e-03 4.64100e-03 -3.05195e-02 35 35 0 285.35388 15 35 35
326 23 7.77936e-01 -1.01101e-02 6.10510e-03 -3.05035e-02 35 35 0 285.38716 15 35 35
326 23 7.77783e-01 -1.27767e-02 7.71561e-03 -3.04808e-02 35 35 0 285.43357 15 35 35
326 23 7.77574e-01 -1.57098e-02 9.48717e-03 -3.04494e-02 35 35 0 285.49583 15 35 35
326 23 7.77295e-01 -1.89358e-02 1.14359e-02 -3.04068e-02 35 35 0 285.57682 15 35 35
326 23 7.76928e-01 -2.24839e-02 1.35795e-02 -3.03498e-02 35 35 0 285.67930 15 35 35
326 23 7.76455e-01 -2.63859e-02 1.59374e-02 -3.02741e-02 35 35 0 285.80548 15 35 35
326 23 7.75850e-01 -3.06770e-02 1.85312e-02 -3.01743e-02 35 35 0 285.95641 15 35 35
326 23 7.75084e-01 -3.53955e-02 2.13843e-02 -3.00432e-02 35 35 0 286.13108 15 35 35
327 23 7.79767e-01 -1.65852e-03 1.00000e-03 -2.93089e-02 36 36 0 296.08544 18 36 36
327 23 7.79743e-01 -3.48285e-03 2.10000e-03 -2.93055e-02 36 36 0 296.08855 18 36 36
327 23 7.79698e-01 -5.48948e-03 3.31000e-03 -2.92988e-02 36 36 0 296.09452 18 36 36
327 23 7.79626e-01 -7.69655e-03 4.64100e-03 -2.92880e-02 36 36 0 296.10415 18 36 36
327 23 7.79518e-01 -1.01239e-02 6.10510e-03 -2.92719e-02 36 36 0 296.11843 18 36 36
327 23 7.79365e-01 -1.27934e-02 7.71561e-03 -2.92492e-02 36 36 0 296.13858 18 36 36
327 23 7.79155e-01 -1.57289e-02 9.48717e-03 -2.92180e-02 36 36 0 296.16604 18 36 36
327 23 7.78876e-01 -1.89565e-02 1.14359e-02 -2.91762e-02 36 36 0 296.20255 18 36 36
327 23 7.78508e-01 -2.25047e-02 1.35795e-02 -2.91211e-02 36 36 0 296.25018 18 36 36
327 23 7.78030e-01 -2.64044e-02 1.59374e-02 -2.90493e-02 36 36 0 296.31134 18 36 36
327 23 7.77417e-01 -3.06895e-02 1.85312e-02 -2.89568e-02 36 36 0 296.38877 18 36 36
327 23 7.76636e-01 -3.53962e-02 2.13843e-02 -2.88384e-02 36 36 0 296.48554 18 36 36
327 23 7.75650e-01 -4.05635e-02 2.45227e-02 -2.86876e-02 36 36 0 296.60493 18 36 36
327 23 7.74410e-01 -4.62330e-02 2.79750e-02 -2.84964e-02 36 36 0 296.75020 18 36 36
327 23 7.72859e-01 -5.24481e-02 3.17725e-02 -2.82546e-02 36 36 0 296.92420 18 36 36
327 23 7.70930e-01 -5.92539e-02 3.59497e-02 -2.79494e-02 36 36 0 297.12868 18 36 36
327 23 7.68538e-01 -6.66958e-02 4.05447e-02 -2.75644e-02 36 36 0 297.36324 18 36 36
327 23 7.65584e-01 -7.48193e-02 4.55992e-02 -2.70787e-02 36 36 0 297.62381 18 36 36
327 23 7.61948e-01 -8.36693e-02 5.11591e-02 -2.64646e-02 36 36 0 297.90084 18 36 36
327 23 7.57492e-01 -9.32970e-02 5.72750e-02 -2.56816e-02 36 36 0 298.17827 16 36 36
328 23 7.83462e-01 -1.70717e-03 1.00000e-03 -2.64205e-02 38 38 0 324.94690 22 38 38
328 23 7.83439e-01 -3.58508e-03 2.10000e-03 -2.64166e-02 38 38 0 324.94761 22 38 38
328 23 7.83394e-01 -5.65084e-03 3.31000e-03 -2.64092e-02 38 38 0 324.94896 22 38 38
328 23 7.83323e-01 -7.92327e-03 4.64100e-03 -2.63971e-02 38 38 0 324.95114 22 38 38
328 23 7.83216e-01 -1.04231e-02 6.10510e-03 -2.63792e-02 38 38 0 324.95438 22 38 38
328 23 7.83065e-01 -1.31732e-02 7.71561e-03 -2.63538e-02 38 38 0 324.95894 22 38 38
328 23 7.82858e-01 -1.61988e-02 9.48717e-03 -2.63190e-02 38 38 0 324.96516 22 38 38
328 23 7.82581e-01 -1.95276e-02 1.14359e-02 -2.62726e-02 38 38 0 324.97344 22 38 38
328 23 7.82216e-01 -2.31903e-02 1.35795e-02 -2.62114e-02 38 38 0 324.98423 22 38 38
328 23 7.81743e-01 -2.72207e-02 1.59374e-02 -2.61321e-02 38 38 0 324.99808 22 38 38
328 23 7.81134e-01 -3.16563e-02 1.85312e-02 -2.60301e-02 38 38 0 325.01563 22 38 38
328 23 7.80358e-01 -3.65387e-02 2.13843e-02 -2.59002e-02 38 38 0 325.03759 22 38 38
328 23 7.79374e-01 -4.19143e-02 2.45227e-02 -2.57358e-02 38 38 0 325.06472 22 38 38
328 23 7.78135e-01 -4.78353e-02 2.79750e-02 -2.55289e-02 38 38 0 325.09784 22 38 38
328 23 7.76581e-01 -5.43608e-02 3.17725e-02 -2.52693e-02 38 38 0 325.13771 22 38 38
328 23 7.74638e-01 -6.15596e-02 3.59497e-02 -2.49448e-02 38 38 0 325.18498 22 38 38
328 23 7.72215e-01 -6.95151e-02 4.05447e-02 -2.45397e-02 38 38 0 325.24003 22 38 38
328 23 7.69201e-01 -7.83345e-02 4.55992e-02 -2.40334e-02 38 38 0 325.30286 22 38 38
328 23 7.65456e-01 -8.81725e-02 5.11591e-02 -2.33986e-02 38 38 0 325.37338 22 38 38
328 23 7.60796e-01 -9.93000e-02 5.72750e-02 -2.25957e-02 38 38 0 325.45366 22 38 38
328 23 7.54947e-01 -1.12538e-01 6.40025e-02 -2.15468e-02 38 38 0 325.56607 22 38 38
329 23 7.85173e-01 -1.82379e-03 1.00000e-03 -2.50785e-02 39 39 0 340.41431 15 39 39
329 23 7.85149e-01 -3.82998e-03 2.10000e-03 -2.50744e-02 39 39 0 340.41466 15 39 39
329 23 7.85104e-01 -6.03683e-03 3.31000e-03 -2.50664e-02 39 39 0 340.41534 15 39 39
329 23 7.85030e-01 -8.46444e-03 4.64100e-03 -2.50536e-02 39 39 0 340.41644 15 39 39
329 23 7.84921e-01 -1.11349e-02 6.10510e-03 -2.50346e-02 39 39 0 340.41807 15 39 39
329 23 7.84766e-01 -1.40727e-02 7.71561e-03 -2.50076e-02 39 39 0 340.42035 15 39 39
329 23 7.84554e-01 -1.73045e-02 9.48717e-03 -2.49707e-02 39 39 0 340.42343 15 39 39
329 23 7.84271e-01 -2.08600e-02 1.14359e-02 -2.49214e-02 39 39 0 340.42750 15 39 39
329 23 7.83898e-01 -2.47718e-02 1.35795e-02 -2.48566e-02 39 39 0 340.43273 15 39 39
329 23 7.83413e-01 -2.90757e-02 1.59374e-02 -2.47726e-02 39 39 0 340.43934 15 39 39
329 23 7.82790e-01 -3.38114e-02 1.85312e-02 -2.46648e-02 39 39 0 340.44752 15 39 39
329 23 7.81995e-01 -3.90228e-02 2.13843e-02 -2.45277e-02 39 39 0 340.45747 15 39 39
329 23 7.80987e-01 -4.47582e-02 2.45227e-02 -2.43546e-02 39 39 0 340.46929 15 39 39
329 23 7.79716e-01 -5.10715e-02 2.79750e-02 -2.41377e-02 39 39 0 340.48301 15 39 39
329 23 7.78120e-01 -5.80227e-02 3.17725e-02 -2.38671e-02 39 39 0 340.49849 15 39 39
329 23 7.76122e-01 -6.56797e-02 3.59497e-02 -2.35316e-02 39 39 0 340.51536 15 39 39
329 23 7.73627e-01 -7.41217e-02 4.05447e-02 -2.31178e-02 39 39 0 340.53308 15 39 39
329 23 7.70513e-01 -8.34490e-02 4.55992e-02 -2.26098e-02 39 39 0 340.55118 15 39 39
329 23 7.66627e-01 -9.38086e-02 5.11591e-02 -2.19888e-02 39 39 0 340.57042 15 39 39
329 23 7.61758e-01 -1.05480e-01 5.72750e-02 -2.12305e-02 39 39 0 340.59664 13 39 39
329 23 7.55572e-01 -1.19230e-01 6.40025e-02 -2.02990e-02 39 39 0 340.65819 13 39 39
330 23 7.86502e-01 -3.31840e-03 1.00000e-03 -2.40299e-02 20 40 0 353.58911 6 40 40
330 23 7.86464e-01 -6.96814e-03 2.10000e-03 -2.40239e-02 18 40 0 353.58951 6 40 40
330 23 7.86391e-01 -1.09816e-02 3.31000e-03 -2.40125e-02 19 40 0 353.59028 6 40 40
330 23 7.86274e-01 -1.53941e-02 4.64100e-03 -2.39939e-02 20 40 0 353.59152 6 40 40
330 23 7.86099e-01 -2.02438e-02 6.10510e-03 -2.39664e-02 19 40 0 353.59333 6 40 40
330 23 7.85851e-01 -2.55721e-02 7.71561e-03 -2.39275e-02 19 40 0 353.59584 6 40 40
330 23 7.85513e-01 -3.14236e-02 9.48717e-03 -2.38744e-02 20 40 0 353.59919 6 40 40
330 23 7.85060e-01 -3.78459e-02 1.14359e-02 -2.38035e-02 20 40 0 353.60350 6 40 40
330 23 7.84465e-01 -4.48896e-02 1.35795e-02 -2.37108e-02 19 40 0 353.60889 6 40 40
330 23 7.83694e-01 -5.26081e-02 1.59374e-02 -2.35913e-02 20 40 0 353.61547 6 40 40
330 23 7.82704e-01 -6.10573e-02 1.85312e-02 -2.34394e-02 20 40 0 353.62335 6 40 40
330 23 7.81444e-01 -7.02954e-02 2.13843e-02 -2.32490e-02 20 40 0 353.63283 6 40 40
331 23 7.88473e-01 -1.15469e-03 1.00000e-03 -2.24827e-02 41 41 0 375.09269 13 41 41
331 23 7.88454e-01 -2.42471e-03 2.10000e-03 -2.24787e-02 41 41 0 375.09345 13 41 41
331 23 7.88417e-01 -3.82139e-03 3.31000e-03 -2.24710e-02 41 41 0 375.09489 13 41 41
331 23 7.88356e-01 -5.35711e-03 4.64100e-03 -2.24584e-02 41 41 0 375.09723 13 41 41
331 23 7.88267e-01 -7.04530e-03 6.10510e-03 -2.24398e-02 41 41 0 375.10071 13 41 41
331 23 7.88140e-01 -8.90057e-03 7.71561e-03 -2.24135e-02 41 41 0 375.10565 13 41 41
331 23 7.87967e-01 -1.09387e-02 9.48717e-03 -2.23773e-02 41 41 0 375.11243 13 41 41
331 23 7.87736e-01 -1.31765e-02 1.14359e-02 -2.23289e-02 41 41 0 375.12154 13 41 41
331 23 7.87431e-01 -1.56321e-02 1.35795e-02 -2.22650e-02 41 41 0 375.13361 13 41 41
331 23 7.87037e-01 -1.83243e-02 1.59374e-02 -2.21820e-02 41 41 0 375.14944 13 41 41
331 23 7.86531e-01 -2.12727e-02 1.85312e-02 -2.20748e-02 41 41 0 375.17006 13 41 41
331 23 7.85887e-01 -2.44968e-02 2.13843e-02 -2.19376e-02 41 41 0 375.19686 13 41 41
331 23 7.85075e-01 -2.80149e-02 2.45227e-02 -2.17629e-02 41 41 0 375.23179 13 41 41
331 23 7.84056e-01 -3.18426e-02 2.79750e-02 -2.15411e-02 41 41 0 375.27766 13 41 41
331 23 7.82788e-01 -3.59891e-02 3.17725e-02 -2.12600e-02 41 41 0 375.33876 13 41 41
331 23 7.81217e-01 -4.04509e-02 3.59497e-02 -2.09034e-02 41 41 0 375.42203 15 41 41
331 23 7.79286e-01 -4.51983e-02 4.05447e-02 -2.04496e-02 41 41 0 375.53934 15 41 41
332 23 7.89834e-01 -1.34977e-03 1.00000e-03 -2.14087e-02 42 42 0 391.67716 42 42 42
332 23 7.89814e-01 -2.83444e-03 2.10000e-03 -2.14043e-02 42 42 0 391.67844 42 42 42
332 23 7.89776e-01 -4.46738e-03 3.31000e-03 -2.13958e-02 42 42 0 391.68089 42 42 42
332 23 7.89714e-01 -6.26322e-03 4.64100e-03 -2.13820e-02 42 42 0 391.68485 42 42 42
332 23 7.89622e-01 -8.23800e-03 6.10510e-03 -2.13615e-02 42 42 0 391.69076 42 42 42
332 23 7.89492e-01 -1.04092e-02 7.71561e-03 -2.13325e-02 42 42 0 391.69912 42 42 42
332 23 7.89314e-01 -1.27960e-02 9.48717e-03 -2.12928e-02 42 42 0 391.71061 42 42 42
332 23 7.89077e-01 -1.54190e-02 1.14359e-02 -2.12396e-02 42 42 0 391.72602 42 42 42
332 23 7.88764e-01 -1.83008e-02 1.35795e-02 -2.11695e-02 42 42 0 391.74638 42 42 42
332 23 7.88359e-01 -2.14656e-02 1.59374e-02 -2.10783e-02 42 42 0 391.77297 42 42 42
332 23 7.87838e-01 -2.49398e-02 1.85312e-02 -2.09609e-02 42 42 0 391.80742 42 42 42
332 23 7.87176e-01 -2.87513e-02 2.13843e-02 -2.08106e-02 42 42 0 391.85185 42 42 42
332 23 7.86340e-01 -3.29309e-02 2.45227e-02 -2.06192e-02 42 42 0 391.90906 42 42 42
332 23 7.85291e-01 -3.75134e-02 2.79750e-02 -2.03760e-02 42 42 0 391.98301 42 42 42
332 23 7.83983e-01 -4.25458e-02 3.17725e-02 -2.00663e-02 42 42 0 392.07988 42 42 42
332 23 7.82361e-01 -4.81202e-02 3.59497e-02 -1.96692e-02 42 42 0 392.21134 42 42 42
332 23 7.80355e-01 -5.45129e-02 4.05447e-02 -1.91513e-02 42 42 0 392.40531 36 42 42
333 23 7.91121e-01 -1.40088e-03 1.00000e-03 -2.03913e-02 43 43 0 408.85750 43 43 43
333 23 7.91101e-01 -2.94172e-03 2.10000e-03 -2.03862e-02 43 43 0 408.86056 43 43 43
333 23 7.91064e-01 -4.63633e-03 3.31000e-03 -2.03766e-02 43 43 0 408.86644 43 43 43
333 23 7.91004e-01 -6.49981e-03 4.64100e-03 -2.03610e-02 43 43 0 408.87597 43 43 43
333 23 7.90914e-01 -8.54863e-03 6.10510e-03 -2.03378e-02 43 43 0 408.89017 43 43 43
333 23 7.90788e-01 -1.08007e-02 7.71561e-03 -2.03049e-02 43 43 0 408.91034 43 43 43
333 23 7.90614e-01 -1.32756e-02 9.48717e-03 -2.02599e-02 43 43 0 408.93811 43 43 43
333 23 7.90382e-01 -1.59943e-02 1.14359e-02 -2.01997e-02 43 43 0 408.97552 43 43 43
333 23 7.90077e-01 -1.89796e-02 1.35795e-02 -2.01203e-02 43 43 0 409.02519 43 43 43
333 23 7.89681e-01 -2.22560e-02 1.59374e-02 -2.00173e-02 43 43 0 409.09043 43 43 43
333 23 7.89173e-01 -2.58493e-02 1.85312e-02 -1.98848e-02 43 43 0 409.17553 43 43 43
333 23 7.88527e-01 -2.97872e-02 2.13843e-02 -1.97159e-02 43 43 0 409.28600 43 43 43
333 23 7.87709e-01 -3.40987e-02 2.45227e-02 -1.95022e-02 43 43 0 409.42896 43 43 43
333 23 7.86681e-01 -3.88143e-02 2.79750e-02 -1.92339e-02 43 43 0 409.61355 43 43 43
333 23 7.85391e-01 -4.39658e-02 3.17725e-02 -1.89001e-02 43 43 0 409.85118 43 43 43
333 23 7.83775e-01 -4.95728e-02 3.59497e-02 -1.84911e-02 43 43 0 410.15532 43 43 43
333 23 7.81811e-01 -5.42461e-02 4.05447e-02 -1.80285e-02 43 43 0 410.52123 43 43 43
333 23 7.79022e-01 -6.51386e-02 4.55992e-02 -1.73774e-02 43 43 0 411.09027 37 43 43
333 23 7.75452e-01 -7.72144e-02 5.11591e-02 -1.66030e-02 43 43 0 411.85520 31 43 43
334 23 7.96241e-01 -1.40442e-03 1.00000e-03 -1.63276e-02 47 47 0 496.77862 41 47 47
334 23 7.96218e-01 -2.94935e-03 2.10000e-03 -1.63252e-02 47 47 0 496.78928 41 47 47
334 23 7.96175e-01 -4.64892e-03 3.31000e-03 -1.63207e-02 47 47 0 496.80970 41 47 47
334 23 7.96104e-01 -6.51875e-03 4.64100e-03 -1.63133e-02 47 47 0 496.84257 41 47 47
334 23 7.96000e-01 -8.57603e-03 6.10510e-03 -1.63023e-02 47 47 0 496.89113 41 47 47
334 23 7.95852e-01 -1.08398e-02 7.71561e-03 -1.62867e-02 47 47 0 496.95917 41 47 47
334 23 7.95650e-01 -1.33310e-02 9.48717e-03 -1.62652e-02 47 47 0 497.05109 41 47 47
334 23 7.95379e-01 -1.60727e-02 1.14359e-02 -1.62362e-02 47 47 0 497.17181 41 47 47
334 23 7.95024e-01 -1.90904e-02 1.35795e-02 -1.61978e-02 47 47 0 497.32661 41 47 47
334 23 7.94562e-01 -2.24119e-02 1.59374e-02 -1.61474e-02 47 47 0 497.52078 41 47 47
334 23 7.93971e-01 -2.60673e-02 1.85312e-02 -1.60817e-02 47 47 0 497.75894 41 47 47
334 23 7.93219e-01 -3.00882e-02 2.13843e-02 -1.59964e-02 47 47 0 498.04398 41 47 47
334 23 7.92269e-01 -3.45068e-02 2.45227e-02 -1.58862e-02 47 47 0 498.37540 41 47 47
334 23 7.91078e-01 -3.93530e-02 2.79750e-02 -1.57439e-02 47 47 0 498.74712 41 47 47
334 23 7.89593e-01 -4.46508e-02 3.17725e-02 -1.55605e-02 47 47 0 499.14492 41 47 47
334 23 7.87751e-01 -5.04131e-02 3.59497e-02 -1.53248e-02 47 47 0 499.54421 41 47 47
335 23 7.98683e-01 -1.29429e-03 1.00000e-03 -1.43801e-02 50 50 0 554.80914 22 50 50
335 23 7.98662e-01 -2.71800e-03 2.10000e-03 -1.43774e-02 50 50 0 554.81006 22 50 50
335 23 7.98620e-01 -4.28404e-03 3.31000e-03 -1.43722e-02 50 50 0 554.81181 22 50 50
335 23 7.98553e-01 -6.00661e-03 4.64100e-03 -1.43638e-02 50 50 0 554.81464 22 50 50
335 23 7.98454e-01 -7.90132e-03 6.10510e-03 -1.43513e-02 50 50 0 554.81881 22 50 50
335 23 7.98314e-01 -9.98531e-03 7.71561e-03 -1.43336e-02 50 50 0 554.82467 22 50 50
335 23 7.98121e-01 -1.22774e-02 9.48717e-03 -1.43094e-02 50 50 0 554.83259 22 50 50
335 23 7.97863e-01 -1.47983e-02 1.14359e-02 -1.42770e-02 50 50 0 554.84299 22 50 50
335 23 7.97524e-01 -1.75707e-02 1.35795e-02 -1.42345e-02 50 50 0 554.85637 22 50 50
335 23 7.97084e-01 -2.06196e-02 1.59374e-02 -1.41794e-02 50 50 0 554.87320 22 50 50
335 23 7.96518e-01 -2.39725e-02 1.85312e-02 -1.41089e-02 50 50 0 554.89396 22 50 50
335 23 7.95795e-01 -2.76598e-02 2.13843e-02 -1.40193e-02 50 50 0 554.91905 22 50 50
335 23 7.94880e-01 -3.17154e-02 2.45227e-02 -1.39065e-02 50 50 0 554.94881 22 50 50
335 23 7.93725e-01 -3.61779e-02 2.79750e-02 -1.37659e-02 50 50 0 554.98355 22 50 50
335 23 7.92275e-01 -4.10920e-02 3.17725e-02 -1.35919e-02 50 50 0 555.02421 22 50 50
335 23 7.90457e-01 -4.65092e-02 3.59497e-02 -1.33787e-02 50 50 0 555.07438 22 50 50
335 23 7.88186e-01 -5.24794e-02 4.05447e-02 -1.31187e-02 50 50 0 555.14531 22 50 50
336 23 8.00175e-01 -5.66298e-03 1.00000e-03 -1.31719e-02 11 53 0 598.58678 7 34 53
336 23 8.00096e-01 -1.18918e-02 2.10000e-03 -1.31640e-02 11 53 0 598.58624 7 34 53
336 23 7.99943e-01 -1.87423e-02 3.31000e-03 -1.31489e-02 11 53 0 598.58523 7 34 53
336 23 7.99695e-01 -2.62757e-02 4.64100e-03 -1.31243e-02 11 53 0 598.58368 7 35 53
336 23 7.99327e-01 -3.45587e-02 6.10510e-03 -1.30878e-02 11 53 0 598.58155 7 35 53
336 23 7.98807e-01 -4.36639e-02 7.71561e-03 -1.30360e-02 11 53 0 598.57892 7 35 53
336 23 7.98095e-01 -5.36703e-02 9.48717e-03 -1.29650e-02 11 53 0 598.57605 7 35 53
336 23 7.97144e-01 -6.46633e-02 1.14359e-02 -1.28698e-02 11 53 0 598.57363 7 35 53
336 23 7.95893e-01 -7.67355e-02 1.35795e-02 -1.27442e-02 11 53 0 598.57307 7 35 53
336 23 7.94272e-01 -8.99878e-02 1.59374e-02 -1.25803e-02 11 53 0 598.57721 7 35 53
336 23 7.92193e-01 -1.04534e-01 1.85312e-02 -1.23680e-02 13 53 0 598.59165 7 35 53
336 23 7.89546e-01 -1.20517e-01 2.13843e-02 -1.20936e-02 13 53 0 598.62771 7 35 53
336 23 7.86187e-01 -1.38165e-01 2.45227e-02 -1.17367e-02 13 53 0 598.71002 7 35 53
336 23 7.81892e-01 -1.58015e-01 2.79750e-02 -1.12584e-02 13 53 0 598.90240 7 35 53
336 23 7.76074e-01 -1.82224e-01 3.17725e-02 -1.05377e-02 13 53 0 599.45637 7 35 53
337 23 8.02576e-01 4.45989e-03 1.00000e-03 -1.12541e-02 7 53 1 685.70496 7 13 53
337 23 8.02519e-01 9.36698e-03 2.10000e-03 -1.12487e-02 7 53 1 685.72517 7 13 53
337 23 8.02410e-01 1.47679e-02 3.31000e-03 -1.12384e-02 7 53 1 685.76447 7 13 53
337 23 8.02234e-01 2.07153e-02 4.64100e-03 -1.12218e-02 7 53 1 685.82945 7 13 53
337 23 8.01970e-01 2.72690e-02 6.10510e-03 -1.11969e-02 7 53 1 685.92938 7 13 53
338 23 8.04875e-01 -1.76348e-03 1.00000e-03 -9.41495e-03 60 60 0 799.34903 22 60 60
338 23 8.04850e-01 -3.70345e-03 2.10000e-03 -9.41280e-03 60 60 0 799.35406 22 60 60
338 23 8.04802e-01 -5.83774e-03 3.31000e-03 -9.40868e-03 60 60 0 799.36370 22 60 60
338 23 8.04724e-01 -8.18609e-03 4.64100e-03 -9.40202e-03 60 60 0 799.37924 22 60 60
338 23 8.04608e-01 -1.07703e-02 6.10510e-03 -9.39211e-03 60 60 0 799.40227 22 60 60
338 23 8.04444e-01 -1.36147e-02 7.71561e-03 -9.37808e-03 60 60 0 799.43465 22 60 60
338 23 8.04219e-01 -1.67460e-02 9.48717e-03 -9.35885e-03 60 60 0 799.47864 22 60 60
338 23 8.03918e-01 -2.01943e-02 1.14359e-02 -9.33310e-03 60 60 0 799.53684 22 60 60
338 23 8.03523e-01 -2.39928e-02 1.35795e-02 -9.29916e-03 60 60 0 799.61224 22 60 60
338 23 8.03008e-01 -2.81788e-02 1.59374e-02 -9.25502e-03 60 60 0 799.70812 22 60 60
338 23 8.02347e-01 -3.27943e-02 1.85312e-02 -9.19815e-03 60 60 0 799.82789 22 60 60
338 23 8.01503e-01 -3.78862e-02 2.13843e-02 -9.12543e-03 60 60 0 799.97479 22 60 60
338 23 8.00434e-01 -4.35079e-02 2.45227e-02 -9.03300e-03 60 60 0 800.15116 22 60 60
338 23 7.99085e-01 -4.97214e-02 2.79750e-02 -8.91609e-03 60 60 0 800.35729 22 60 60
338 23 7.97389e-01 -5.66042e-02 3.17725e-02 -8.76901e-03 60 60 0 800.58947 22 60 60
338 23 7.95261e-01 -6.42807e-02 3.59497e-02 -8.58531e-03 60 60 0 800.83800 22 60 60
338 23 7.92571e-01 -7.30968e-02 4.05447e-02 -8.35786e-03 60 60 0 801.09613 22 60 60
339 23 8.06137e-01 -1.39750e-03 1.00000e-03 -8.39863e-03 63 63 0 881.44924 39 63 63
339 23 8.06115e-01 -2.93479e-03 2.10000e-03 -8.39630e-03 63 63 0 881.44982 39 63 63
339 23 8.06072e-01 -4.62587e-03 3.31000e-03 -8.39184e-03 63 63 0 881.45091 39 63 63
339 23 8.06002e-01 -6.48614e-03 4.64100e-03 -8.38466e-03 63 63 0 881.45258 39 63 63
339 23 8.05899e-01 -8.53244e-03 6.10510e-03 -8.37402e-03 63 63 0 881.45486 39 63 63
339 23 8.05752e-01 -1.07831e-02 7.71561e-03 -8.35905e-03 63 63 0 881.45777 39 63 63
339 23 8.05552e-01 -1.32577e-02 9.48717e-03 -8.33873e-03 63 63 0 881.46131 39 63 63
339 23 8.05283e-01 -1.59768e-02 1.14359e-02 -8.31184e-03 63 63 0 881.46561 39 63 63
339 23 8.04928e-01 -1.89614e-02 1.35795e-02 -8.27700e-03 63 63 0 881.47141 39 63 63
339 23 8.04467e-01 -2.22315e-02 1.59374e-02 -8.23269e-03 63 63 0 881.48111 39 63 63
339 23 8.03873e-01 -2.58053e-02 1.85312e-02 -8.17730e-03 63 63 0 881.50095 39 63 63
339 23 8.03115e-01 -2.97005e-02 2.13843e-02 -8.10924e-03 63 63 0 881.54503 37 63 63
339 23 8.02151e-01 -3.39450e-02 2.45227e-02 -8.02696e-03 63 63 0 881.64003 33 63 63
339 23 8.00933e-01 -3.86039e-02 2.79750e-02 -7.92840e-03 63 63 0 881.82377 31 63 63
339 23 7.99395e-01 -4.38124e-02 3.17725e-02 -7.80987e-03 63 63 0 882.12678 31 63 63
340 23 8.07512e-01 -1.48385e-03 1.00000e-03 -7.28925e-03 67 67 0 994.70258 63 67 67
340 23 8.07491e-01 -3.11620e-03 2.10000e-03 -7.28529e-03 67 67 0 994.73446 63 67 67
340 23 8.07451e-01 -4.91211e-03 3.31000e-03 -7.27768e-03 67 67 0 994.79618 63 67 67
340 23 8.07387e-01 -6.88824e-03 4.64100e-03 -7.26535e-03 67 67 0 994.89736 63 67 67
340 23 8.07290e-01 -9.06314e-03 6.10510e-03 -7.24697e-03 67 67 0 995.05102 61 67 67
340 23 8.07155e-01 -1.14575e-02 7.71561e-03 -7.22084e-03 67 67 0 995.27509 61 67 67
340 23 8.06969e-01 -1.40949e-02 9.48717e-03 -7.18484e-03 67 67 0 995.59466 61 67 67
340 23 8.06720e-01 -1.70018e-02 1.14359e-02 -7.13635e-03 67 67 0 996.04534 59 67 67
340 23 8.06393e-01 -2.02095e-02 1.35795e-02 -7.07211e-03 67 67 0 996.67745 59 67 67
340 23 8.05969e-01 -2.37539e-02 1.59374e-02 -6.98835e-03 67 67 0 997.55932 57 67 67
340 23 8.05422e-01 -2.76758e-02 1.85312e-02 -6.88143e-03 67 67 0 998.77060 57 67 67
340 23 8.04717e-01 -3.20088e-02 2.13843e-02 -6.75017e-03 67 67 0 1000.35966 57 67 67
340 23 8.03806e-01 -3.66748e-02 2.45227e-02 -6.60207e-03 67 67 0 1002.24253 57 67 67
341 23 8.08822e-01 -1.45499e-03 1.00000e-03 -6.23085e-03 71 71 0 1136.88882 45 71 71
341 23 8.08798e-01 -3.05562e-03 2.10000e-03 -6.22928e-03 71 71 0 1136.90444 45 71 71
341 23 8.08753e-01 -4.81666e-03 3.31000e-03 -6.22626e-03 71 71 0 1136.93438 45 71 71
341 23 8.08680e-01 -6.75447e-03 4.64100e-03 -6.22137e-03 71 71 0 1136.98258 45 71 71
341 23 8.08571e-01 -8.88719e-03 6.10510e-03 -6.21409e-03 71 71 0 1137.05382 45 71 71
341 23 8.08417e-01 -1.12350e-02 7.71561e-03 -6.20377e-03 71 71 0 1137.15372 45 71 71
341 23 8.08206e-01 -1.38204e-02 9.48717e-03 -6.18961e-03 71 71 0 1137.28882 45 71 71
341 23 8.07923e-01 -1.66686e-02 1.14359e-02 -6.17060e-03 71 71 0 1137.46646 45 71 71
341 23 8.07551e-01 -1.98080e-02 1.35795e-02 -6.14549e-03 71 71 0 1137.69456 45 71 71
341 23 8.07069e-01 -2.32707e-02 1.59374e-02 -6.11269e-03 71 71 0 1137.98102 46 71 71
341 23 8.06448e-01 -2.70933e-02 1.85312e-02 -6.07021e-03 71 71 0 1138.33264 47 71 71
341 23 8.05656e-01 -3.13180e-02 2.13843e-02 -6.01551e-03 71 71 0 1138.75319 49 71 71
341 23 8.04653e-01 -3.59934e-02 2.45227e-02 -5.94529e-03 71 71 0 1139.24043 49 71 71
341 23 8.03390e-01 -4.11758e-02 2.79750e-02 -5.85505e-03 71 71 0 1139.78213 51 71 71
341 23 8.01806e-01 -4.69392e-02 3.17725e-02 -5.73747e-03 71 71 0 1140.35574 51 71 71
342 23 8.11136e-01 -1.79010e-03 1.00000e-03 -4.35610e-03 82 82 0 1539.88075 20 82 82
342 23 8.11110e-01 -3.75979e-03 2.10000e-03 -4.35475e-03 82 82 0 1539.91800 20 82 82
342 23 8.11060e-01 -5.92791e-03 3.31000e-03 -4.35215e-03 82 82 0 1539.98918 20 82 82
342 23 8.10979e-01 -8.31562e-03 4.64100e-03 -4.34793e-03 82 82 0 1540.10337 20 82 82
342 23 8.10858e-01 -1.09468e-02 6.10510e-03 -4.34165e-03 82 82 0 1540.27112 20 82 82
342 23 8.10687e-01 -1.38483e-02 7.71561e-03 -4.33271e-03 82 82 0 1540.50423 20 82 82
342 23 8.10454e-01 -1.70511e-02 9.48717e-03 -4.32037e-03 82 82 0 1540.81531 18 82 82
342 23 8.10140e-01 -2.05902e-02 1.14359e-02 -4.30371e-03 82 82 0 1541.21657 18 82 82
342 23 8.09728e-01 -2.45059e-02 1.35795e-02 -4.28149e-03 82 82 0 1541.71775 18 82 82
342 23 8.09191e-01 -2.88442e-02 1.59374e-02 -4.25216e-03 82 82 0 1542.32255 18 82 82
342 23 8.08500e-01 -3.36579e-02 1.85312e-02 -4.21367e-03 82 82 0 1543.02305 18 82 82
343 23 8.13607e-01 -1.82015e-03 1.00000e-03 -2.34857e-03 91 104 0 2591.94086 13 104 104
