344 27 5.71000e-02 -1.59643e-03 1.00000e-03 -3.31697e-01 1 1 0 3.09689 1 1 1
344 27 5.70989e-02 -3.35250e-03 2.10000e-03 -3.31676e-01 1 1 0 3.09691 1 1 1
344 27 5.70968e-02 -5.28416e-03 3.31000e-03 -3.31635e-01 1 1 0 3.09696 1 1 1
344 27 5.70935e-02 -7.40897e-03 4.64100e-03 -3.31568e-01 1 1 0 3.09704 1 1 1
344 27 5.70886e-02 -9.74621e-03 6.10510e-03 -3.31470e-01 1 1 0 3.09716 1 1 1
344 27 5.70816e-02 -1.23171e-02 7.71561e-03 -3.31331e-01 1 1 0 3.09733 1 1 1
344 27 5.70720e-02 -1.51450e-02 9.48717e-03 -3.31140e-01 1 1 0 3.09756 1 1 1
344 27 5.70592e-02 -1.82556e-02 1.14359e-02 -3.30885e-01 1 1 0 3.09787 1 1 1
344 27 5.70423e-02 -2.16770e-02 1.35795e-02 -3.30549e-01 1 1 0 3.09828 1 1 1
344 27 5.70204e-02 -2.54402e-02 1.59374e-02 -3.30114e-01 1 1 0 3.09881 1 1 1
344 27 5.69922e-02 -2.95794e-02 1.85312e-02 -3.29555e-01 1 1 0 3.09949 1 1 1
344 27 5.69563e-02 -3.41319e-02 2.13843e-02 -3.28842e-01 1 1 0 3.10036 1 1 1
344 27 5.69108e-02 -3.91388e-02 2.45227e-02 -3.27941e-01 1 1 0 3.10146 1 1 1
344 27 5.68535e-02 -4.46452e-02 2.79750e-02 -3.26808e-01 1 1 0 3.10285 1 1 1
344 27 5.67817e-02 -5.07007e-02 3.17725e-02 -3.25389e-01 1 1 0 3.10458 1 1 1
344 27 5.66920e-02 -5.73596e-02 3.59497e-02 -3.23619e-01 1 1 0 3.10676 1 1 1
344 27 5.65802e-02 -6.46813e-02 4.05447e-02 -3.21421e-01 1 1 0 3.10947 1 1 1
344 27 5.64412e-02 -7.27310e-02 4.55992e-02 -3.18699e-01 1 1 0 3.11284 1 1 1
344 27 5.62689e-02 -8.15801e-02 5.11591e-02 -3.15336e-01 1 1 0 3.11702 1 1 1
344 27 5.60553e-02 -9.13062e-02 5.72750e-02 -3.11192e-01 1 1 0 3.12222 1 1 1
344 27 5.57910e-02 -1.01994e-01 6.40025e-02 -3.06094e-01 1 1 0 3.12866 1 1 1
344 27 5.54638e-02 -1.13737e-01 7.14028e-02 -2.99835e-01 1 1 0 3.13665 1 1 1
344 27 5.50586e-02 -1.26633e-01 7.95430e-02 -2.92164e-01 1 1 0 3.14657 1 1 1
344 27 5.45563e-02 -1.40792e-01 8.84973e-02 -2.82775e-01 1 1 0 3.15891 1 1 1
344 27 5.39323e-02 -1.56329e-01 9.83471e-02 -2.71299e-01 1 1 0 3.17428 1 1 1
344 27 5.31548e-02 -1.73366e-01 1.09182e-01 -2.57289e-01 1 1 0 3.19351 1 1 1
345 27 1.13355e-01 -1.59590e-03 1.00000e-03 -3.26902e-01 2 2 0 6.22799 2 2 2
345 27 1.13353e-01 -3.35139e-03 2.10000e-03 -3.26881e-01 2 2 0 6.22805 2 2 2
345 27 1.13349e-01 -5.28242e-03 3.31000e-03 -3.26841e-01 2 2 0 6.22815 2 2 2
345 27 1.13342e-01 -7.40652e-03 4.64100e-03 -3.26775e-01 2 2 0 6.22831 2 2 2
345 27 1.13332e-01 -9.74300e-03 6.10510e-03 -3.26677e-01 2 2 0 6.22855 2 2 2
345 27 1.13318e-01 -1.23131e-02 7.71561e-03 -3.26539e-01 2 2 0 6.22889 2 2 2
345 27 1.13300e-01 -1.51400e-02 9.48717e-03 -3.26350e-01 2 2 0 6.22935 2 2 2
345 27 1.13274e-01 -1.82496e-02 1.14359e-02 -3.26097e-01 2 2 0 6.22997 2 2 2
345 27 1.13241e-01 -2.16698e-02 1.35795e-02 -3.25765e-01 2 2 0 6.23079 2 2 2
345 27 1.13198e-01 -2.54319e-02 1.59374e-02 -3.25333e-01 2 2 0 6.23185 2 2 2
345 27 1.13143e-01 -2.95697e-02 1.85312e-02 -3.24779e-01 2 2 0 6.23322 2 2 2
345 27 1.13072e-01 -3.41206e-02 2.13843e-02 -3.24072e-01 2 2 0 6.23496 2 2 2
345 27 1.12982e-01 -3.91259e-02 2.45227e-02 -3.23179e-01 2 2 0 6.23716 2 2 2
345 27 1.12870e-01 -4.46305e-02 2.79750e-02 -3.22055e-01 2 2 0 6.23994 2 2 2
345 27 1.12728e-01 -5.06840e-02 3.17725e-02 -3.20648e-01 2 2 0 6.24343 2 2 2
345 27 1.12552e-01 -5.73407e-02 3.59497e-02 -3.18893e-01 2 2 0 6.24779 2 2 2
345 27 1.12332e-01 -6.46600e-02 4.05447e-02 -3.16714e-01 2 2 0 6.25323 2 2 2
345 27 1.12058e-01 -7.27071e-02 4.55992e-02 -3.14015e-01 2 2 0 6.25999 2 2 2
345 27 1.11719e-01 -8.15533e-02 5.11591e-02 -3.10681e-01 2 2 0 6.26838 2 2 2
345 27 1.11298e-01 -9.12763e-02 5.72750e-02 -3.06572e-01 2 2 0 6.27880 2 2 2
345 27 1.10778e-01 -1.01961e-01 6.40025e-02 -3.01518e-01 2 2 0 6.29172 2 2 2
345 27 1.10133e-01 -1.13700e-01 7.14028e-02 -2.95313e-01 2 2 0 6.30775 2 2 2
345 27 1.09334e-01 -1.26592e-01 7.95430e-02 -2.87708e-01 2 2 0 6.32764 2 2 2
345 27 1.08344e-01 -1.40746e-01 8.84973e-02 -2.78400e-01 2 2 0 6.35237 2 2 2
345 27 1.07113e-01 -1.56278e-01 9.83471e-02 -2.67025e-01 2 2 0 6.38320 2 2 2
345 27 1.05578e-01 -1.73310e-01 1.09182e-01 -2.53139e-01 2 2 0 6.42176 2 2 2
346 27 1.67982e-01 -1.59505e-03 1.00000e-03 -3.19218e-01 3 3 0 9.42642 3 3 3
346 27 1.67979e-01 -3.34961e-03 2.10000e-03 -3.19197e-01 3 3 0 9.42650 3 3 3
346 27 1.67973e-01 -5.27961e-03 3.31000e-03 -3.19157e-01 3 3 0 9.42665 3 3 3
346 27 1.67963e-01 -7.40258e-03 4.64100e-03 -3.19092e-01 3 3 0 9.42689 3 3 3
346 27 1.67949e-01 -9.73781e-03 6.10510e-03 -3.18996e-01 3 3 0 9.42725 3 3 3
346 27 1.67929e-01 -1.23065e-02 7.71561e-03 -3.18860e-01 3 3 0 9.42776 3 3 3
346 27 1.67901e-01 -1.51320e-02 9.48717e-03 -3.18673e-01 3 3 0 9.42846 3 3 3
346 27 1.67864e-01 -1.82398e-02 1.14359e-02 -3.18424e-01 3 3 0 9.42940 3 3 3
346 27 1.67816e-01 -2.16583e-02 1.35795e-02 -3.18096e-01 3 3 0 9.43063 3 3 3
346 27 1.67753e-01 -2.54183e-02 1.59374e-02 -3.17670e-01 3 3 0 9.43224 3 3 3
346 27 1.67672e-01 -2.95539e-02 1.85312e-02 -3.17123e-01 3 3 0 9.43430 3 3 3
346 27 1.67569e-01 -3.41025e-02 2.13843e-02 -3.16426e-01 3 3 0 9.43692 3 3 3
346 27 1.67439e-01 -3.91051e-02 2.45227e-02 -3.15544e-01 3 3 0 9.44025 3 3 3
346 27 1.67274e-01 -4.46068e-02 2.79750e-02 -3.14435e-01 3 3 0 9.44444 3 3 3
346 27 1.67068e-01 -5.06571e-02 3.17725e-02 -3.13047e-01 3 3 0 9.44971 3 3 3
346 27 1.66810e-01 -5.73102e-02 3.59497e-02 -3.11316e-01 3 3 0 9.45628 3 3 3
346 27 1.66489e-01 -6.46256e-02 4.05447e-02 -3.09167e-01 3 3 0 9.46448 3 3 3
346 27 1.66089e-01 -7.26685e-02 4.55992e-02 -3.06504e-01 3 3 0 9.47468 3 3 3
346 27 1.65593e-01 -8.15100e-02 5.11591e-02 -3.03215e-01 3 3 0 9.48735 3 3 3
346 27 1.64979e-01 -9.12278e-02 5.72750e-02 -2.99161e-01 3 3 0 9.50306 3 3 3
346 27 1.64217e-01 -1.01907e-01 6.40025e-02 -2.94176e-01 3 3 0 9.52255 3 3 3
346 27 1.63274e-01 -1.13639e-01 7.14028e-02 -2.88055e-01 3 3 0 9.54672 3 3 3
346 27 1.62105e-01 -1.26525e-01 7.95430e-02 -2.80555e-01 3 3 0 9.57671 3 3 3
346 27 1.60654e-01 -1.40672e-01 8.84973e-02 -2.71375e-01 3 3 0 9.61400 3 3 3
346 27 1.58847e-01 -1.56195e-01 9.83471e-02 -2.60158e-01 3 3 0 9.66047 3 3 3
346 27 1.56591e-01 -1.73219e-01 1.09182e-01 -2.46467e-01 3 3 0 9.71858 3 3 3
346 27 1.53758e-01 -1.91871e-01 1.21100e-01 -2.29779e-01 3 3 0 9.79158 3 3 3
346 27 1.50169e-01 -2.12283e-01 1.34210e-01 -2.09464e-01 3 3 0 9.88390 3 3 3
347 27 2.20313e-01 -1.59392e-03 1.00000e-03 -3.09058e-01 4 4 0 12.72314 4 4 4
347 27 2.20309e-01 -3.34722e-03 2.10000e-03 -3.09038e-01 4 4 0 12.72325 4 4 4
347 27 2.20301e-01 -5.27585e-03 3.31000e-03 -3.08998e-01 4 4 0 12.72345 4 4 4
347 27 2.20289e-01 -7.39731e-03 4.64100e-03 -3.08935e-01 4 4 0 12.72378 4 4 4
347 27 2.20271e-01 -9.73088e-03 6.10510e-03 -3.08840e-01 4 4 0 12.72427 4 4 4
347 27 2.20245e-01 -1.22977e-02 7.71561e-03 -3.08706e-01 4 4 0 12.72495 4 4 4
347 27 2.20210e-01 -1.51212e-02 9.48717e-03 -3.08523e-01 4 4 0 12.72590 4 4 4
347 27 2.20163e-01 -1.82269e-02 1.14359e-02 -3.08278e-01 4 4 0 12.72716 4 4 4
347 27 2.20101e-01 -2.16429e-02 1.35795e-02 -3.07955e-01 4 4 0 12.72882 4 4 4
347 27 2.20020e-01 -2.54002e-02 1.59374e-02 -3.07536e-01 4 4 0 12.73098 4 4 4
347 27 2.19916e-01 -2.95329e-02 1.85312e-02 -3.06999e-01 4 4 0 12.73375 4 4 4
347 27 2.19784e-01 -3.40782e-02 2.13843e-02 -3.06314e-01 4 4 0 12.73729 4 4 4
347 27 2.19617e-01 -3.90772e-02 2.45227e-02 -3.05447e-01 4 4 0 12.74177 4 4 4
347 27 2.19406e-01 -4.45750e-02 2.79750e-02 -3.04357e-01 4 4 0 12.74742 4 4 4
347 27 2.19141e-01 -5.06210e-02 3.17725e-02 -3.02993e-01 4 4 0 12.75450 4 4 4
347 27 2.18810e-01 -5.72694e-02 3.59497e-02 -3.01293e-01 4 4 0 12.76336 4 4 4
347 27 2.18398e-01 -6.45797e-02 4.05447e-02 -2.99180e-01 4 4 0 12.77440 4 4 4
347 27 2.17885e-01 -7.26168e-02 4.55992e-02 -2.96563e-01 4 4 0 12.78813 4 4 4
347 27 2.17249e-01 -8.14520e-02 5.11591e-02 -2.93331e-01 4 4 0 12.80518 4 4 4
347 27 2.16459e-01 -9.11629e-02 5.72750e-02 -2.89349e-01 4 4 0 12.82634 4 4 4
347 27 2.15480e-01 -1.01834e-01 6.40025e-02 -2.84451e-01 4 4 0 12.85256 4 4 4
347 27 2.14266e-01 -1.13558e-01 7.14028e-02 -2.78439e-01 4 4 0 12.88509 4 4 4
347 27 2.12761e-01 -1.26435e-01 7.95430e-02 -2.71071e-01 4 4 0 12.92545 4 4 4
347 27 2.10892e-01 -1.40571e-01 8.84973e-02 -2.62057e-01 4 4 0 12.97562 4 4 4
347 27 2.08566e-01 -1.56081e-01 9.83471e-02 -2.51042e-01 4 4 0 13.03813 4 4 4
347 27 2.05665e-01 -1.73089e-01 1.09182e-01 -2.37601e-01 4 4 0 13.11627 4 4 4
347 27 2.02037e-01 -1.91718e-01 1.21100e-01 -2.21220e-01 4 4 0 13.21443 4 4 4
347 27 1.97486e-01 -2.12096e-01 1.34210e-01 -2.01279e-01 4 4 0 13.33857 4 4 4
347 27 1.91767e-01 -2.34338e-01 1.48631e-01 -1.77033e-01 4 4 0 13.49703 4 4 4
348 27 2.49692e-01 6.56384e-03 1.00000e-03 -3.02134e-01 1 1 1 14.71252 1 1 1
348 27 2.49669e-01 1.37845e-02 2.10000e-03 -3.02049e-01 1 1 1 14.71397 1 1 1
348 27 2.49624e-01 2.17281e-02 3.31000e-03 -3.01886e-01 1 1 1 14.71675 1 1 1
348 27 2.49552e-01 3.04681e-02 4.64100e-03 -3.01623e-01 1 1 1 14.72126 1 1 1
348 27 2.49446e-01 4.00853e-02 6.10510e-03 -3.01232e-01 1 1 1 14.72799 1 1 1
348 27 2.49295e-01 5.06695e-02 7.71561e-03 -3.00678e-01 1 1 1 14.73756 1 1 1
348 27 2.49088e-01 6.23202e-02 9.48717e-03 -2.99919e-01 1 1 1 14.75073 1 1 1
348 27 2.48812e-01 7.51483e-02 1.14359e-02 -2.98902e-01 1 1 1 14.76851 1 1 1
348 27 2.48450e-01 8.92777e-02 1.35795e-02 -2.97562e-01 1 1 1 14.79216 1 1 1
348 27 2.47982e-01 1.04848e-01 1.59374e-02 -2.95819e-01 1 1 1 14.82333 1 1 1
348 27 2.47382e-01 1.22015e-01 1.85312e-02 -2.93574e-01 1 1 1 14.86417 1 1 1
348 27 2.46622e-01 1.40960e-01 2.13843e-02 -2.90701e-01 1 1 1 14.91756 1 1 1
348 27 2.45666e-01 1.61891e-01 2.45227e-02 -2.87046e-01 1 1 1 14.98744 1 1 1
348 27 2.44476e-01 1.85054e-01 2.79750e-02 -2.82414e-01 1 1 1 15.07937 1 1 1
348 27 2.43005e-01 2.10750e-01 3.17725e-02 -2.76552e-01 1 1 1 15.20145 1 1 1
348 27 2.41208e-01 2.39362e-01 3.59497e-02 -2.69134e-01 1 1 1 15.36619 1 1 1
348 27 2.39044e-01 2.71424e-01 4.05447e-02 -2.59708e-01 1 1 1 15.59431 1 1 2
348 27 2.36499e-01 3.07841e-01 4.55992e-02 -2.47588e-01 1 1 1 15.92463 1 1 2
348 27 2.33577e-01 3.51996e-01 5.11591e-02 -2.31017e-01 1 1 1 16.46354 1 1 2
349 27 2.69828e-01 -1.59255e-03 1.00000e-03 -2.96924e-01 5 5 0 16.14623 5 5 5
349 27 2.69823e-01 -3.34435e-03 2.10000e-03 -2.96903e-01 5 5 0 16.14636 5 5 5
349 27 2.69814e-01 -5.27131e-03 3.31000e-03 -2.96865e-01 5 5 0 16.14662 5 5 5
349 27 2.69799e-01 -7.39095e-03 4.64100e-03 -2.96802e-01 5 5 0 16.14704 5 5 5
349 27 2.69778e-01 -9.72251e-03 6.10510e-03 -2.96710e-01 5 5 0 16.14766 5 5 5
349 27 2.69747e-01 -1.22872e-02 7.71561e-03 -2.96578e-01 5 5 0 16.14853 5 5 5
349 27 2.69706e-01 -1.51082e-02 9.48717e-03 -2.96399e-01 5 5 0 16.14973 5 5 5
349 27 2.69650e-01 -1.82112e-02 1.14359e-02 -2.96158e-01 5 5 0 16.15133 5 5 5
349 27 2.69576e-01 -2.16243e-02 1.35795e-02 -2.95842e-01 5 5 0 16.15344 5 5 5
349 27 2.69481e-01 -2.53784e-02 1.59374e-02 -2.95431e-01 5 5 0 16.15619 5 5 5
349 27 2.69358e-01 -2.95075e-02 1.85312e-02 -2.94904e-01 5 5 0 16.15971 5 5 5
349 27 2.69201e-01 -3.40489e-02 2.13843e-02 -2.94233e-01 5 5 0 16.16420 5 5 5
349 27 2.69002e-01 -3.90436e-02 2.45227e-02 -2.93383e-01 5 5 0 16.16990 5 5 5
349 27 2.68752e-01 -4.45367e-02 2.79750e-02 -2.92315e-01 5 5 0 16.17707 5 5 5
349 27 2.68438e-01 -5.05775e-02 3.17725e-02 -2.90977e-01 5 5 0 16.18607 5 5 5
349 27 2.68045e-01 -5.72202e-02 3.59497e-02 -2.89310e-01 5 5 0 16.19731 5 5 5
349 27 2.67554e-01 -6.45241e-02 4.05447e-02 -2.87240e-01 5 5 0 16.21133 5 5 5
349 27 2.66943e-01 -7.25544e-02 4.55992e-02 -2.84675e-01 5 5 0 16.22877 5 5 5
349 27 2.66184e-01 -8.13822e-02 5.11591e-02 -2.81509e-01 5 5 0 16.25042 5 5 5
349 27 2.65239e-01 -9.10850e-02 5.72750e-02 -2.77607e-01 5 5 0 16.27727 5 5 5
349 27 2.64065e-01 -1.01748e-01 6.40025e-02 -2.72810e-01 5 5 0 16.31055 5 5 5
349 27 2.62603e-01 -1.13463e-01 7.14028e-02 -2.66924e-01 5 5 0 16.35182 5 5 5
349 27 2.60780e-01 -1.26330e-01 7.95430e-02 -2.59715e-01 5 5 0 16.40300 5 5 5
349 27 2.58496e-01 -1.40457e-01 8.84973e-02 -2.50900e-01 5 5 0 16.46657 5 5 5
349 27 2.55620e-01 -1.55961e-01 9.83471e-02 -2.40140e-01 5 5 0 16.54570 5 5 5
349 27 2.51968e-01 -1.72967e-01 1.09182e-01 -2.27027e-01 5 5 0 16.64451 5 5 5
349 27 2.47271e-01 -1.91609e-01 1.21100e-01 -2.11079e-01 5 5 0 16.76842 5 5 5
349 27 2.41117e-01 -2.12031e-01 1.34210e-01 -1.91724e-01 5 5 0 16.92470 5 5 5
349 27 2.32824e-01 -2.34411e-01 1.48631e-01 -1.68300e-01 5 5 0 17.12342 5 5 5
349 27 2.21096e-01 -2.59113e-01 1.64494e-01 -1.40030e-01 5 5 0 17.37929 5 5 5
350 27 3.16165e-01 -1.59100e-03 1.00000e-03 -2.83347e-01 6 6 0 19.72017 6 6 6
350 27 3.16160e-01 -3.34109e-03 2.10000e-03 -2.83327e-01 6 6 0 19.72034 6 6 6
350 27 3.16150e-01 -5.26618e-03 3.31000e-03 -2.83289e-01 6 6 0 19.72066 6 6 6
350 27 3.16134e-01 -7.38376e-03 4.64100e-03 -2.83228e-01 6 6 0 19.72117 6 6 6
350 27 3.16110e-01 -9.71305e-03 6.10510e-03 -2.83137e-01 6 6 0 19.72193 6 6 6
350 27 3.16075e-01 -1.22752e-02 7.71561e-03 -2.83009e-01 6 6 0 19.72301 6 6 6
350 27 3.16029e-01 -1.50935e-02 9.48717e-03 -2.82832e-01 6 6 0 19.72448 6 6 6
350 27 3.15966e-01 -1.81935e-02 1.14359e-02 -2.82597e-01 6 6 0 19.72646 6 6 6
350 27 3.15884e-01 -2.16032e-02 1.35795e-02 -2.82287e-01 6 6 0 19.72906 6 6 6
350 27 3.15777e-01 -2.53537e-02 1.59374e-02 -2.81884e-01 6 6 0 19.73243 6 6 6
350 27 3.15639e-01 -2.94787e-02 1.85312e-02 -2.81368e-01 6 6 0 19.73677 6 6 6
350 27 3.15463e-01 -3.40157e-02 2.13843e-02 -2.80710e-01 6 6 0 19.74231 6 6 6
350 27 3.15240e-01 -3.90055e-02 2.45227e-02 -2.79878e-01 6 6 0 19.74931 6 6 6
350 27 3.14958e-01 -4.44932e-02 2.79750e-02 -2.78831e-01 6 6 0 19.75814 6 6 6
350 27 3.14604e-01 -5.05280e-02 3.17725e-02 -2.77521e-01 6 6 0 19.76922 6 6 6
350 27 3.14160e-01 -5.71641e-02 3.59497e-02 -2.75889e-01 6 6 0 19.78305 6 6 6
350 27 3.13605e-01 -6.44608e-02 4.05447e-02 -2.73862e-01 6 6 0 19.80030 6 6 6
350 27 3.12911e-01 -7.24830e-02 4.55992e-02 -2.71353e-01 6 6 0 19.82174 6 6 6
350 27 3.12044e-01 -8.13018e-02 5.11591e-02 -2.68256e-01 6 6 0 19.84835 6 6 6
350 27 3.10961e-01 -9.09948e-02 5.72750e-02 -2.64443e-01 6 6 0 19.88134 6 6 6
350 27 3.09605e-01 -1.01646e-01 6.40025e-02 -2.59758e-01 6 6 0 19.92221 6 6 6
350 27 3.07904e-01 -1.13349e-01 7.14028e-02 -2.54015e-01 6 6 0 19.97284 6 6 6
350 27 3.05759e-01 -1.26202e-01 7.95430e-02 -2.46990e-01 6 6 0 20.03559 6 6 6
350 27 3.03041e-01 -1.40314e-01 8.84973e-02 -2.38414e-01 6 6 0 20.11347 6 6 6
350 27 2.99563e-01 -1.55800e-01 9.83471e-02 -2.27967e-01 6 6 0 20.21032 6 6 6
350 27 2.95057e-01 -1.72783e-01 1.09182e-01 -2.15274e-01 6 6 0 20.33116 6 6 6
350 27 2.89114e-01 -1.91394e-01 1.21100e-01 -1.99898e-01 6 6 0 20.48261 6 6 6
350 27 2.81069e-01 -2.11766e-01 1.34210e-01 -1.81350e-01 6 6 0 20.67369 6 6 6
350 27 2.69773e-01 -2.34024e-01 1.48631e-01 -1.59105e-01 6 6 0 20.91705 6 6 6
351 27 3.59115e-01 -1.58933e-03 1.00000e-03 -2.68845e-01 7 7 0 23.46536 7 7 7
351 27 3.59110e-01 -3.33759e-03 2.10000e-03 -2.68826e-01 7 7 0 23.46556 7 7 7
351 27 3.59099e-01 -5.26067e-03 3.31000e-03 -2.68789e-01 7 7 0 23.46595 7 7 7
351 27 3.59082e-01 -7.37602e-03 4.64100e-03 -2.68729e-01 7 7 0 23.46657 7 7 7
351 27 3.59056e-01 -9.70288e-03 6.10510e-03 -2.68639e-01 7 7 0 23.46750 7 7 7
351 27 3.59020e-01 -1.22623e-02 7.71561e-03 -2.68513e-01 7 7 0 23.46881 7 7 7
351 27 3.58971e-01 -1.50777e-02 9.48717e-03 -2.68340e-01 7 7 0 23.47061 7 7 7
351 27 3.58905e-01 -1.81744e-02 1.14359e-02 -2.68108e-01 7 7 0 23.47301 7 7 7
351 27 3.58818e-01 -2.15805e-02 1.35795e-02 -2.67803e-01 7 7 0 23.47617 7 7 7
351 27 3.58706e-01 -2.53270e-02 1.59374e-02 -2.67408e-01 7 7 0 23.48028 7 7 7
351 27 3.58562e-01 -2.94476e-02 1.85312e-02 -2.66899e-01 7 7 0 23.48557 7 7 7
351 27 3.58380e-01 -3.39797e-02 2.13843e-02 -2.66251e-01 7 7 0 23.49232 7 7 7
351 27 3.58151e-01 -3.89641e-02 2.45227e-02 -2.65431e-01 7 7 0 23.50087 7 7 7
351 27 3.57864e-01 -4.44458e-02 2.79750e-02 -2.64399e-01 7 7 0 23.51165 7 7 7
351 27 3.57507e-01 -5.04739e-02 3.17725e-02 -2.63106e-01 7 7 0 23.52520 7 7 7
351 27 3.57068e-01 -5.71024e-02 3.59497e-02 -2.61492e-01 7 7 0 23.54216 7 7 7
351 27 3.56529e-01 -6.43906e-02 4.05447e-02 -2.59484e-01 7 7 0 23.56336 7 7 7
351 27 3.55874e-01 -7.24032e-02 4.55992e-02 -2.56993e-01 7 7 0 23.58979 7 7 7
351 27 3.55083e-01 -8.12109e-02 5.11591e-02 -2.53908e-01 7 7 0 23.62274 7 7 7
351 27 3.54139e-01 -9.08909e-02 5.72750e-02 -2.50093e-01 7 7 0 23.66383 7 7 7
351 27 3.53029e-01 -1.01527e-01 6.40025e-02 -2.45383e-01 7 7 0 23.71514 7 7 7
351 27 3.51750e-01 -1.13211e-01 7.14028e-02 -2.39569e-01 7 7 0 23.77942 7 7 7
351 27 3.50326e-01 -1.26040e-01 7.95430e-02 -2.32391e-01 7 7 0 23.86034 7 7 7
351 27 3.48826e-01 -1.40119e-01 8.84973e-02 -2.23518e-01 7 7 0 23.96299 7 7 7
351 27 3.47395e-01 -1.55559e-01 9.83471e-02 -2.12532e-01 7 7 0 24.09456 7 7 7
352 27 3.98597e-01 -1.58762e-03 1.00000e-03 -2.53887e-01 8 8 0 27.39731 8 8 8
352 27 3.98591e-01 -3.33399e-03 2.10000e-03 -2.53868e-01 8 8 0 27.39756 8 8 8
352 27 3.98581e-01 -5.25498e-03 3.31000e-03 -2.53831e-01 8 8 0 27.39803 8 8 8
352 27 3.98564e-01 -7.36803e-03 4.64100e-03 -2.53772e-01 8 8 0 27.39879 8 8 8
352 27 3.98538e-01 -9.69233e-03 6.10510e-03 -2.53684e-01 8 8 0 27.39992 8 8 8
352 27 3.98502e-01 -1.22490e-02 7.71561e-03 -2.53559e-01 8 8 0 27.40152 8 8 8
352 27 3.98453e-01 -1.50611e-02 9.48717e-03 -2.53388e-01 8 8 0 27.40372 8 8 8
352 27 3.98387e-01 -1.81542e-02 1.14359e-02 -2.53159e-01 8 8 0 27.40665 8 8 8
352 27 3.98300e-01 -2.15563e-02 1.35795e-02 -2.52858e-01 8 8 0 27.41052 8 8 8
352 27 3.98187e-01 -2.52982e-02 1.59374e-02 -2.52467e-01 8 8 0 27.41553 8 8 8
352 27 3.98042e-01 -2.94135e-02 1.85312e-02 -2.51965e-01 8 8 0 27.42199 8 8 8
352 27 3.97857e-01 -3.39395e-02 2.13843e-02 -2.51326e-01 8 8 0 27.43021 8 8 8
352 27 3.97624e-01 -3.89167e-02 2.45227e-02 -2.50517e-01 8 8 0 27.44064 8 8 8
352 27 3.97330e-01 -4.43898e-02 2.79750e-02 -2.49500e-01 8 8 0 27.45378 8 8 8
352 27 3.96962e-01 -5.04077e-02 3.17725e-02 -2.48226e-01 8 8 0 27.47028 8 8 8
352 27 3.96504e-01 -5.70238e-02 3.59497e-02 -2.46638e-01 8 8 0 27.49091 8 8 8
352 27 3.95935e-01 -6.42968e-02 4.05447e-02 -2.44665e-01 8 8 0 27.51664 8 8 8
352 27 3.95230e-01 -7.22903e-02 4.55992e-02 -2.42221e-01 8 8 0 27.54867 8 8 8
352 27 3.94359e-01 -8.10740e-02 5.11591e-02 -2.39201e-01 8 8 0 27.58848 8 8 8
352 27 3.93288e-01 -9.07234e-02 5.72750e-02 -2.35478e-01 8 8 0 27.63794 8 8 8
352 27 3.91972e-01 -1.01320e-01 6.40025e-02 -2.30898e-01 8 8 0 27.69936 8 8 8
352 27 3.90360e-01 -1.12953e-01 7.14028e-02 -2.25272e-01 8 8 0 27.77567 8 8 8
352 27 3.88393e-01 -1.25715e-01 7.95430e-02 -2.18371e-01 8 8 0 27.87061 8 8 8
352 27 3.86003e-01 -1.39705e-01 8.84973e-02 -2.09917e-01 8 8 0 27.98900 8 8 8
352 27 3.83121e-01 -1.55024e-01 9.83471e-02 -1.99565e-01 8 8 0 28.13715 8 8 8
352 27 3.79697e-01 -1.71768e-01 1.09182e-01 -1.86893e-01 8 8 0 28.32348 8 8 8
352 27 3.75756e-01 -1.90007e-01 1.21100e-01 -1.71360e-01 8 8 0 28.55967 8 8 8
352 27 3.71584e-01 -2.09692e-01 1.34210e-01 -1.52249e-01 8 8 0 28.86301 8 8 8
352 27 3.67961e-01 -2.30286e-01 1.48631e-01 -1.28664e-01 8 8 0 29.26185 8 8 8
353 27 4.34623e-01 -1.58593e-03 1.00000e-03 -2.38878e-01 9 9 0 31.52499 9 9 9
353 27 4.34618e-01 -3.33045e-03 2.10000e-03 -2.38859e-01 9 9 0 31.52530 9 9 9
353 27 4.34609e-01 -5.24943e-03 3.31000e-03 -2.38822e-01 9 9 0 31.52589 9 9 9
353 27 4.34593e-01 -7.36033e-03 4.64100e-03 -2.38763e-01 9 9 0 31.52684 9 9 9
353 27 4.34570e-01 -9.68234e-03 6.10510e-03 -2.38674e-01 9 9 0 31.52827 9 9 9
353 27 4.34538e-01 -1.22366e-02 7.71561e-03 -2.38549e-01 9 9 0 31.53028 9 9 9
353 27 4.34493e-01 -1.50463e-02 9.48717e-03 -2.38378e-01 9 9 0 31.53303 9 9 9
353 27 4.34433e-01 -1.81371e-02 1.14359e-02 -2.38149e-01 9 9 0 31.53672 9 9 9
353 27 4.34355e-01 -2.15371e-02 1.35795e-02 -2.37847e-01 9 9 0 31.54158 9 9 9
353 27 4.34253e-01 -2.52772e-02 1.59374e-02 -2.37456e-01 9 9 0 31.54789 9 9 9
353 27 4.34122e-01 -2.93916e-02 1.85312e-02 -2.36954e-01 9 9 0 31.55601 9 9 9
353 27 4.33954e-01 -3.39178e-02 2.13843e-02 -2.36313e-01 9 9 0 31.56637 9 9 9
353 27 4.33743e-01 -3.88972e-02 2.45227e-02 -2.35504e-01 9 9 0 31.57950 9 9 9
353 27 4.33476e-01 -4.43751e-02 2.79750e-02 -2.34485e-01 9 9 0 31.59606 9 9 9
353 27 4.33142e-01 -5.04018e-02 3.17725e-02 -2.33210e-01 9 9 0 31.61686 9 9 9
353 27 4.32724e-01 -5.70326e-02 3.59497e-02 -2.31620e-01 9 9 0 31.64292 9 9 9
353 27 4.32204e-01 -6.43282e-02 4.05447e-02 -2.29645e-01 9 9 0 31.67546 9 9 9
353 27 4.31558e-01 -7.23560e-02 4.55992e-02 -2.27198e-01 9 9 0 31.71604 9 9 9
353 27 4.30756e-01 -8.11901e-02 5.11591e-02 -2.24176e-01 9 9 0 31.76660 9 9 9
353 27 4.29762e-01 -9.09126e-02 5.72750e-02 -2.20451e-01 9 9 0 31.82957 9 9 9
353 27 4.28531e-01 -1.01614e-01 6.40025e-02 -2.15869e-01 9 9 0 31.90804 9 9 9
353 27 4.27005e-01 -1.13395e-01 7.14028e-02 -2.10246e-01 9 9 0 32.00592 9 9 9
353 27 4.25109e-01 -1.26367e-01 7.95430e-02 -2.03355e-01 9 9 0 32.12828 9 9 9
353 27 4.22744e-01 -1.40654e-01 8.84973e-02 -1.94926e-01 9 9 0 32.28168 9 9 9
353 27 4.19774e-01 -1.56392e-01 9.83471e-02 -1.84638e-01 9 9 0 32.47465 9 9 9
353 27 4.15999e-01 -1.73729e-01 1.09182e-01 -1.72112e-01 9 9 0 32.71827 9 9 9
353 27 4.11104e-01 -1.92823e-01 1.21100e-01 -1.56914e-01 9 9 0 33.02645 9 9 9
353 27 4.04562e-01 -2.13823e-01 1.34210e-01 -1.38576e-01 9 9 0 33.41491 9 9 9
354 27 4.52613e-01 7.56833e-03 1.00000e-03 -2.30870e-01 2 2 1 33.83204 2 2 3
354 27 4.52556e-01 1.58939e-02 2.10000e-03 -2.30781e-01 2 2 1 33.83640 2 2 3
354 27 4.52446e-01 2.50531e-02 3.31000e-03 -2.30611e-01 2 2 1 33.84480 2 2 3
354 27 4.52268e-01 3.51303e-02 4.64100e-03 -2.30336e-01 2 2 1 33.85841 2 2 3
354 27 4.52003e-01 4.62188e-02 6.10510e-03 -2.29926e-01 2 2 1 33.87874 2 2 3
354 27 4.51629e-01 5.84220e-02 7.71561e-03 -2.29345e-01 2 2 1 33.90769 2 2 3
354 27 4.51117e-01 7.18551e-02 9.48717e-03 -2.28549e-01 2 2 1 33.94771 2 2 3
354 27 4.50433e-01 8.66467e-02 1.14359e-02 -2.27481e-01 2 2 1 34.00194 2 2 3
354 27 4.49535e-01 1.02942e-01 1.35795e-02 -2.26072e-01 2 2 1 34.07450 2 2 3
354 27 4.48373e-01 1.20905e-01 1.59374e-02 -2.24235e-01 2 2 1 34.17087 2 2 3
354 27 4.46885e-01 1.40730e-01 1.85312e-02 -2.21861e-01 2 2 1 34.29853 2 2 3
354 27 4.44996e-01 1.62647e-01 2.13843e-02 -2.18809e-01 2 2 1 34.46797 2 2 3
354 27 4.42616e-01 1.86952e-01 2.45227e-02 -2.14896e-01 2 2 1 34.69457 2 2 3
354 27 4.39632e-01 2.14071e-01 2.79750e-02 -2.09869e-01 2 2 1 35.00240 2 2 3
354 27 4.35881e-01 2.44808e-01 3.17725e-02 -2.03324e-01 2 2 1 35.43433 2 2 5
354 27 4.30861e-01 2.82603e-01 3.59497e-02 -1.94119e-01 2 2 1 36.11089 2 2 5
355 27 4.67254e-01 -1.58433e-03 1.00000e-03 -2.24164e-01 10 10 0 35.84611 10 10 10
355 27 4.67250e-01 -3.32709e-03 2.10000e-03 -2.24144e-01 10 10 0 35.84653 10 10 10
355 27 4.67244e-01 -5.24408e-03 3.31000e-03 -2.24106e-01 10 10 0 35.84732 10 10 10
355 27 4.67233e-01 -7.35270e-03 4.64100e-03 -2.24045e-01 10 10 0 35.84861 10 10 10
355 27 4.67217e-01 -9.67207e-03 6.10510e-03 -2.23954e-01 10 10 0 35.85053 10 10 10
355 27 4.67195e-01 -1.22232e-02 7.71561e-03 -2.23826e-01 10 10 0 35.85323 10 10 10
355 27 4.67164e-01 -1.50291e-02 9.48717e-03 -2.23649e-01 10 10 0 35.85695 10 10 10
355 27 4.67122e-01 -1.81153e-02 1.14359e-02 -2.23414e-01 10 10 0 35.86192 10 10 10
355 27 4.67068e-01 -2.15094e-02 1.35795e-02 -2.23104e-01 10 10 0 35.86846 10 10 10
355 27 4.66997e-01 -2.52421e-02 1.59374e-02 -2.22702e-01 10 10 0 35.87695 10 10 10
355 27 4.66906e-01 -2.93467e-02 1.85312e-02 -2.22185e-01 10 10 0 35.88788 10 10 10
355 27 4.66789e-01 -3.38601e-02 2.13843e-02 -2.21527e-01 10 10 0 35.90183 10 10 10
355 27 4.66642e-01 -3.88224e-02 2.45227e-02 -2.20696e-01 10 10 0 35.91951 10 10 10
355 27 4.66456e-01 -4.42775e-02 2.79750e-02 -2.19649e-01 10 10 0 35.94181 10 10 10
355 27 4.66222e-01 -5.02735e-02 3.17725e-02 -2.18341e-01 10 10 0 35.96983 10 10 10
355 27 4.65929e-01 -5.68625e-02 3.59497e-02 -2.16710e-01 10 10 0 36.00490 10 10 10
355 27 4.65562e-01 -6.41015e-02 4.05447e-02 -2.14686e-01 10 10 0 36.04871 10 10 10
355 27 4.65102e-01 -7.20524e-02 4.55992e-02 -2.12181e-01 10 10 0 36.10331 10 10 10
355 27 4.64527e-01 -8.07818e-02 5.11591e-02 -2.09092e-01 10 10 0 36.17129 10 10 10
355 27 4.63803e-01 -9.03621e-02 5.72750e-02 -2.05292e-01 10 10 0 36.25584 10 10 10
355 27 4.62886e-01 -1.00871e-01 6.40025e-02 -2.00632e-01 10 10 0 36.36094 10 10 10
355 27 4.61711e-01 -1.12395e-01 7.14028e-02 -1.94937e-01 10 10 0 36.49155 10 10 10
355 27 4.60174e-01 -1.25033e-01 7.95430e-02 -1.88001e-01 10 10 0 36.65371 10 10 10
355 27 4.58095e-01 -1.38920e-01 8.84973e-02 -1.79600e-01 10 10 0 36.85464 10 10 10
355 27 4.55120e-01 -1.54314e-01 9.83471e-02 -1.69499e-01 10 10 0 37.10250 10 10 10
355 27 4.50466e-01 -1.71878e-01 1.09182e-01 -1.57499e-01 10 10 0 37.40575 10 10 10
355 27 4.42344e-01 -1.93269e-01 1.21100e-01 -1.43497e-01 10 10 0 37.77292 10 10 10
356 27 4.96503e-01 -1.58293e-03 1.00000e-03 -2.10070e-01 11 11 0 40.33156 11 11 11
356 27 4.96503e-01 -3.32415e-03 2.10000e-03 -2.10048e-01 11 11 0 40.33221 11 11 11
356 27 4.96504e-01 -5.23947e-03 3.31000e-03 -2.10007e-01 11 11 0 40.33347 11 11 11
356 27 4.96506e-01 -7.34629e-03 4.64100e-03 -2.09940e-01 11 11 0 40.33550 11 11 11
356 27 4.96509e-01 -9.66372e-03 6.10510e-03 -2.09840e-01 11 11 0 40.33853 11 11 11
356 27 4.96512e-01 -1.22128e-02 7.71561e-03 -2.09699e-01 11 11 0 40.34281 11 11 11
356 27 4.96517e-01 -1.50166e-02 9.48717e-03 -2.09506e-01 11 11 0 40.34868 11 11 11
356 27 4.96524e-01 -1.81006e-02 1.14359e-02 -2.09248e-01 11 11 0 40.35654 11 11 11
356 27 4.96533e-01 -2.14927e-02 1.35795e-02 -2.08908e-01 11 11 0 40.36689 11 11 11
356 27 4.96544e-01 -2.52235e-02 1.59374e-02 -2.08467e-01 11 11 0 40.38036 11 11 11
356 27 4.96558e-01 -2.93267e-02 1.85312e-02 -2.07901e-01 11 11 0 40.39771 11 11 11
356 27 4.96576e-01 -3.38392e-02 2.13843e-02 -2.07181e-01 11 11 0 40.41989 11 11 11
356 27 4.96598e-01 -3.88016e-02 2.45227e-02 -2.06269e-01 11 11 0 40.44807 11 11 11
356 27 4.96624e-01 -4.42581e-02 2.79750e-02 -2.05123e-01 11 11 0 40.48370 11 11 11
356 27 4.96655e-01 -5.02573e-02 3.17725e-02 -2.03690e-01 11 11 0 40.52861 11 11 11
356 27 4.96691e-01 -5.68522e-02 3.59497e-02 -2.01904e-01 11 11 0 40.58505 11 11 11
356 27 4.96729e-01 -6.41004e-02 4.05447e-02 -1.99690e-01 11 11 0 40.65586 11 11 11
356 27 4.96765e-01 -7.20642e-02 4.55992e-02 -1.96953e-01 11 11 0 40.74457 11 11 11
356 27 4.96787e-01 -8.08108e-02 5.11591e-02 -1.93583e-01 11 11 0 40.85557 11 11 11
356 27 4.96774e-01 -9.04117e-02 5.72750e-02 -1.89452e-01 11 11 0 40.99430 11 11 11
356 27 4.96681e-01 -1.00942e-01 6.40025e-02 -1.84411e-01 11 11 0 41.16730 11 11 11
356 27 4.96418e-01 -1.12478e-01 7.14028e-02 -1.78301e-01 11 11 0 41.38204 11 11 11
356 27 4.95814e-01 -1.25096e-01 7.95430e-02 -1.70958e-01 11 11 0 41.64610 11 11 11
356 27 4.94545e-01 -1.38867e-01 8.84973e-02 -1.62245e-01 11 11 0 41.96521 11 11 11
356 27 4.92042e-01 -1.53834e-01 9.83471e-02 -1.52087e-01 11 11 0 42.33972 11 11 11
356 27 4.87572e-01 -1.69826e-01 1.09182e-01 -1.40446e-01 11 11 0 42.76412 11 11 11
356 27 4.77887e-01 -1.89620e-01 1.21100e-01 -1.27842e-01 11 11 0 43.20421 11 11 11
357 27 5.22041e-01 -1.58183e-03 1.00000e-03 -1.97064e-01 12 12 0 44.85721 12 12 12
357 27 5.22055e-01 -3.32183e-03 2.10000e-03 -1.97035e-01 12 12 0 44.85875 12 12 12
357 27 5.22083e-01 -5.23582e-03 3.31000e-03 -1.96979e-01 12 12 0 44.86172 12 12 12
357 27 5.22128e-01 -7.34116e-03 4.64100e-03 -1.96890e-01 12 12 0 44.86652 12 12 12
357 27 5.22195e-01 -9.65698e-03 6.10510e-03 -1.96756e-01 12 12 0 44.87367 12 12 12
357 27 5.22290e-01 -1.22043e-02 7.71561e-03 -1.96568e-01 12 12 0 44.88383 12 12 12
357 27 5.22421e-01 -1.50062e-02 9.48717e-03 -1.96309e-01 12 12 0 44.89779 12 12 12
357 27 5.22596e-01 -1.80880e-02 1.14359e-02 -1.95962e-01 12 12 0 44.91660 12 12 12
357 27 5.22828e-01 -2.14778e-02 1.35795e-02 -1.95506e-01 12 12 0 44.94152 12 12 12
357 27 5.23130e-01 -2.52060e-02 1.59374e-02 -1.94913e-01 12 12 0 44.97421 12 12 12
357 27 5.23521e-01 -2.93064e-02 1.85312e-02 -1.94150e-01 12 12 0 45.01677 12 12 12
357 27 5.24022e-01 -3.38159e-02 2.13843e-02 -1.93176e-01 12 12 0 45.07187 12 12 12
357 27 5.24661e-01 -3.87751e-02 2.45227e-02 -1.91940e-01 12 12 0 45.14300 12 12 12
357 27 5.25468e-01 -4.42282e-02 2.79750e-02 -1.90384e-01 12 12 0 45.23465 12 12 12
357 27 5.26479e-01 -5.02239e-02 3.17725e-02 -1.88434e-01 12 12 0 45.35260 12 12 12
357 27 5.27727e-01 -5.68147e-02 3.59497e-02 -1.86009e-01 12 12 0 45.50408 12 12 12
357 27 5.29228e-01 -6.40572e-02 4.05447e-02 -1.83021e-01 12 12 0 45.69755 12 12 12
357 27 5.30950e-01 -7.20106e-02 4.55992e-02 -1.79390e-01 12 12 0 45.94156 12 12 12
357 27 5.32770e-01 -8.07349e-02 5.11591e-02 -1.75066e-01 12 12 0 46.24163 12 12 12
357 27 5.34418e-01 -9.02880e-02 5.72750e-02 -1.70054e-01 12 12 0 46.59556 12 12 12
357 27 5.35481e-01 -1.00726e-01 6.40025e-02 -1.64409e-01 12 12 0 46.99042 12 12 12
357 27 5.35487e-01 -1.12107e-01 7.14028e-02 -1.58185e-01 12 12 0 47.40574 12 12 12
357 27 5.33993e-01 -1.24503e-01 7.95430e-02 -1.51373e-01 12 12 0 47.82154 12 12 12
357 27 5.30618e-01 -1.38000e-01 8.84973e-02 -1.43875e-01 12 12 0 48.22401 12 12 12
358 27 5.41369e-01 -1.58117e-03 1.00000e-03 -1.86787e-01 13 13 0 48.75216 13 13 13
358 27 5.41552e-01 -3.32045e-03 2.10000e-03 -1.86667e-01 13 13 0 48.76687 13 13 13
358 27 5.41918e-01 -5.23361e-03 3.31000e-03 -1.86427e-01 13 13 0 48.79678 13 13 13
358 27 5.42562e-01 -7.33800e-03 4.64100e-03 -1.86012e-01 13 13 0 48.85065 13 13 13
358 27 5.43675e-01 -9.65266e-03 6.10510e-03 -1.85309e-01 13 13 0 48.94778 13 13 13
358 27 5.45782e-01 -1.21985e-02 7.71561e-03 -1.84022e-01 13 13 0 49.14598 13 13 13
358 27 5.51541e-01 -1.49980e-02 9.48717e-03 -1.80672e-01 13 13 0 49.78962 13 13 13
358 27 5.61219e-01 -1.80783e-02 1.14359e-02 -1.75032e-01 13 13 0 51.16989 13 13 13
358 27 5.65673e-01 -2.14713e-02 1.35795e-02 -1.72188e-01 13 13 0 51.91385 13 13 13
358 27 5.68331e-01 -2.52066e-02 1.59374e-02 -1.70246e-01 13 13 0 52.40457 13 13 13
358 27 5.70091e-01 -2.93174e-02 1.85312e-02 -1.68684e-01 13 13 0 52.77246 13 13 13
358 27 5.71251e-01 -3.38406e-02 2.13843e-02 -1.67310e-01 13 13 0 53.06635 13 13 13
358 27 5.71935e-01 -3.88173e-02 2.45227e-02 -1.66018e-01 13 13 0 53.31077 13 13 13
358 27 5.72192e-01 -4.42929e-02 2.79750e-02 -1.64738e-01 13 13 0 53.52023 13 13 13
358 27 5.72033e-01 -5.03176e-02 3.17725e-02 -1.63409e-01 13 13 0 53.70425 13 13 13
358 27 5.71444e-01 -5.69469e-02 3.59497e-02 -1.61976e-01 13 13 0 53.86953 13 13 13
358 27 5.70387e-01 -6.42421e-02 4.05447e-02 -1.60380e-01 13 13 0 54.02107 13 13 13
358 27 5.68808e-01 -7.22713e-02 4.55992e-02 -1.58554e-01 13 13 0 54.16269 13 13 13
359 27 5.97029e-01 -1.58202e-03 1.00000e-03 -1.55105e-01 15 15 0 63.28476 15 15 15
359 27 5.97009e-01 -3.32224e-03 2.10000e-03 -1.55096e-01 15 15 0 63.28535 15 15 15
359 27 5.96970e-01 -5.23646e-03 3.31000e-03 -1.55078e-01 15 15 0 63.28646 15 15 15
359 27 5.96906e-01 -7.34207e-03 4.64100e-03 -1.55050e-01 15 15 0 63.28827 15 15 15
359 27 5.96812e-01 -9.65819e-03 6.10510e-03 -1.55008e-01 15 15 0 63.29095 15 15 15
359 27 5.96679e-01 -1.22058e-02 7.71561e-03 -1.54948e-01 15 15 0 63.29475 15 15 15
359 27 5.96496e-01 -1.50081e-02 9.48717e-03 -1.54867e-01 15 15 0 63.29995 15 15 15
359 27 5.96252e-01 -1.80904e-02 1.14359e-02 -1.54757e-01 15 15 0 63.30690 15 15 15
359 27 5.95931e-01 -2.14807e-02 1.35795e-02 -1.54614e-01 15 15 0 63.31603 15 15 15
359 27 5.95515e-01 -2.52096e-02 1.59374e-02 -1.54427e-01 15 15 0 63.32786 15 15 15
359 27 5.94980e-01 -2.93108e-02 1.85312e-02 -1.54186e-01 15 15 0 63.34304 15 15 15
359 27 5.94299e-01 -3.38214e-02 2.13843e-02 -1.53879e-01 15 15 0 63.36233 15 15 15
359 27 5.93439e-01 -3.87823e-02 2.45227e-02 -1.53490e-01 15 15 0 63.38668 15 15 15
359 27 5.92357e-01 -4.42382e-02 2.79750e-02 -1.52998e-01 15 15 0 63.41720 15 15 15
359 27 5.91004e-01 -5.02389e-02 3.17725e-02 -1.52381e-01 15 15 0 63.45524 15 15 15
359 27 5.89319e-01 -5.68397e-02 3.59497e-02 -1.51607e-01 15 15 0 63.50240 15 15 15
359 27 5.87230e-01 -6.41032e-02 4.05447e-02 -1.50640e-01 15 15 0 63.56055 15 15 15
359 27 5.84646e-01 -7.21018e-02 4.55992e-02 -1.49432e-01 15 15 0 63.63190 15 15 15
359 27 5.81460e-01 -8.09232e-02 5.11591e-02 -1.47925e-01 15 15 0 63.71895 15 15 15
359 27 5.77540e-01 -9.06811e-02 5.72750e-02 -1.46043e-01 15 15 0 63.82452 15 15 15
359 27 5.72725e-01 -1.01537e-01 6.40025e-02 -1.43690e-01 15 15 0 63.95171 15 15 15
359 27 5.66808e-01 -1.13747e-01 7.14028e-02 -1.40737e-01 15 15 0 64.10381 15 15 15
359 27 5.59510e-01 -1.27773e-01 7.95430e-02 -1.37009e-01 15 15 0 64.28435 15 15 15
359 27 5.50404e-01 -1.44557e-01 8.84973e-02 -1.32254e-01 15 15 0 64.49761 15 15 15
359 27 5.38668e-01 -1.66437e-01 9.83471e-02 -1.26041e-01 15 15 0 64.75163 15 15 15
360 27 6.13421e-01 -1.58436e-03 1.00000e-03 -1.45184e-01 16 16 0 68.88910 16 16 16
360 27 6.13402e-01 -3.32715e-03 2.10000e-03 -1.45175e-01 16 16 0 68.88950 16 16 16
360 27 6.13365e-01 -5.24419e-03 3.31000e-03 -1.45157e-01 16 16 0 68.89028 16 16 16
360 27 6.13305e-01 -7.35288e-03 4.64100e-03 -1.45127e-01 16 16 0 68.89153 16 16 16
360 27 6.13216e-01 -9.67236e-03 6.10510e-03 -1.45084e-01 16 16 0 68.89339 16 16 16
360 27 6.13089e-01 -1.22236e-02 7.71561e-03 -1.45022e-01 16 16 0 68.89603 16 16 16
360 27 6.12917e-01 -1.50299e-02 9.48717e-03 -1.44937e-01 16 16 0 68.89963 16 16 16
360 27 6.12686e-01 -1.81164e-02 1.14359e-02 -1.44824e-01 16 16 0 68.90446 16 16 16
360 27 6.12382e-01 -2.15111e-02 1.35795e-02 -1.44674e-01 16 16 0 68.91080 16 16 16
360 27 6.11987e-01 -2.52446e-02 1.59374e-02 -1.44481e-01 16 16 0 68.91903 16 16 16
360 27 6.11480e-01 -2.93506e-02 1.85312e-02 -1.44232e-01 16 16 0 68.92960 16 16 16
360 27 6.10833e-01 -3.38658e-02 2.13843e-02 -1.43915e-01 16 16 0 68.94306 16 16 16
360 27 6.10015e-01 -3.88307e-02 2.45227e-02 -1.43513e-01 16 16 0 68.96008 16 16 16
360 27 6.08986e-01 -4.42894e-02 2.79750e-02 -1.43008e-01 16 16 0 68.98147 16 16 16
360 27 6.07696e-01 -5.02904e-02 3.17725e-02 -1.42374e-01 16 16 0 69.00823 16 16 16
360 27 6.06085e-01 -5.68862e-02 3.59497e-02 -1.41584e-01 16 16 0 69.04156 16 16 16
360 27 6.04083e-01 -6.41344e-02 4.05447e-02 -1.40599e-01 16 16 0 69.08290 16 16 16
360 27 6.01598e-01 -7.20972e-02 4.55992e-02 -1.39378e-01 16 16 0 69.13402 16 16 16
360 27 5.98523e-01 -8.08419e-02 5.11591e-02 -1.37865e-01 16 16 0 69.19700 16 16 16
360 27 5.94724e-01 -9.04405e-02 5.72750e-02 -1.35993e-01 16 16 0 69.27436 16 16 16
360 27 5.90041e-01 -1.00970e-01 6.40025e-02 -1.33680e-01 16 16 0 69.36908 16 16 16
360 27 5.84273e-01 -1.12509e-01 7.14028e-02 -1.30825e-01 16 16 0 69.48463 16 16 16
360 27 5.77183e-01 -1.25141e-01 7.95430e-02 -1.27298e-01 16 16 0 69.62505 16 16 16
360 27 5.68480e-01 -1.38946e-01 8.84973e-02 -1.22937e-01 16 16 0 69.79490 16 16 16
360 27 5.57827e-01 -1.54008e-01 9.83471e-02 -1.17528e-01 16 16 0 69.99937 16 16 16
360 27 5.44849e-01 -1.70470e-01 1.09182e-01 -1.10770e-01 16 16 0 70.24480 16 16 16
360 27 5.28963e-01 -1.89179e-01 1.21100e-01 -1.02212e-01 16 16 0 70.54358 16 16 16
361 27 6.28914e-01 -1.58896e-03 1.00000e-03 -1.35561e-01 17 17 0 74.98606 17 17 17
361 27 6.28895e-01 -3.33688e-03 2.10000e-03 -1.35551e-01 17 17 0 74.98641 17 17 17
361 27 6.28859e-01 -5.25973e-03 3.31000e-03 -1.35533e-01 17 17 0 74.98709 17 17 17
361 27 6.28802e-01 -7.37514e-03 4.64100e-03 -1.35503e-01 17 17 0 74.98819 17 17 17
361 27 6.28716e-01 -9.70256e-03 6.10510e-03 -1.35458e-01 17 17 0 74.98982 17 17 17
361 27 6.28595e-01 -1.22635e-02 7.71561e-03 -1.35395e-01 17 17 0 74.99213 17 17 17
361 27 6.28429e-01 -1.50816e-02 9.48717e-03 -1.35308e-01 17 17 0 74.99529 17 17 17
361 27 6.28206e-01 -1.81832e-02 1.14359e-02 -1.35192e-01 17 17 0 74.99952 17 17 17
361 27 6.27914e-01 -2.15975e-02 1.35795e-02 -1.35040e-01 17 17 0 75.00508 17 17 17
361 27 6.27534e-01 -2.53567e-02 1.59374e-02 -1.34842e-01 17 17 0 75.01230 17 17 17
361 27 6.27045e-01 -2.94970e-02 1.85312e-02 -1.34588e-01 17 17 0 75.02157 17 17 17
361 27 6.26422e-01 -3.40585e-02 2.13843e-02 -1.34265e-01 17 17 0 75.03339 17 17 17
361 27 6.25632e-01 -3.90862e-02 2.45227e-02 -1.33855e-01 17 17 0 75.04834 17 17 17
361 27 6.24637e-01 -4.46310e-02 2.79750e-02 -1.33339e-01 17 17 0 75.06715 17 17 17
361 27 6.23387e-01 -5.07500e-02 3.17725e-02 -1.32693e-01 17 17 0 75.09071 17 17 17
361 27 6.21823e-01 -5.75086e-02 3.59497e-02 -1.31886e-01 17 17 0 75.12009 17 17 17
361 27 6.19872e-01 -6.49819e-02 4.05447e-02 -1.30882e-01 17 17 0 75.15663 17 17 17
361 27 6.17443e-01 -7.32566e-02 4.55992e-02 -1.29636e-01 17 17 0 75.20192 17 17 17
361 27 6.14422e-01 -8.24349e-02 5.11591e-02 -1.28092e-01 17 17 0 75.25796 17 17 17
361 27 6.10668e-01 -9.26390e-02 5.72750e-02 -1.26182e-01 17 17 0 75.32717 17 17 17
361 27 6.06006e-01 -1.04018e-01 6.40025e-02 -1.23820e-01 17 17 0 75.41257 17 17 17
361 27 6.00212e-01 -1.16761e-01 7.14028e-02 -1.20898e-01 17 17 0 75.51798 17 17 17
361 27 5.93008e-01 -1.31122e-01 7.95430e-02 -1.17272e-01 17 17 0 75.64835 17 17 17
361 27 5.84043e-01 -1.47473e-01 8.84973e-02 -1.12747e-01 17 17 0 75.81070 17 17 17
361 27 5.72878e-01 -1.66456e-01 9.83471e-02 -1.07024e-01 17 17 0 76.01652 17 17 17
361 27 5.58957e-01 -1.89354e-01 1.09182e-01 -9.95859e-02 17 17 0 76.28938 17 17 17
362 27 6.43141e-01 -1.59734e-03 1.00000e-03 -1.26512e-01 18 18 0 81.44208 18 18 18
362 27 6.43123e-01 -3.35442e-03 2.10000e-03 -1.26502e-01 18 18 0 81.44243 18 18 18
362 27 6.43088e-01 -5.28722e-03 3.31000e-03 -1.26483e-01 18 18 0 81.44309 18 18 18
362 27 6.43032e-01 -7.41332e-03 4.64100e-03 -1.26453e-01 18 18 0 81.44417 18 18 18
362 27 6.42949e-01 -9.75207e-03 6.10510e-03 -1.26408e-01 18 18 0 81.44577 18 18 18
362 27 6.42831e-01 -1.23248e-02 7.71561e-03 -1.26344e-01 18 18 0 81.44804 18 18 18
362 27 6.42669e-01 -1.51548e-02 9.48717e-03 -1.26257e-01 18 18 0 81.45115 18 18 18
362 27 6.42453e-01 -1.82680e-02 1.14359e-02 -1.26140e-01 18 18 0 81.45530 18 18 18
362 27 6.42169e-01 -2.16926e-02 1.35795e-02 -1.25986e-01 18 18 0 81.46077 18 18 18
362 27 6.41799e-01 -2.54600e-02 1.59374e-02 -1.25786e-01 18 18 0 81.46787 18 18 18
362 27 6.41324e-01 -2.96046e-02 1.85312e-02 -1.25530e-01 18 18 0 81.47700 18 18 18
362 27 6.40718e-01 -3.41642e-02 2.13843e-02 -1.25203e-01 18 18 0 81.48863 18 18 18
362 27 6.39951e-01 -3.91805e-02 2.45227e-02 -1.24790e-01 18 18 0 81.50335 18 18 18
362 27 6.38985e-01 -4.46995e-02 2.79750e-02 -1.24270e-01 18 18 0 81.52190 18 18 18
362 27 6.37773e-01 -5.07720e-02 3.17725e-02 -1.23620e-01 18 18 0 81.54514 18 18 18
362 27 6.36258e-01 -5.74539e-02 3.59497e-02 -1.22809e-01 18 18 0 81.57418 18 18 18
362 27 6.34371e-01 -6.48070e-02 4.05447e-02 -1.21801e-01 18 18 0 81.61034 18 18 18
362 27 6.32024e-01 -7.28996e-02 4.55992e-02 -1.20552e-01 18 18 0 81.65525 18 18 18
362 27 6.29112e-01 -8.18075e-02 5.11591e-02 -1.19010e-01 18 18 0 81.71096 18 18 18
362 27 6.25501e-01 -9.16145e-02 5.72750e-02 -1.17109e-01 18 18 0 81.77997 18 18 18
362 27 6.21028e-01 -1.02414e-01 6.40025e-02 -1.14770e-01 18 18 0 81.86542 18 18 18
362 27 6.15486e-01 -1.14311e-01 7.14028e-02 -1.11896e-01 18 18 0 81.97127 18 18 18
362 27 6.08617e-01 -1.27423e-01 7.95430e-02 -1.08372e-01 18 18 0 82.10255 18 18 18
362 27 6.00090e-01 -1.41882e-01 8.84973e-02 -1.04055e-01 18 18 0 82.26586 18 18 18
362 27 5.89484e-01 -1.57841e-01 9.83471e-02 -9.87702e-02 18 18 0 82.46990 18 18 18
362 27 5.76248e-01 -1.75478e-01 1.09182e-01 -9.23029e-02 18 18 0 82.72661 18 18 18
363 27 6.56096e-01 -1.61277e-03 1.00000e-03 -1.18096e-01 19 19 0 88.21335 19 19 19
363 27 6.56078e-01 -3.38684e-03 2.10000e-03 -1.18086e-01 19 19 0 88.21371 19 19 19
363 27 6.56044e-01 -5.33836e-03 3.31000e-03 -1.18067e-01 19 19 0 88.21441 19 19 19
363 27 6.55989e-01 -7.48511e-03 4.64100e-03 -1.18037e-01 19 19 0 88.21554 19 19 19
363 27 6.55907e-01 -9.84669e-03 6.10510e-03 -1.17991e-01 19 19 0 88.21722 19 19 19
363 27 6.55791e-01 -1.24447e-02 7.71561e-03 -1.17927e-01 19 19 0 88.21960 19 19 19
363 27 6.55633e-01 -1.53028e-02 9.48717e-03 -1.17839e-01 19 19 0 88.22285 19 19 19
363 27 6.55420e-01 -1.84473e-02 1.14359e-02 -1.17721e-01 19 19 0 88.22720 19 19 19
363 27 6.55141e-01 -2.19070e-02 1.35795e-02 -1.17566e-01 19 19 0 88.23292 19 19 19
363 27 6.54778e-01 -2.57138e-02 1.59374e-02 -1.17366e-01 19 19 0 88.24033 19 19 19
363 27 6.54311e-01 -2.99030e-02 1.85312e-02 -1.17108e-01 19 19 0 88.24984 19 19 19
363 27 6.53716e-01 -3.45134e-02 2.13843e-02 -1.16779e-01 19 19 0 88.26193 19 19 19
363 27 6.52961e-01 -3.95881e-02 2.45227e-02 -1.16364e-01 19 19 0 88.27720 19 19 19
363 27 6.52010e-01 -4.51751e-02 2.79750e-02 -1.15842e-01 19 19 0 88.29636 19 19 19
363 27 6.50815e-01 -5.13276e-02 3.17725e-02 -1.15189e-01 19 19 0 88.32027 19 19 19
363 27 6.49320e-01 -5.81049e-02 3.59497e-02 -1.14375e-01 19 19 0 88.34998 19 19 19
363 27 6.47453e-01 -6.55738e-02 4.05447e-02 -1.13366e-01 19 19 0 88.38672 19 19 19
363 27 6.45128e-01 -7.38095e-02 4.55992e-02 -1.12118e-01 19 19 0 88.43197 19 19 19
363 27 6.42232e-01 -8.28980e-02 5.11591e-02 -1.10580e-01 19 19 0 88.48751 19 19 19
363 27 6.38628e-01 -9.29386e-02 5.72750e-02 -1.08690e-01 19 19 0 88.55543 19 19 19
363 27 6.34137e-01 -1.04049e-01 6.40025e-02 -1.06374e-01 19 19 0 88.63822 19 19 19
363 27 6.28530e-01 -1.16371e-01 7.14028e-02 -1.03545e-01 19 19 0 88.73885 19 19 19
363 27 6.21500e-01 -1.30087e-01 7.95430e-02 -1.00105e-01 19 19 0 88.86096 19 19 19
363 27 6.12621e-01 -1.45449e-01 8.84973e-02 -9.59443e-02 19 19 0 89.00918 19 19 19
363 27 6.01266e-01 -1.62856e-01 9.83471e-02 -9.09511e-02 19 19 0 89.19038 19 19 19
363 27 5.86450e-01 -1.83081e-01 1.09182e-01 -8.50091e-02 19 19 0 89.41902 19 19 19
364 27 6.67847e-01 -1.64322e-03 1.00000e-03 -1.10317e-01 20 20 0 95.27327 20 20 20
364 27 6.67829e-01 -3.45075e-03 2.10000e-03 -1.10307e-01 20 20 0 95.27367 20 20 20
364 27 6.67796e-01 -5.43900e-03 3.31000e-03 -1.10288e-01 20 20 0 95.27444 20 20 20
364 27 6.67741e-01 -7.62603e-03 4.64100e-03 -1.10257e-01 20 20 0 95.27569 20 20 20
364 27 6.67660e-01 -1.00317e-02 6.10510e-03 -1.10212e-01 20 20 0 95.27754 20 20 20
364 27 6.67546e-01 -1.26777e-02 7.71561e-03 -1.10147e-01 20 20 0 95.28016 20 20 20
364 27 6.67389e-01 -1.55882e-02 9.48717e-03 -1.10058e-01 20 20 0 95.28374 20 20 20
364 27 6.67179e-01 -1.87894e-02 1.14359e-02 -1.09939e-01 20 20 0 95.28852 20 20 20
364 27 6.66902e-01 -2.23102e-02 1.35795e-02 -1.09783e-01 20 20 0 95.29479 20 20 20
364 27 6.66542e-01 -2.61824e-02 1.59374e-02 -1.09581e-01 20 20 0 95.30289 20 20 20
364 27 6.66079e-01 -3.04407e-02 1.85312e-02 -1.09323e-01 20 20 0 95.31327 20 20 20
364 27 6.65486e-01 -3.51232e-02 2.13843e-02 -1.08994e-01 20 20 0 95.32641 20 20 20
364 27 6.64734e-01 -4.02717e-02 2.45227e-02 -1.08580e-01 20 20 0 95.34294 20 20 20
364 27 6.63783e-01 -4.59315e-02 2.79750e-02 -1.08062e-01 20 20 0 95.36360 20 20 20
364 27 6.62584e-01 -5.21519e-02 3.17725e-02 -1.07417e-01 20 20 0 95.38927 20 20 20
364 27 6.61078e-01 -5.89862e-02 3.59497e-02 -1.06620e-01 20 20 0 95.42104 20 20 20
364 27 6.59189e-01 -6.64915e-02 4.05447e-02 -1.05638e-01 20 20 0 95.46028 20 20 20
364 27 6.56820e-01 -7.47275e-02 4.55992e-02 -1.04438e-01 20 20 0 95.50873 20 20 20
364 27 6.53850e-01 -8.37551e-02 5.11591e-02 -1.02980e-01 20 20 0 95.56871 20 20 20
364 27 6.50122e-01 -9.36318e-02 5.72750e-02 -1.01219e-01 20 20 0 95.64351 20 20 20
364 27 6.45435e-01 -1.04404e-01 6.40025e-02 -9.91086e-02 20 20 0 95.73777 20 20 20
364 27 6.39538e-01 -1.16094e-01 7.14028e-02 -9.65984e-02 20 20 0 95.85793 20 20 20
364 27 6.32128e-01 -1.28694e-01 7.95430e-02 -9.36240e-02 20 20 0 96.01172 20 20 20
364 27 6.22852e-01 -1.42188e-01 8.84973e-02 -9.00933e-02 20 20 0 96.20639 20 20 20
364 27 6.11268e-01 -1.56614e-01 9.83471e-02 -8.58846e-02 20 20 0 96.44707 20 20 20
365 27 6.78460e-01 -1.71469e-03 1.00000e-03 -1.03173e-01 21 21 0 102.58119 21 21 21
365 27 6.78442e-01 -3.60084e-03 2.10000e-03 -1.03163e-01 21 21 0 102.58166 21 21 21
365 27 6.78409e-01 -5.67559e-03 3.31000e-03 -1.03143e-01 21 21 0 102.58256 21 21 21
365 27 6.78355e-01 -7.95776e-03 4.64100e-03 -1.03112e-01 21 21 0 102.58402 21 21 21
365 27 6.78274e-01 -1.04681e-02 6.10510e-03 -1.03064e-01 21 21 0 102.58619 21 21 21
365 27 6.78160e-01 -1.32293e-02 7.71561e-03 -1.02998e-01 21 21 0 102.58926 21 21 21
365 27 6.78003e-01 -1.62665e-02 9.48717e-03 -1.02907e-01 21 21 0 102.59347 21 21 21
365 27 6.77794e-01 -1.96071e-02 1.14359e-02 -1.02785e-01 21 21 0 102.59910 21 21 21
365 27 6.77520e-01 -2.32814e-02 1.35795e-02 -1.02624e-01 21 21 0 102.60650 21 21 21
365 27 6.77163e-01 -2.73225e-02 1.59374e-02 -1.02415e-01 21 21 0 102.61612 21 21 21
365 27 6.76705e-01 -3.17667e-02 1.85312e-02 -1.02147e-01 21 21 0 102.62848 21 21 21
365 27 6.76121e-01 -3.66541e-02 2.13843e-02 -1.01805e-01 21 21 0 102.64424 21 21 21
365 27 6.75384e-01 -4.20281e-02 2.45227e-02 -1.01372e-01 21 21 0 102.66422 21 21 21
365 27 6.74457e-01 -4.79364e-02 2.79750e-02 -1.00825e-01 21 21 0 102.68939 21 21 21
365 27 6.73298e-01 -5.44309e-02 3.17725e-02 -1.00140e-01 21 21 0 102.72100 21 21 21
365 27 6.71854e-01 -6.15674e-02 3.59497e-02 -9.92819e-02 21 21 0 102.76057 21 21 21
365 27 6.70065e-01 -6.94061e-02 4.05447e-02 -9.82117e-02 21 21 0 102.80999 21 21 21
365 27 6.67856e-01 -7.80103e-02 4.55992e-02 -9.68786e-02 21 21 0 102.87170 21 21 21
365 27 6.65138e-01 -8.74447e-02 5.11591e-02 -9.52193e-02 21 21 0 102.94884 21 21 21
365 27 6.61813e-01 -9.77721e-02 5.72750e-02 -9.31534e-02 21 21 0 103.04558 21 21 21
365 27 6.57769e-01 -1.09045e-01 6.40025e-02 -9.05765e-02 21 21 0 103.16780 21 21 21
365 27 6.52897e-01 -1.21289e-01 7.14028e-02 -8.73490e-02 21 21 0 103.32430 21 21 21
365 27 6.47122e-01 -1.34465e-01 7.95430e-02 -8.32742e-02 21 21 0 103.52954 21 21 21
366 27 6.87858e-01 -1.98321e-03 1.00000e-03 -9.67520e-02 22 22 0 109.96248 8 22 22
366 27 6.87839e-01 -4.16473e-03 2.10000e-03 -9.67410e-02 22 22 0 109.96309 8 22 22
366 27 6.87804e-01 -6.56436e-03 3.31000e-03 -9.67201e-02 22 22 0 109.96424 8 22 22
366 27 6.87746e-01 -9.20387e-03 4.64100e-03 -9.66862e-02 22 22 0 109.96611 8 22 22
366 27 6.87660e-01 -1.21072e-02 6.10510e-03 -9.66357e-02 22 22 0 109.96889 8 22 22
366 27 6.87538e-01 -1.53006e-02 7.71561e-03 -9.65644e-02 22 22 0 109.97282 8 22 22
366 27 6.87371e-01 -1.88131e-02 9.48717e-03 -9.64667e-02 22 22 0 109.97821 8 22 22
366 27 6.87148e-01 -2.26763e-02 1.14359e-02 -9.63360e-02 22 22 0 109.98541 8 22 22
366 27 6.86855e-01 -2.69252e-02 1.35795e-02 -9.61641e-02 22 22 0 109.99488 8 22 22
366 27 6.86474e-01 -3.15979e-02 1.59374e-02 -9.59409e-02 22 22 0 110.00718 8 22 22
366 27 6.85985e-01 -3.67364e-02 1.85312e-02 -9.56541e-02 22 22 0 110.02298 8 22 22
366 27 6.85361e-01 -4.23868e-02 2.13843e-02 -9.52885e-02 22 22 0 110.04311 8 22 22
366 27 6.84573e-01 -4.85994e-02 2.45227e-02 -9.48258e-02 22 22 0 110.06858 8 22 22
366 27 6.83580e-01 -5.54295e-02 2.79750e-02 -9.42432e-02 22 22 0 110.10063 8 22 22
366 27 6.82338e-01 -6.29371e-02 3.17725e-02 -9.35131e-02 22 22 0 110.14079 8 22 22
366 27 6.80788e-01 -7.11883e-02 3.59497e-02 -9.26013e-02 22 22 0 110.19090 8 22 22
366 27 6.78863e-01 -8.02544e-02 4.05447e-02 -9.14662e-02 22 22 0 110.25323 8 22 22
366 27 6.76478e-01 -9.02133e-02 4.55992e-02 -9.00562e-02 22 22 0 110.33061 8 22 22
366 27 6.73534e-01 -1.01149e-01 5.11591e-02 -8.83072e-02 22 22 0 110.42652 8 22 22
366 27 6.69911e-01 -1.13151e-01 5.72750e-02 -8.61391e-02 22 22 0 110.54533 8 22 22
366 27 6.65468e-01 -1.26314e-01 6.40025e-02 -8.34499e-02 22 22 0 110.69271 8 22 22
366 27 6.60047e-01 -1.40738e-01 7.14028e-02 -8.01068e-02 22 22 0 110.87634 8 22 22
366 27 6.53476e-01 -1.56540e-01 7.95430e-02 -7.59298e-02 22 22 0 111.10775 8 22 22
366 27 6.45561e-01 -1.74009e-01 8.84973e-02 -7.06606e-02 22 22 0 111.40829 8 22 22
366 27 6.35780e-01 -1.94968e-01 9.83471e-02 -6.38583e-02 22 22 0 111.83552 8 22 22
367 27 6.99292e-01 1.85039e-04 1.00000e-03 -8.88236e-02 18 23 1 120.38293 4 23 23
367 27 6.99282e-01 3.88861e-04 2.10000e-03 -8.88136e-02 18 23 1 120.38419 4 23 23
367 27 6.99262e-01 6.13761e-04 3.31000e-03 -8.87944e-02 18 23 1 120.38660 4 23 23
367 27 6.99231e-01 8.62475e-04 4.64100e-03 -8.87634e-02 18 23 1 120.39051 4 23 23
367 27 6.99184e-01 1.13830e-03 6.10510e-03 -8.87173e-02 18 23 1 120.39631 4 23 23
367 27 6.99118e-01 1.44526e-03 7.71561e-03 -8.86520e-02 18 23 1 120.40453 4 23 23
367 27 6.99027e-01 1.78836e-03 9.48717e-03 -8.85626e-02 18 23 1 120.41579 4 23 23
367 27 6.98905e-01 2.17384e-03 1.14359e-02 -8.84430e-02 18 23 1 120.43088 4 23 23
367 27 6.98745e-01 2.60965e-03 1.35795e-02 -8.82857e-02 18 23 1 120.45075 4 23 23
367 27 6.98537e-01 3.10597e-03 1.59374e-02 -8.80814e-02 18 23 1 120.47661 4 23 23
367 27 6.98270e-01 3.67593e-03 1.85312e-02 -8.78189e-02 18 23 1 120.50991 4 23 23
367 27 6.97930e-01 4.33665e-03 2.13843e-02 -8.74845e-02 18 23 1 120.55248 4 23 23
367 27 6.97499e-01 5.11056e-03 2.45227e-02 -8.70612e-02 18 23 1 120.60658 4 23 23
367 27 6.96956e-01 6.02713e-03 2.79750e-02 -8.65284e-02 18 23 1 120.67501 4 23 23
367 27 6.96275e-01 7.12521e-03 3.17725e-02 -8.58612e-02 16 23 1 120.76125 4 23 23
367 27 6.95423e-01 8.45606e-03 3.59497e-02 -8.50289e-02 16 23 1 120.86966 4 23 23
367 27 6.94361e-01 1.00871e-02 4.05447e-02 -8.39945e-02 16 23 1 121.00567 4 23 23
368 27 7.05462e-01 -1.13272e-03 1.00000e-03 -8.44897e-02 24 24 0 126.81547 24 24 24
368 27 7.05451e-01 -2.37861e-03 2.10000e-03 -8.44781e-02 24 24 0 126.81692 24 24 24
368 27 7.05430e-01 -3.74886e-03 3.31000e-03 -8.44560e-02 24 24 0 126.81971 24 24 24
368 27 7.05396e-01 -5.25569e-03 4.64100e-03 -8.44202e-02 24 24 0 126.82423 24 24 24
368 27 7.05345e-01 -6.91246e-03 6.10510e-03 -8.43670e-02 24 24 0 126.83094 24 24 24
368 27 7.05274e-01 -8.73370e-03 7.71561e-03 -8.42917e-02 24 24 0 126.84045 24 24 24
368 27 7.05177e-01 -1.07352e-02 9.48717e-03 -8.41886e-02 24 24 0 126.85348 24 24 24
368 27 7.05046e-01 -1.29342e-02 1.14359e-02 -8.40506e-02 24 24 0 126.87095 24 24 24
368 27 7.04875e-01 -1.53491e-02 1.35795e-02 -8.38692e-02 24 24 0 126.89399 24 24 24
368 27 7.04653e-01 -1.79998e-02 1.59374e-02 -8.36336e-02 24 24 0 126.92400 24 24 24
368 27 7.04367e-01 -2.09075e-02 1.85312e-02 -8.33311e-02 24 24 0 126.96270 24 24 24
368 27 7.04004e-01 -2.40945e-02 2.13843e-02 -8.29457e-02 24 24 0 127.01226 24 24 24
368 27 7.03545e-01 -2.75841e-02 2.45227e-02 -8.24581e-02 24 24 0 127.07539 24 24 24
368 27 7.02969e-01 -3.14004e-02 2.79750e-02 -8.18449e-02 24 24 0 127.15545 24 24 24
368 27 7.02248e-01 -3.55673e-02 3.17725e-02 -8.10775e-02 24 24 0 127.25670 24 24 24
368 27 7.01350e-01 -4.01083e-02 3.59497e-02 -8.01214e-02 24 24 0 127.38446 24 24 24
368 27 7.00235e-01 -4.50447e-02 4.05447e-02 -7.89352e-02 24 24 0 127.54545 24 24 24
368 27 6.98853e-01 -5.03942e-02 4.55992e-02 -7.74694e-02 24 24 0 127.74809 24 24 24
368 27 6.97143e-01 -5.61677e-02 5.11591e-02 -7.56655e-02 24 24 0 128.00282 24 24 24
368 27 6.95027e-01 -6.23637e-02 5.72750e-02 -7.34551e-02 24 24 0 128.32236 24 24 24
368 27 6.92412e-01 -6.89539e-02 6.40025e-02 -7.07572e-02 24 24 0 128.72187 24 24 24
368 27 6.89194e-01 -7.58418e-02 7.14028e-02 -6.74711e-02 24 24 0 129.21981 24 24 24
368 27 6.85302e-01 -8.27512e-02 7.95430e-02 -6.34548e-02 24 24 0 129.84429 24 24 24
369 27 7.12246e-01 -1.26507e-03 1.00000e-03 -7.96803e-02 25 25 0 134.68629 25 25 25
369 27 7.12240e-01 -2.65635e-03 2.10000e-03 -7.96651e-02 25 25 0 134.68955 25 25 25
369 27 7.12227e-01 -4.18602e-03 3.31000e-03 -7.96360e-02 25 25 0 134.69582 25 25 25
369 27 7.12207e-01 -5.86728e-03 4.64100e-03 -7.95889e-02 25 25 0 134.70598 25 25 25
369 27 7.12177e-01 -7.71430e-03 6.10510e-03 -7.95189e-02 25 25 0 134.72113 25 25 25
369 27 7.12135e-01 -9.74225e-03 7.71561e-03 -7.94198e-02 25 25 0 134.74264 25 25 25
369 27 7.12078e-01 -1.19672e-02 9.48717e-03 -7.92841e-02 25 25 0 134.77226 25 25 25
369 27 7.12002e-01 -1.44061e-02 1.14359e-02 -7.91022e-02 25 25 0 134.81218 25 25 25
369 27 7.11903e-01 -1.70760e-02 1.35795e-02 -7.88628e-02 25 25 0 134.86519 25 25 25
369 27 7.11775e-01 -1.99946e-02 1.59374e-02 -7.85516e-02 25 25 0 134.93487 25 25 25
369 27 7.11613e-01 -2.31784e-02 1.85312e-02 -7.81511e-02 25 25 0 135.02581 25 25 25
369 27 7.11410e-01 -2.66427e-02 2.13843e-02 -7.76401e-02 25 25 0 135.14396 25 25 25
369 27 7.11157e-01 -3.03997e-02 2.45227e-02 -7.69926e-02 25 25 0 135.29707 25 25 25
369 27 7.10844e-01 -3.44569e-02 2.79750e-02 -7.61774e-02 25 25 0 135.49522 25 25 25
369 27 7.10457e-01 -3.88154e-02 3.17725e-02 -7.51581e-02 25 25 0 135.75131 25 25 25
369 27 7.09976e-01 -4.34684e-02 3.59497e-02 -7.38940e-02 25 25 0 136.08131 25 25 25
369 27 7.09364e-01 -4.84033e-02 4.05447e-02 -7.23437e-02 25 25 0 136.50320 25 25 25
369 27 7.08559e-01 -5.36090e-02 4.55992e-02 -7.04720e-02 25 25 0 137.03333 25 25 25
369 27 7.07452e-01 -5.90814e-02 5.11591e-02 -6.82575e-02 25 25 0 137.67909 25 25 25
369 27 7.05891e-01 -6.47391e-02 5.72750e-02 -6.56944e-02 25 25 0 138.42966 25 25 25
369 27 7.03563e-01 -6.87449e-02 6.40025e-02 -6.29881e-02 25 25 0 139.20330 25 25 25
370 27 7.17843e-01 -1.30260e-03 1.00000e-03 -7.56785e-02 26 26 0 141.91378 26 26 26
370 27 7.17862e-01 -2.73605e-03 2.10000e-03 -7.56450e-02 26 26 0 141.92855 26 26 26
370 27 7.17899e-01 -4.31447e-03 3.31000e-03 -7.55801e-02 26 26 0 141.95734 26 26 26
370 27 7.17960e-01 -6.05420e-03 4.64100e-03 -7.54739e-02 26 26 0 142.00508 26 26 26
370 27 7.18056e-01 -7.97497e-03 6.10510e-03 -7.53129e-02 26 26 0 142.07899 26 26 26
370 27 7.18201e-01 -1.01022e-02 7.71561e-03 -7.50781e-02 26 26 0 142.19005 26 26 26
370 27 7.18420e-01 -1.24725e-02 9.48717e-03 -7.47420e-02 26 26 0 142.35609 26 26 26
370 27 7.18752e-01 -1.51467e-02 1.14359e-02 -7.42622e-02 26 26 0 142.60809 26 26 26
370 27 7.19271e-01 -1.82447e-02 1.35795e-02 -7.35694e-02 26 26 0 143.00432 26 26 26
370 27 7.20096e-01 -2.20374e-02 1.59374e-02 -7.25512e-02 26 26 0 143.65759 26 26 26
370 27 7.21323e-01 -2.70651e-02 1.85312e-02 -7.10966e-02 26 26 0 144.72779 26 26 26
370 27 7.22628e-01 -3.36229e-02 2.13843e-02 -6.93860e-02 26 26 0 146.13699 26 26 26
370 27 7.24133e-01 -3.99485e-02 2.45227e-02 -6.73446e-02 26 26 0 147.88444 22 26 26
371 27 7.33154e-01 -1.28947e-03 1.00000e-03 -6.45699e-02 27 27 0 166.20786 27 27 27
371 27 7.33136e-01 -2.70790e-03 2.10000e-03 -6.45634e-02 27 27 0 166.20746 27 27 27
371 27 7.33101e-01 -4.26819e-03 3.31000e-03 -6.45510e-02 27 27 0 166.20669 27 27 27
371 27 7.33044e-01 -5.98456e-03 4.64100e-03 -6.45309e-02 27 27 0 166.20544 27 27 27
371 27 7.32960e-01 -7.87264e-03 6.10510e-03 -6.45011e-02 27 27 0 166.20358 27 27 27
371 27 7.32840e-01 -9.94965e-03 7.71561e-03 -6.44589e-02 27 27 0 166.20094 27 27 27
371 27 7.32676e-01 -1.22346e-02 9.48717e-03 -6.44012e-02 27 27 0 166.19732 27 27 27
371 27 7.32457e-01 -1.47482e-02 1.14359e-02 -6.43239e-02 27 27 0 166.19246 27 27 27
371 27 7.32169e-01 -1.75137e-02 1.35795e-02 -6.42223e-02 27 27 0 166.18604 27 27 27
371 27 7.31795e-01 -2.05562e-02 1.59374e-02 -6.40904e-02 27 27 0 166.17766 27 27 27
371 27 7.31313e-01 -2.39039e-02 1.85312e-02 -6.39209e-02 27 27 0 166.16682 27 27 27
372 27 7.35281e-01 -1.27447e-03 1.00000e-03 -6.30088e-02 28 28 0 170.24070 28 28 28
372 27 7.35260e-01 -2.67647e-03 2.10000e-03 -6.30040e-02 28 28 0 170.24314 28 28 28
372 27 7.35221e-01 -4.21886e-03 3.31000e-03 -6.29950e-02 28 28 0 170.24783 28 28 28
372 27 7.35157e-01 -5.91594e-03 4.64100e-03 -6.29803e-02 28 28 0 170.25540 28 28 28
372 27 7.35062e-01 -7.78362e-03 6.10510e-03 -6.29584e-02 28 28 0 170.26664 28 28 28
372 27 7.34928e-01 -9.83989e-03 7.71561e-03 -6.29275e-02 28 28 0 170.28248 28 28 28
372 27 7.34745e-01 -1.21054e-02 9.48717e-03 -6.28850e-02 28 28 0 170.30408 28 28 28
372 27 7.34499e-01 -1.46045e-02 1.14359e-02 -6.28280e-02 28 28 0 170.33280 28 28 28
372 27 7.34177e-01 -1.73671e-02 1.35795e-02 -6.27528e-02 28 28 0 170.37028 28 28 28
372 27 7.33757e-01 -2.04321e-02 1.59374e-02 -6.26546e-02 28 28 0 170.41842 28 28 28
372 27 7.33218e-01 -2.38531e-02 1.85312e-02 -6.25276e-02 28 28 0 170.47940 28 28 28
372 27 7.32528e-01 -2.77085e-02 2.13843e-02 -6.23643e-02 28 28 0 170.55566 28 28 28
372 27 7.31650e-01 -3.21205e-02 2.45227e-02 -6.21551e-02 28 28 0 170.64980 28 28 28
372 27 7.30531e-01 -3.72866e-02 2.79750e-02 -6.18877e-02 28 28 0 170.76431 28 28 28
372 27 7.29100e-01 -4.35328e-02 3.17725e-02 -6.15451e-02 28 28 0 170.90111 28 28 28
372 27 7.27251e-01 -5.13891e-02 3.59497e-02 -6.11040e-02 28 28 0 171.06054 24 28 28
372 27 7.24823e-01 -6.16551e-02 4.05447e-02 -6.05294e-02 28 28 0 171.23965 20 28 28
372 27 7.21623e-01 -7.34739e-02 4.55992e-02 -5.98680e-02 28 28 0 171.41519 14 28 28
373 27 7.39416e-01 -1.22781e-03 1.00000e-03 -5.99594e-02 29 29 0 178.66133 23 29 29
373 27 7.39396e-01 -2.57828e-03 2.10000e-03 -5.99546e-02 29 29 0 178.66261 23 29 29
373 27 7.39358e-01 -4.06347e-03 3.31000e-03 -5.99453e-02 29 29 0 178.66505 23 29 29
373 27 7.39296e-01 -5.69657e-03 4.64100e-03 -5.99304e-02 29 29 0 178.66900 23 29 29
373 27 7.39203e-01 -7.49197e-03 6.10510e-03 -5.99081e-02 29 29 0 178.67486 23 29 29
373 27 7.39073e-01 -9.46528e-03 7.71561e-03 -5.98766e-02 29 29 0 178.68314 23 29 29
373 27 7.38894e-01 -1.16334e-02 9.48717e-03 -5.98335e-02 29 29 0 178.69445 23 29 29
373 27 7.38655e-01 -1.40147e-02 1.14359e-02 -5.97758e-02 29 29 0 178.70953 25 29 29
373 27 7.38340e-01 -1.66288e-02 1.35795e-02 -5.96998e-02 29 29 0 178.72927 25 29 29
373 27 7.37933e-01 -1.94967e-02 1.59374e-02 -5.96011e-02 29 29 0 178.75476 25 29 29
373 27 7.37409e-01 -2.26405e-02 1.85312e-02 -5.94741e-02 29 29 0 178.78725 25 29 29
373 27 7.36742e-01 -2.60836e-02 2.13843e-02 -5.93120e-02 29 29 0 178.82824 25 29 29
373 27 7.35900e-01 -2.98501e-02 2.45227e-02 -5.91064e-02 29 29 0 178.87947 25 29 29
373 27 7.34842e-01 -3.39645e-02 2.79750e-02 -5.88471e-02 29 29 0 178.94288 27 29 29
373 27 7.33519e-01 -3.84513e-02 3.17725e-02 -5.85212e-02 29 29 0 179.02066 29 29 29
373 27 7.31874e-01 -4.33340e-02 3.59497e-02 -5.81129e-02 29 29 0 179.11510 29 29 29
373 27 7.29834e-01 -4.86348e-02 4.05447e-02 -5.76026e-02 29 29 0 179.22850 29 29 29
373 27 7.27314e-01 -5.43734e-02 4.55992e-02 -5.69656e-02 29 29 0 179.36288 29 29 29
373 27 7.24212e-01 -6.05697e-02 5.11591e-02 -5.61711e-02 29 29 0 179.51955 29 29 29
373 27 7.20413e-01 -6.71634e-02 5.72750e-02 -5.51784e-02 29 29 0 179.69885 29 29 29
373 27 7.15750e-01 -7.43027e-02 6.40025e-02 -5.39423e-02 29 29 0 179.89772 29 29 29
373 27 7.10062e-01 -8.18549e-02 7.14028e-02 -5.23971e-02 29 29 0 180.11072 29 29 29
373 27 7.03124e-01 -8.98402e-02 7.95430e-02 -5.04706e-02 29 29 0 180.32576 29 29 29
374 27 7.43870e-01 -1.12846e-03 1.00000e-03 -5.66563e-02 30 30 0 188.70784 18 30 30
374 27 7.43851e-01 -2.36974e-03 2.10000e-03 -5.66514e-02 30 30 0 188.70862 18 30 30
374 27 7.43814e-01 -3.73509e-03 3.31000e-03 -5.66419e-02 30 30 0 188.71012 18 30 30
374 27 7.43754e-01 -5.23686e-03 4.64100e-03 -5.66266e-02 30 30 0 188.71253 18 30 30
374 27 7.43666e-01 -6.88863e-03 6.10510e-03 -5.66038e-02 30 30 0 188.71612 18 30 30
374 27 7.43540e-01 -8.70529e-03 7.71561e-03 -5.65716e-02 30 30 0 188.72118 18 30 30
374 27 7.43369e-01 -1.07032e-02 9.48717e-03 -5.65275e-02 30 30 0 188.72811 18 30 30
374 27 7.43139e-01 -1.29002e-02 1.14359e-02 -5.64685e-02 30 30 0 188.73736 18 30 30
374 27 7.42837e-01 -1.53159e-02 1.35795e-02 -5.63908e-02 30 30 0 188.74950 18 30 30
374 27 7.42444e-01 -1.79719e-02 1.59374e-02 -5.62900e-02 30 30 0 188.76519 18 30 30
374 27 7.41940e-01 -2.08915e-02 1.85312e-02 -5.61604e-02 30 30 0 188.78525 18 30 30
374 27 7.41298e-01 -2.41004e-02 2.13843e-02 -5.59953e-02 30 30 0 188.81066 18 30 30
374 27 7.40485e-01 -2.76265e-02 2.45227e-02 -5.57862e-02 30 30 0 188.84255 18 30 30
374 27 7.39461e-01 -3.15000e-02 2.79750e-02 -5.55229e-02 30 30 0 188.88227 18 30 30
374 27 7.38179e-01 -3.57539e-02 3.17725e-02 -5.51929e-02 30 30 0 188.93137 18 30 30
374 27 7.36578e-01 -4.04238e-02 3.59497e-02 -5.47808e-02 30 30 0 188.99160 18 30 30
374 27 7.34587e-01 -4.55481e-02 4.05447e-02 -5.42678e-02 30 30 0 189.06488 18 30 30
374 27 7.32116e-01 -5.11681e-02 4.55992e-02 -5.36306e-02 30 30 0 189.15323 18 30 30
374 27 7.29058e-01 -5.73277e-02 5.11591e-02 -5.28410e-02 30 30 0 189.25858 18 30 30
374 27 7.25279e-01 -6.40721e-02 5.72750e-02 -5.18639e-02 30 30 0 189.38249 18 30 30
374 27 7.20615e-01 -7.14443e-02 6.40025e-02 -5.06569e-02 30 30 0 189.52562 18 30 30
374 27 7.14863e-01 -7.94724e-02 7.14028e-02 -4.91692e-02 30 30 0 189.68701 18 30 30
374 27 7.07774e-01 -8.81361e-02 7.95430e-02 -4.73416e-02 30 30 0 189.86348 18 30 30
374 27 6.99048e-01 -9.72904e-02 8.84973e-02 -4.51076e-02 30 30 0 190.05133 12 30 30
375 27 7.48374e-01 -8.82253e-04 1.00000e-03 -5.32965e-02 31 31 0 200.08312 9 31 31
375 27 7.48356e-01 -1.85272e-03 2.10000e-03 -5.32916e-02 31 31 0 200.08368 9 31 31
375 27 7.48321e-01 -2.92022e-03 3.31000e-03 -5.32821e-02 31 31 0 200.08476 9 31 31
375 27 7.48265e-01 -4.09444e-03 4.64100e-03 -5.32669e-02 31 31 0 200.08651 9 31 31
375 27 7.48182e-01 -5.38603e-03 6.10510e-03 -5.32442e-02 31 31 0 200.08910 9 31 31
375 27 7.48065e-01 -6.80668e-03 7.71561e-03 -5.32121e-02 31 31 0 200.09276 9 31 31
375 27 7.47904e-01 -8.36926e-03 9.48717e-03 -5.31682e-02 31 31 0 200.09777 9 31 31
375 27 7.47689e-01 -1.00879e-02 1.14359e-02 -5.31095e-02 31 31 0 200.10445 9 31 31
375 27 7.47405e-01 -1.19781e-02 1.35795e-02 -5.30322e-02 31 31 0 200.11320 9 31 31
375 27 7.47038e-01 -1.40568e-02 1.59374e-02 -5.29319e-02 31 31 0 200.12452 9 31 31
375 27 7.46565e-01 -1.63428e-02 1.85312e-02 -5.28031e-02 31 31 0 200.13898 9 31 31
375 27 7.45963e-01 -1.88565e-02 2.13843e-02 -5.26390e-02 31 31 0 200.15727 9 31 31
375 27 7.45200e-01 -2.16201e-02 2.45227e-02 -5.24314e-02 31 31 0 200.18020 9 31 31
375 27 7.44239e-01 -2.46581e-02 2.79750e-02 -5.21702e-02 31 31 0 200.20872 9 31 31
375 27 7.43035e-01 -2.79971e-02 3.17725e-02 -5.18432e-02 31 31 0 200.24392 9 31 31
375 27 7.41532e-01 -3.16661e-02 3.59497e-02 -5.14352e-02 31 31 0 200.28703 9 31 31
375 27 7.39661e-01 -3.56963e-02 4.05447e-02 -5.09279e-02 31 31 0 200.33938 9 31 31
375 27 7.37338e-01 -4.01218e-02 4.55992e-02 -5.02986e-02 31 31 0 200.40241 9 31 31
375 27 7.34461e-01 -4.49796e-02 5.11591e-02 -4.95190e-02 31 31 0 200.47751 9 31 31
375 27 7.30906e-01 -5.03111e-02 5.72750e-02 -4.85540e-02 31 31 0 200.56601 9 31 31
375 27 7.26520e-01 -5.61644e-02 6.40025e-02 -4.73585e-02 31 31 0 200.66895 9 31 31
375 27 7.21113e-01 -6.26550e-02 7.14028e-02 -4.58769e-02 31 31 0 200.78695 9 31 31
376 27 7.53413e-01 -3.03045e-03 1.00000e-03 -4.95085e-02 18 33 0 214.57971 6 33 33
376 27 7.53380e-01 -6.36373e-03 2.10000e-03 -4.95002e-02 18 33 0 214.58060 6 33 33
376 27 7.53318e-01 -1.00298e-02 3.31000e-03 -4.94844e-02 18 33 0 214.58229 6 33 33
376 27 7.53217e-01 -1.40614e-02 4.64100e-03 -4.94587e-02 18 33 0 214.58503 6 33 33
376 27 7.53067e-01 -1.84944e-02 6.10510e-03 -4.94206e-02 18 33 0 214.58910 6 33 33
376 27 7.52856e-01 -2.33679e-02 7.71561e-03 -4.93667e-02 18 33 0 214.59484 6 33 33
376 27 7.52566e-01 -2.87245e-02 9.48717e-03 -4.92930e-02 18 33 0 214.60269 6 33 33
376 27 7.52178e-01 -3.46102e-02 1.14359e-02 -4.91944e-02 18 33 0 214.61317 6 33 33
376 27 7.51668e-01 -4.10750e-02 1.35795e-02 -4.90650e-02 18 33 0 214.62689 6 33 33
376 27 7.51007e-01 -4.81724e-02 1.59374e-02 -4.88973e-02 18 33 0 214.64463 6 33 33
376 27 7.50158e-01 -5.59598e-02 1.85312e-02 -4.86823e-02 18 33 0 214.66727 6 33 33
376 27 7.49076e-01 -6.44973e-02 2.13843e-02 -4.84093e-02 19 33 0 214.69588 6 33 33
376 27 7.47709e-01 -7.38478e-02 2.45227e-02 -4.80653e-02 22 33 0 214.73172 6 33 33
376 27 7.45991e-01 -8.40749e-02 2.79750e-02 -4.76349e-02 22 33 0 214.77626 6 33 33
376 27 7.43842e-01 -9.52408e-02 3.17725e-02 -4.70998e-02 23 33 0 214.83117 6 33 33
376 27 7.41168e-01 -1.07402e-01 3.59497e-02 -4.64391e-02 24 33 0 214.89840 6 33 33
376 27 7.37851e-01 -1.20602e-01 4.05447e-02 -4.56292e-02 24 33 0 214.98017 6 33 33
376 27 7.33755e-01 -1.34858e-01 4.55992e-02 -4.46451e-02 24 33 0 215.07917 6 33 33
376 27 7.28714e-01 -1.50141e-01 5.11591e-02 -4.34636e-02 24 33 0 215.19903 6 33 33
376 27 7.22534e-01 -1.66332e-01 5.72750e-02 -4.20700e-02 24 33 0 215.34573 6 33 33
376 27 7.14990e-01 -1.83156e-01 6.40025e-02 -4.04729e-02 24 33 0 215.53151 6 33 33
376 27 7.05828e-01 -2.00116e-01 7.14028e-02 -3.87216e-02 24 33 0 215.78478 6 33 33
376 27 6.94762e-01 -2.16686e-01 7.95430e-02 -3.68744e-02 24 33 0 216.16583 6 33 33
376 27 6.81427e-01 -2.33194e-01 8.84973e-02 -3.48133e-02 24 33 0 216.75037 6 33 33
377 27 7.57802e-01 -2.10813e-03 1.00000e-03 -4.61939e-02 34 34 0 229.03648 10 34 34
377 27 7.57779e-01 -4.42687e-03 2.10000e-03 -4.61872e-02 34 34 0 229.03705 10 34 34
377 27 7.57733e-01 -6.97695e-03 3.31000e-03 -4.61744e-02 34 34 0 229.03814 10 34 34
377 27 7.57660e-01 -9.78105e-03 4.64100e-03 -4.61536e-02 34 34 0 229.03991 10 34 34
377 27 7.57551e-01 -1.28638e-02 6.10510e-03 -4.61228e-02 34 34 0 229.04254 10 34 34
377 27 7.57396e-01 -1.62522e-02 7.71561e-03 -4.60790e-02 34 34 0 229.04626 10 34 34
377 27 7.57185e-01 -1.99750e-02 9.48717e-03 -4.60192e-02 34 34 0 229.05135 10 34 34
377 27 7.56903e-01 -2.40635e-02 1.14359e-02 -4.59389e-02 34 34 0 229.05818 10 34 34
377 27 7.56532e-01 -2.85510e-02 1.35795e-02 -4.58332e-02 34 34 0 229.06718 10 34 34
377 27 7.56052e-01 -3.34722e-02 1.59374e-02 -4.56958e-02 34 34 0 229.07889 10 34 34
377 27 7.55437e-01 -3.88633e-02 1.85312e-02 -4.55188e-02 34 34 0 229.09401 10 34 34
377 27 7.54656e-01 -4.47606e-02 2.13843e-02 -4.52926e-02 34 34 0 229.11342 10 34 34
377 27 7.53672e-01 -5.11994e-02 2.45227e-02 -4.50053e-02 34 34 0 229.13826 10 34 34
377 27 7.52442e-01 -5.82125e-02 2.79750e-02 -4.46418e-02 34 34 0 229.17012 10 34 34
377 27 7.50914e-01 -6.58307e-02 3.17725e-02 -4.41832e-02 34 34 0 229.21122 10 34 34
377 27 7.49029e-01 -7.40901e-02 3.59497e-02 -4.36044e-02 34 34 0 229.26500 10 34 34
377 27 7.46720e-01 -8.30643e-02 4.05447e-02 -4.28686e-02 34 34 0 229.33742 10 34 34
377 27 7.43913e-01 -9.29961e-02 4.55992e-02 -4.19098e-02 34 34 0 229.44147 12 34 34
377 27 7.40531e-01 -1.04868e-01 5.11591e-02 -4.05552e-02 34 34 0 229.61855 14 34 34
377 27 7.36459e-01 -1.21619e-01 5.72750e-02 -3.83494e-02 34 34 0 230.00390 10 34 34
378 27 7.61215e-01 -1.88604e-03 1.00000e-03 -4.36027e-02 35 35 0 241.72511 13 35 35
378 27 7.61193e-01 -3.96072e-03 2.10000e-03 -4.35962e-02 35 35 0 241.72578 13 35 35
378 27 7.61151e-01 -6.24296e-03 3.31000e-03 -4.35836e-02 35 35 0 241.72706 13 35 35
378 27 7.61084e-01 -8.75360e-03 4.64100e-03 -4.35631e-02 35 35 0 241.72914 13 35 35
378 27 7.60983e-01 -1.15156e-02 6.10510e-03 -4.35328e-02 35 35 0 241.73223 13 35 35
378 27 7.60842e-01 -1.45543e-02 7.71561e-03 -4.34898e-02 35 35 0 241.73661 13 35 35
378 27 7.60647e-01 -1.78976e-02 9.48717e-03 -4.34310e-02 35 35 0 241.74260 13 35 35
378 27 7.60387e-01 -2.15764e-02 1.14359e-02 -4.33522e-02 35 35 0 241.75062 13 35 35
378 27 7.60045e-01 -2.56247e-02 1.35795e-02 -4.32484e-02 35 35 0 241.76117 13 35 35
378 27 7.59602e-01 -3.00804e-02 1.59374e-02 -4.31136e-02 35 35 0 241.77488 13 35 35
378 27 7.59031e-01 -3.49852e-02 1.85312e-02 -4.29400e-02 35 35 0 241.79251 13 35 35
378 27 7.58305e-01 -4.03858e-02 2.13843e-02 -4.27184e-02 35 35 0 241.81500 13 35 35
378 27 7.57385e-01 -4.63342e-02 2.45227e-02 -4.24370e-02 35 35 0 241.84355 13 35 35
378 27 7.56228e-01 -5.28889e-02 2.79750e-02 -4.20815e-02 35 35 0 241.87965 13 35 35
378 27 7.54778e-01 -6.01164e-02 3.17725e-02 -4.16337e-02 35 35 0 241.92518 13 35 35
378 27 7.52970e-01 -6.80927e-02 3.59497e-02 -4.10709e-02 35 35 0 241.98268 13 35 35
378 27 7.50724e-01 -7.69071e-02 4.05447e-02 -4.03636e-02 35 35 0 242.05559 13 35 35
378 27 7.47942e-01 -8.66660e-02 4.55992e-02 -3.94731e-02 35 35 0 242.14899 13 35 35
378 27 7.44511e-01 -9.74992e-02 5.11591e-02 -3.83456e-02 35 35 0 242.27106 13 35 35
378 27 7.40309e-01 -1.09560e-01 5.72750e-02 -3.69006e-02 35 35 0 242.43703 13 35 35
378 27 7.35228e-01 -1.23077e-01 6.40025e-02 -3.49978e-02 35 35 0 242.68440 13 35 35
379 27 7.64248e-01 -1.78901e-03 1.00000e-03 -4.12894e-02 36 36 0 254.27495 18 36 36
379 27 7.64227e-01 -3.75695e-03 2.10000e-03 -4.12826e-02 36 36 0 254.27594 18 36 36
379 27 7.64188e-01 -5.92176e-03 3.31000e-03 -4.12696e-02 36 36 0 254.27786 18 36 36
379 27 7.64124e-01 -8.30322e-03 4.64100e-03 -4.12485e-02 36 36 0 254.28097 18 36 36
379 27 7.64029e-01 -1.09231e-02 6.10510e-03 -4.12172e-02 36 36 0 254.28560 18 36 36
379 27 7.63895e-01 -1.38054e-02 7.71561e-03 -4.11729e-02 36 36 0 254.29216 18 36 36
379 27 7.63711e-01 -1.69765e-02 9.48717e-03 -4.11122e-02 36 36 0 254.30118 18 36 36
379 27 7.63465e-01 -2.04658e-02 1.14359e-02 -4.10310e-02 36 36 0 254.31332 18 36 36
379 27 7.63141e-01 -2.43054e-02 1.35795e-02 -4.09240e-02 36 36 0 254.32940 18 36 36
379 27 7.62720e-01 -2.85310e-02 1.59374e-02 -4.07850e-02 36 36 0 254.35047 18 36 36
379 27 7.62180e-01 -3.31823e-02 1.85312e-02 -4.06062e-02 36 36 0 254.37787 18 36 36
379 27 7.61492e-01 -3.83031e-02 2.13843e-02 -4.03780e-02 36 36 0 254.41334 18 36 36
379 27 7.60621e-01 -4.39422e-02 2.45227e-02 -4.00886e-02 36 36 0 254.45916 18 36 36
379 27 7.59525e-01 -5.01542e-02 2.79750e-02 -3.97233e-02 36 36 0 254.51838 18 36 36
379 27 7.58152e-01 -5.70004e-02 3.17725e-02 -3.92641e-02 36 36 0 254.59511 18 36 36
379 27 7.56438e-01 -6.45499e-02 3.59497e-02 -3.86886e-02 36 36 0 254.69511 18 36 36
379 27 7.54307e-01 -7.28817e-02 4.05447e-02 -3.79687e-02 36 36 0 254.82659 18 36 36
379 27 7.51663e-01 -8.20861e-02 4.55992e-02 -3.70695e-02 36 36 0 255.00152 18 36 36
379 27 7.48389e-01 -9.22683e-02 5.11591e-02 -3.59472e-02 36 36 0 255.23773 18 36 36
379 27 7.44342e-01 -1.03550e-01 5.72750e-02 -3.45472e-02 36 36 0 255.56158 18 36 36
380 27 7.67000e-01 -1.73590e-03 1.00000e-03 -3.91827e-02 37 37 0 266.87483 19 37 37
380 27 7.66980e-01 -3.64548e-03 2.10000e-03 -3.91754e-02 37 37 0 266.87664 19 37 37
380 27 7.66943e-01 -5.74622e-03 3.31000e-03 -3.91613e-02 37 37 0 266.88012 19 37 37
380 27 7.66883e-01 -8.05743e-03 4.64100e-03 -3.91385e-02 37 37 0 266.88575 19 37 37
380 27 7.66794e-01 -1.06004e-02 6.10510e-03 -3.91046e-02 37 37 0 266.89414 19 37 37
380 27 7.66667e-01 -1.33988e-02 7.71561e-03 -3.90567e-02 37 37 0 266.90602 19 37 37
380 27 7.66494e-01 -1.64786e-02 9.48717e-03 -3.89911e-02 37 37 0 266.92234 19 37 37
380 27 7.66262e-01 -1.98689e-02 1.14359e-02 -3.89032e-02 37 37 0 266.94424 19 37 37
380 27 7.65957e-01 -2.36016e-02 1.35795e-02 -3.87875e-02 37 37 0 266.97319 19 37 37
380 27 7.65561e-01 -2.77127e-02 1.59374e-02 -3.86371e-02 37 37 0 267.01099 19 37 37
380 27 7.65053e-01 -3.22420e-02 1.85312e-02 -3.84438e-02 37 37 0 267.05992 19 37 37
380 27 7.64404e-01 -3.72341e-02 2.13843e-02 -3.81971e-02 37 37 0 267.12289 20 37 37
380 27 7.63582e-01 -4.27392e-02 2.45227e-02 -3.78844e-02 37 37 0 267.20355 20 37 37
380 27 7.62546e-01 -4.88134e-02 2.79750e-02 -3.74904e-02 37 37 0 267.30660 20 37 37
380 27 7.61246e-01 -5.55200e-02 3.17725e-02 -3.69966e-02 37 37 0 267.43805 21 37 37
380 27 7.59619e-01 -6.29297e-02 3.59497e-02 -3.63812e-02 37 37 0 267.60554 20 37 37
380 27 7.57582e-01 -7.11197e-02 4.05447e-02 -3.56201e-02 37 37 0 267.81863 21 37 37
380 27 7.55027e-01 -8.01690e-02 4.55992e-02 -3.46907e-02 37 37 0 268.08888 20 37 37
380 27 7.51799e-01 -9.01508e-02 5.11591e-02 -3.35826e-02 37 37 0 268.43040 19 37 37
380 27 7.47662e-01 -1.01209e-01 5.72750e-02 -3.23104e-02 37 37 0 268.86548 19 37 37
381 27 7.69487e-01 -1.70315e-03 1.00000e-03 -3.72720e-02 38 38 0 279.42078 24 38 38
381 27 7.69469e-01 -3.57343e-03 2.10000e-03 -3.72634e-02 38 38 0 279.42492 24 38 38
381 27 7.69436e-01 -5.62280e-03 3.31000e-03 -3.72467e-02 38 38 0 279.43285 23 38 38
381 27 7.69383e-01 -7.86211e-03 4.64100e-03 -3.72198e-02 38 38 0 279.44564 22 38 38
381 27 7.69304e-01 -1.03002e-02 6.10510e-03 -3.71799e-02 38 38 0 279.46456 22 38 38
381 27 7.69192e-01 -1.29425e-02 7.71561e-03 -3.71238e-02 38 38 0 279.49114 22 38 38
381 27 7.69040e-01 -1.57895e-02 9.48717e-03 -3.70474e-02 38 38 0 279.52720 20 38 38
381 27 7.68838e-01 -1.88346e-02 1.14359e-02 -3.69460e-02 38 38 0 279.57485 20 38 38
381 27 7.68575e-01 -2.20614e-02 1.35795e-02 -3.68140e-02 38 38 0 279.63649 18 38 38
381 27 7.68238e-01 -2.54409e-02 1.59374e-02 -3.66449e-02 38 38 0 279.71482 16 38 38
381 27 7.67811e-01 -2.89282e-02 1.85312e-02 -3.64314e-02 38 38 0 279.81275 20 38 38
381 27 7.67275e-01 -3.24593e-02 2.13843e-02 -3.61649e-02 38 38 0 279.93333 20 38 38
381 27 7.66609e-01 -3.59490e-02 2.45227e-02 -3.58358e-02 38 38 0 280.07957 22 38 38
381 27 7.65787e-01 -3.92895e-02 2.79750e-02 -3.54337e-02 38 38 0 280.25422 20 38 38
381 27 7.64777e-01 -4.23523e-02 3.17725e-02 -3.49468e-02 38 38 0 280.45950 20 38 38
381 27 7.63540e-01 -4.49937e-02 3.59497e-02 -3.43623e-02 38 38 0 280.69674 14 38 38
381 27 7.62025e-01 -4.70638e-02 4.05447e-02 -3.36656e-02 38 38 0 280.96603 12 38 38
381 27 7.60163e-01 -4.84220e-02 4.55992e-02 -3.28403e-02 38 38 0 281.26589 10 38 38
381 27 7.57867e-01 -4.89583e-02 5.11591e-02 -3.18677e-02 38 38 0 281.59290 10 38 38
381 27 7.55003e-01 -4.86890e-02 5.72750e-02 -3.07315e-02 38 38 0 281.93982 8 38 38
382 27 7.72025e-01 6.49245e-03 1.00000e-03 -3.52959e-02 6 33 1 293.68620 6 9 33
382 27 7.71932e-01 1.36352e-02 2.10000e-03 -3.52790e-02 6 33 1 293.70930 6 9 33
382 27 7.71753e-01 2.14948e-02 3.31000e-03 -3.52465e-02 6 33 1 293.75390 6 9 33
382 27 7.71463e-01 3.01456e-02 4.64100e-03 -3.51939e-02 6 33 1 293.82677 6 9 33
382 27 7.71031e-01 3.96709e-02 6.10510e-03 -3.51153e-02 6 33 1 293.93683 6 9 33
382 27 7.70420e-01 5.01650e-02 7.71561e-03 -3.50037e-02 6 33 1 294.09617 6 9 33
382 27 7.69582e-01 6.17362e-02 9.48717e-03 -3.48497e-02 6 33 1 294.32144 6 9 33
382 27 7.68456e-01 7.45118e-02 1.14359e-02 -3.46414e-02 6 33 1 294.63625 6 9 33
382 27 7.66967e-01 8.86465e-02 1.35795e-02 -3.43632e-02 6 33 1 295.07512 6 9 33
382 27 7.65017e-01 1.04337e-01 1.59374e-02 -3.39943e-02 6 33 1 295.69054 6 9 33
382 27 7.62479e-01 1.21852e-01 1.85312e-02 -3.35055e-02 6 33 1 296.56637 6 9 33
382 27 7.59170e-01 1.41590e-01 2.13843e-02 -3.28534e-02 6 33 1 297.84585 6 9 33
382 27 7.54817e-01 1.64222e-01 2.45227e-02 -3.19675e-02 6 33 1 299.79890 6 9 35
382 27 7.48931e-01 1.91095e-01 2.79750e-02 -3.07126e-02 6 33 1 303.02319 6 9 34
382 27 7.41092e-01 2.22552e-01 3.17725e-02 -2.89123e-02 6 33 1 308.69944 6 9 34
383 27 7.78109e-01 -1.65608e-03 1.00000e-03 -3.05998e-02 41 41 0 334.34012 17 41 41
383 27 7.78086e-01 -3.47776e-03 2.10000e-03 -3.05963e-02 41 41 0 334.34920 17 41 41
383 27 7.78041e-01 -5.48157e-03 3.31000e-03 -3.05897e-02 41 41 0 334.36656 17 41 41
383 27 7.77968e-01 -7.68569e-03 4.64100e-03 -3.05790e-02 41 41 0 334.39440 17 41 41
383 27 7.77860e-01 -1.01101e-02 6.10510e-03 -3.05630e-02 41 41 0 334.43529 17 41 41
383 27 7.77707e-01 -1.27768e-02 7.71561e-03 -3.05400e-02 41 41 0 334.49210 17 41 41
383 27 7.77498e-01 -1.57099e-02 9.48717e-03 -3.05082e-02 41 41 0 334.56793 17 41 41
383 27 7.77220e-01 -1.89360e-02 1.14359e-02 -3.04649e-02 41 41 0 334.66580 17 41 41
383 27 7.76855e-01 -2.24841e-02 1.35795e-02 -3.04066e-02 41 41 0 334.78833 17 41 41
383 27 7.76384e-01 -2.63862e-02 1.59374e-02 -3.03289e-02 41 41 0 334.93700 17 41 41
384 27 7.80941e-01 -1.66475e-03 1.00000e-03 -2.83927e-02 43 43 0 357.64225 23 43 43
384 27 7.80918e-01 -3.49618e-03 2.10000e-03 -2.83891e-02 43 43 0 357.64445 23 43 43
384 27 7.80873e-01 -5.51129e-03 3.31000e-03 -2.83821e-02 43 43 0 357.64866 23 43 43
384 27 7.80801e-01 -7.72889e-03 4.64100e-03 -2.83709e-02 43 43 0 357.65546 23 43 43
384 27 7.80693e-01 -1.01699e-02 6.10510e-03 -2.83543e-02 43 43 0 357.66556 23 43 43
384 27 7.80541e-01 -1.28578e-02 7.71561e-03 -2.83307e-02 43 43 0 357.67984 23 43 43
384 27 7.80333e-01 -1.58185e-02 9.48717e-03 -2.82984e-02 43 43 0 357.69934 23 43 43
384 27 7.80054e-01 -1.90814e-02 1.14359e-02 -2.82551e-02 43 43 0 357.72536 23 43 43
384 27 7.79687e-01 -2.26794e-02 1.35795e-02 -2.81981e-02 43 43 0 357.75946 25 43 43
384 27 7.79210e-01 -2.66500e-02 1.59374e-02 -2.81239e-02 43 43 0 357.80351 25 43 43
384 27 7.78597e-01 -3.10358e-02 1.85312e-02 -2.80284e-02 43 43 0 357.85972 25 43 43
384 27 7.77813e-01 -3.58856e-02 2.13843e-02 -2.79064e-02 43 43 0 357.93073 25 43 43
384 27 7.76819e-01 -4.12561e-02 2.45227e-02 -2.77514e-02 43 43 0 358.01954 25 43 43
384 27 7.75565e-01 -4.72130e-02 2.79750e-02 -2.75554e-02 43 43 0 358.12960 25 43 43
384 27 7.73988e-01 -5.38337e-02 3.17725e-02 -2.73083e-02 43 43 0 358.26463 27 43 43
384 27 7.72011e-01 -6.12099e-02 3.59497e-02 -2.69976e-02 43 43 0 358.42844 27 43 43
384 27 7.69539e-01 -6.94515e-02 4.05447e-02 -2.66070e-02 43 43 0 358.62450 28 43 43
384 27 7.66453e-01 -7.86915e-02 4.55992e-02 -2.61157e-02 43 43 0 358.85509 29 43 43
384 27 7.62604e-01 -8.90969e-02 5.11591e-02 -2.54958e-02 43 43 0 359.12003 29 43 43
385 27 7.82526e-01 -1.68403e-03 1.00000e-03 -2.71533e-02 44 44 0 372.23995 24 44 44
385 27 7.82503e-01 -3.53649e-03 2.10000e-03 -2.71495e-02 44 44 0 372.24113 24 44 44
385 27 7.82459e-01 -5.57427e-03 3.31000e-03 -2.71423e-02 44 44 0 372.24340 24 44 44
385 27 7.82387e-01 -7.81598e-03 4.64100e-03 -2.71305e-02 44 44 0 372.24706 24 44 44
385 27 7.82280e-01 -1.02821e-02 6.10510e-03 -2.71131e-02 44 44 0 372.25249 24 44 44
385 27 7.82129e-01 -1.29952e-02 7.71561e-03 -2.70884e-02 44 44 0 372.26016 24 44 44
385 27 7.81922e-01 -1.59802e-02 9.48717e-03 -2.70545e-02 44 44 0 372.27062 24 44 44
385 27 7.81645e-01 -1.92646e-02 1.14359e-02 -2.70093e-02 44 44 0 372.28456 24 44 44
385 27 7.81281e-01 -2.28786e-02 1.35795e-02 -2.69497e-02 44 44 0 372.30278 24 44 44
385 27 7.80808e-01 -2.68559e-02 1.59374e-02 -2.68724e-02 44 44 0 372.32626 24 44 44
385 27 7.80199e-01 -3.12334e-02 1.85312e-02 -2.67730e-02 44 44 0 372.35612 24 44 44
385 27 7.79424e-01 -3.60521e-02 2.13843e-02 -2.66463e-02 44 44 0 372.39366 24 44 44
385 27 7.78441e-01 -4.13574e-02 2.45227e-02 -2.64858e-02 44 44 0 372.44037 24 44 44
385 27 7.77204e-01 -4.71997e-02 2.79750e-02 -2.62837e-02 44 44 0 372.49786 24 44 44
385 27 7.75651e-01 -5.36350e-02 3.17725e-02 -2.60300e-02 44 44 0 372.56786 24 44 44
385 27 7.73712e-01 -6.07253e-02 3.59497e-02 -2.57125e-02 44 44 0 372.65205 24 44 44
385 27 7.71297e-01 -6.85400e-02 4.05447e-02 -2.53154e-02 44 44 0 372.75199 24 44 44
385 27 7.68300e-01 -7.71569e-02 4.55992e-02 -2.48176e-02 44 44 0 372.86911 24 44 44
385 27 7.64596e-01 -8.66653e-02 5.11591e-02 -2.41880e-02 44 44 0 373.00620 24 44 44
386 27 7.84048e-01 -1.73067e-03 1.00000e-03 -2.59615e-02 45 45 0 387.47650 27 45 45
386 27 7.84024e-01 -3.63443e-03 2.10000e-03 -2.59575e-02 45 45 0 387.47716 27 45 45
386 27 7.83980e-01 -5.72861e-03 3.31000e-03 -2.59499e-02 45 45 0 387.47843 27 45 45
386 27 7.83908e-01 -8.03230e-03 4.64100e-03 -2.59377e-02 45 45 0 387.48048 27 45 45
386 27 7.83801e-01 -1.05665e-02 6.10510e-03 -2.59194e-02 45 45 0 387.48354 27 45 45
386 27 7.83649e-01 -1.33544e-02 7.71561e-03 -2.58936e-02 45 45 0 387.48787 27 45 45
386 27 7.83441e-01 -1.64214e-02 9.48717e-03 -2.58582e-02 45 45 0 387.49380 27 45 45
386 27 7.83164e-01 -1.97958e-02 1.14359e-02 -2.58109e-02 45 45 0 387.50177 27 45 45
386 27 7.82798e-01 -2.35084e-02 1.35795e-02 -2.57486e-02 45 45 0 387.51229 27 45 45
386 27 7.82323e-01 -2.75935e-02 1.59374e-02 -2.56679e-02 45 45 0 387.52600 27 45 45
386 27 7.81713e-01 -3.20888e-02 1.85312e-02 -2.55642e-02 45 45 0 387.54373 27 45 45
386 27 7.80934e-01 -3.70362e-02 2.13843e-02 -2.54320e-02 45 45 0 387.56650 27 45 45
386 27 7.79948e-01 -4.24820e-02 2.45227e-02 -2.52649e-02 45 45 0 387.59562 27 45 45
386 27 7.78705e-01 -4.84775e-02 2.79750e-02 -2.50547e-02 45 45 0 387.63274 27 45 45
386 27 7.77145e-01 -5.50798e-02 3.17725e-02 -2.47916e-02 45 45 0 387.68004 27 45 45
386 27 7.75195e-01 -6.23529e-02 3.59497e-02 -2.44636e-02 45 45 0 387.74033 27 45 45
386 27 7.72764e-01 -7.03685e-02 4.05447e-02 -2.40562e-02 45 45 0 387.81737 27 45 45
386 27 7.69738e-01 -7.92075e-02 4.55992e-02 -2.35514e-02 45 45 0 387.91618 27 45 45
386 27 7.65979e-01 -8.89620e-02 5.11591e-02 -2.29277e-02 45 45 0 388.04356 27 45 45
386 27 7.61314e-01 -9.97380e-02 5.72750e-02 -2.21582e-02 45 45 0 388.20852 27 45 45
387 27 7.86490e-01 -3.72675e-03 1.00000e-03 -2.40383e-02 19 47 0 414.95135 7 47 47
387 27 7.86446e-01 -7.82534e-03 2.10000e-03 -2.40317e-02 19 47 0 414.95216 7 47 47
387 27 7.86363e-01 -1.23317e-02 3.31000e-03 -2.40190e-02 19 47 0 414.95370 7 47 47
387 27 7.86229e-01 -1.72848e-02 4.64100e-03 -2.39985e-02 19 47 0 414.95617 7 47 47
387 27 7.86029e-01 -2.27264e-02 6.10510e-03 -2.39680e-02 19 47 0 414.95981 7 47 47
387 27 7.85747e-01 -2.87016e-02 7.71561e-03 -2.39249e-02 19 47 0 414.96487 7 47 47
387 27 7.85360e-01 -3.52578e-02 9.48717e-03 -2.38662e-02 19 47 0 414.97166 7 47 47
387 27 7.84845e-01 -4.24449e-02 1.14359e-02 -2.37880e-02 19 47 0 414.98049 7 47 47
387 27 7.84168e-01 -5.03139e-02 1.35795e-02 -2.36858e-02 19 47 0 414.99166 7 47 47
388 27 7.90027e-01 5.30582e-03 1.00000e-03 -2.12428e-02 7 33 1 462.94436 7 7 47
388 27 7.89956e-01 1.11491e-02 2.10000e-03 -2.12338e-02 7 33 1 462.96455 7 7 47
388 27 7.89819e-01 1.75943e-02 3.31000e-03 -2.12166e-02 7 33 1 463.00372 7 7 47
388 27 7.89597e-01 2.47180e-02 4.64100e-03 -2.11886e-02 7 33 1 463.06824 7 7 47
388 27 7.89264e-01 3.26139e-02 6.10510e-03 -2.11465e-02 7 33 1 463.16696 7 7 47
388 27 7.88787e-01 4.14003e-02 7.71561e-03 -2.10860e-02 7 33 1 463.31260 7 7 47
388 27 7.88124e-01 5.12321e-02 9.48717e-03 -2.10012e-02 7 33 1 463.52421 7 7 47
388 27 7.87215e-01 6.23231e-02 1.14359e-02 -2.08838e-02 7 33 1 463.83162 7 7 47
388 27 7.85975e-01 7.49868e-02 1.35795e-02 -2.07215e-02 7 33 1 464.28451 7 7 47
388 27 7.84275e-01 8.97165e-02 1.59374e-02 -2.04952e-02 7 33 1 464.97221 7 7 47
388 27 7.81898e-01 1.07353e-01 1.85312e-02 -2.01715e-02 7 29 1 466.07253 7 7 47
388 27 7.78434e-01 1.29477e-01 2.13843e-02 -1.96851e-02 7 29 1 467.99375 7 7 47
388 27 7.72915e-01 1.59666e-01 2.45227e-02 -1.88811e-02 7 29 1 471.92226 7 7 47
388 27 7.64059e-01 1.99926e-01 2.79750e-02 -1.75423e-02 7 25 1 480.84070 7 7 48
388 27 7.51451e-01 2.46797e-01 3.17725e-02 -1.54924e-02 7 25 1 501.71348 7 7 46
389 27 7.92613e-01 -1.42230e-03 1.00000e-03 -1.92100e-02 52 52 0 505.81089 52 52 52
389 27 7.92596e-01 -2.98721e-03 2.10000e-03 -1.92026e-02 52 52 0 505.82763 52 52 52
389 27 7.92564e-01 -4.70953e-03 3.31000e-03 -1.91884e-02 52 52 0 505.85994 52 52 52
389 27 7.92513e-01 -6.60588e-03 4.64100e-03 -1.91654e-02 52 52 0 505.91267 52 52 52
389 27 7.92437e-01 -8.69497e-03 6.10510e-03 -1.91311e-02 52 52 0 505.99220 52 52 52
389 27 7.92329e-01 -1.09981e-02 7.71561e-03 -1.90823e-02 52 52 0 506.10707 52 52 52
389 27 7.92182e-01 -1.35398e-02 9.48717e-03 -1.90151e-02 52 52 0 506.26892 52 52 52
389 27 7.91986e-01 -1.63489e-02 1.14359e-02 -1.89246e-02 52 52 0 506.49386 52 52 52
389 27 7.91729e-01 -1.94596e-02 1.35795e-02 -1.88043e-02 52 52 0 506.80462 52 52 52
389 27 7.91397e-01 -2.29144e-02 1.59374e-02 -1.86464e-02 52 52 0 507.23358 52 52 52
389 27 7.90970e-01 -2.67667e-02 1.85312e-02 -1.84413e-02 52 52 0 507.82635 52 52 52
389 27 7.90425e-01 -3.10843e-02 2.13843e-02 -1.81780e-02 52 52 0 508.64377 52 52 52
389 27 7.89727e-01 -3.59470e-02 2.45227e-02 -1.78460e-02 52 52 0 509.75489 52 52 52
389 27 7.88831e-01 -4.14000e-02 2.79750e-02 -1.74365e-02 52 52 0 511.21271 50 52 52
389 27 7.87715e-01 -4.70027e-02 3.17725e-02 -1.69342e-02 52 52 0 513.05690 46 52 52
390 27 7.96141e-01 -1.40622e-03 1.00000e-03 -1.64069e-02 55 55 0 580.71669 49 55 55
390 27 7.96119e-01 -2.95313e-03 2.10000e-03 -1.64045e-02 55 55 0 580.73089 49 55 55
390 27 7.96075e-01 -4.65486e-03 3.31000e-03 -1.64000e-02 55 55 0 580.75806 49 55 55
390 27 7.96005e-01 -6.52703e-03 4.64100e-03 -1.63926e-02 55 55 0 580.80175 49 55 55
390 27 7.95900e-01 -8.58685e-03 6.10510e-03 -1.63816e-02 55 55 0 580.86618 49 55 55
390 27 7.95752e-01 -1.08533e-02 7.71561e-03 -1.63660e-02 55 55 0 580.95627 49 55 55
390 27 7.95550e-01 -1.33475e-02 9.48717e-03 -1.63444e-02 55 55 0 581.07756 49 55 55
390 27 7.95279e-01 -1.60924e-02 1.14359e-02 -1.63153e-02 55 55 0 581.23611 49 55 55
390 27 7.94924e-01 -1.91139e-02 1.35795e-02 -1.62766e-02 55 55 0 581.43810 49 55 55
390 27 7.94463e-01 -2.24405e-02 1.59374e-02 -1.62256e-02 55 55 0 581.68920 49 55 55
390 27 7.93873e-01 -2.61039e-02 1.85312e-02 -1.61588e-02 55 55 0 581.99343 49 55 55
390 27 7.93122e-01 -3.01404e-02 2.13843e-02 -1.60717e-02 55 55 0 582.35144 49 55 55
390 27 7.92174e-01 -3.45924e-02 2.45227e-02 -1.59585e-02 55 55 0 582.75828 49 55 55
390 27 7.90984e-01 -3.95115e-02 2.79750e-02 -1.58116e-02 55 55 0 583.20076 49 55 55
391 27 7.97491e-01 -1.36976e-03 1.00000e-03 -1.53314e-02 57 57 0 616.03931 39 57 57
391 27 7.97469e-01 -2.87636e-03 2.10000e-03 -1.53289e-02 57 57 0 616.04272 39 57 57
391 27 7.97426e-01 -4.53323e-03 3.31000e-03 -1.53240e-02 57 57 0 616.04926 39 57 57
391 27 7.97357e-01 -6.35510e-03 4.64100e-03 -1.53160e-02 57 57 0 616.05981 39 57 57
391 27 7.97255e-01 -8.35796e-03 6.10510e-03 -1.53042e-02 57 57 0 616.07544 39 57 57
391 27 7.97110e-01 -1.05592e-02 7.71561e-03 -1.52876e-02 57 57 0 616.09745 39 57 57
391 27 7.96912e-01 -1.29777e-02 9.48717e-03 -1.52647e-02 57 57 0 616.12739 39 57 57
391 27 7.96647e-01 -1.56339e-02 1.14359e-02 -1.52341e-02 57 57 0 616.16708 39 57 57
391 27 7.96298e-01 -1.85494e-02 1.35795e-02 -1.51939e-02 57 57 0 616.21865 39 57 57
391 27 7.95846e-01 -2.17477e-02 1.59374e-02 -1.51416e-02 57 57 0 616.28451 39 57 57
391 27 7.95265e-01 -2.52535e-02 1.85312e-02 -1.50744e-02 57 57 0 616.36733 39 57 57
391 27 7.94525e-01 -2.90926e-02 2.13843e-02 -1.49886e-02 57 57 0 616.46987 39 57 57
391 27 7.93590e-01 -3.32920e-02 2.45227e-02 -1.48799e-02 57 57 0 616.59481 39 57 57
391 27 7.92414e-01 -3.78795e-02 2.79750e-02 -1.47428e-02 57 57 0 616.74428 39 57 57
391 27 7.90943e-01 -4.28836e-02 3.17725e-02 -1.45706e-02 57 57 0 616.91911 39 57 57
391 27 7.89111e-01 -4.83348e-02 3.59497e-02 -1.43554e-02 57 57 0 617.11765 33 57 57
391 27 7.86834e-01 -5.42704e-02 4.05447e-02 -1.40875e-02 57 57 0 617.33416 33 57 57
391 27 7.84008e-01 -6.07542e-02 4.55992e-02 -1.37568e-02 57 57 0 617.55852 33 57 57
391 27 7.80492e-01 -6.79447e-02 5.11591e-02 -1.33548e-02 57 57 0 617.78868 33 57 57
392 27 7.98892e-01 -1.27142e-03 1.00000e-03 -1.42134e-02 59 59 0 657.92073 23 59 59
392 27 7.98871e-01 -2.66996e-03 2.10000e-03 -1.42107e-02 59 59 0 657.92161 23 59 59
392 27 7.98829e-01 -4.20835e-03 3.31000e-03 -1.42054e-02 59 59 0 657.92328 23 59 59
392 27 7.98763e-01 -5.90054e-03 4.64100e-03 -1.41969e-02 59 59 0 657.92598 23 59 59
392 27 7.98665e-01 -7.76188e-03 6.10510e-03 -1.41843e-02 59 59 0 657.92996 23 59 59
392 27 7.98525e-01 -9.80925e-03 7.71561e-03 -1.41665e-02 59 59 0 657.93553 23 59 59
392 27 7.98334e-01 -1.20612e-02 9.48717e-03 -1.41421e-02 59 59 0 657.94303 23 59 59
392 27 7.98078e-01 -1.45380e-02 1.14359e-02 -1.41095e-02 59 59 0 657.95284 23 59 59
392 27 7.97741e-01 -1.72619e-02 1.35795e-02 -1.40667e-02 59 59 0 657.96538 23 59 59
392 27 7.97304e-01 -2.02570e-02 1.59374e-02 -1.40112e-02 59 59 0 657.98101 23 59 59
392 27 7.96742e-01 -2.35489e-02 1.85312e-02 -1.39401e-02 59 59 0 658.00008 23 59 59
392 27 7.96025e-01 -2.71644e-02 2.13843e-02 -1.38497e-02 59 59 0 658.02277 23 59 59
392 27 7.95118e-01 -3.11292e-02 2.45227e-02 -1.37359e-02 59 59 0 658.04904 23 59 59
392 27 7.93975e-01 -3.54648e-02 2.79750e-02 -1.35935e-02 59 59 0 658.07849 23 59 59
392 27 7.92543e-01 -4.01815e-02 3.17725e-02 -1.34166e-02 59 59 0 658.11039 23 59 59
392 27 7.90757e-01 -4.52670e-02 3.59497e-02 -1.31982e-02 59 59 0 658.14378 25 59 59
392 27 7.88543e-01 -5.06680e-02 4.05447e-02 -1.29304e-02 59 59 0 658.17825 25 59 59
392 27 7.85811e-01 -5.62725e-02 4.55992e-02 -1.26045e-02 59 59 0 658.21564 25 59 59
393 27 8.01090e-01 -2.43988e-03 1.00000e-03 -1.24527e-02 63 63 0 737.69350 9 63 63
393 27 8.01061e-01 -5.12391e-03 2.10000e-03 -1.24487e-02 63 63 0 737.69474 9 63 63
393 27 8.01006e-01 -8.07679e-03 3.31000e-03 -1.24409e-02 63 63 0 737.69716 9 63 63
393 27 8.00916e-01 -1.13258e-02 4.64100e-03 -1.24283e-02 63 63 0 737.70113 9 63 63
393 27 8.00783e-01 -1.49011e-02 6.10510e-03 -1.24096e-02 63 63 0 737.70718 9 63 63
393 27 8.00594e-01 -1.88362e-02 7.71561e-03 -1.23831e-02 63 63 0 737.71608 9 63 63
393 27 8.00335e-01 -2.31684e-02 9.48717e-03 -1.23468e-02 63 63 0 737.72890 9 63 63
393 27 7.99989e-01 -2.79393e-02 1.14359e-02 -1.22980e-02 63 63 0 737.74725 9 63 63
393 27 7.99533e-01 -3.31954e-02 1.35795e-02 -1.22337e-02 63 63 0 737.77354 9 63 63
393 27 7.98941e-01 -3.89894e-02 1.59374e-02 -1.21498e-02 63 63 0 737.81153 9 63 63
393 27 7.98179e-01 -4.53811e-02 1.85312e-02 -1.20414e-02 63 63 0 737.86717 9 63 63
393 27 7.97207e-01 -5.24395e-02 2.13843e-02 -1.19022e-02 63 63 0 737.95019 9 63 63
393 27 7.95974e-01 -6.02451e-02 2.45227e-02 -1.17241e-02 63 63 0 738.07676 9 63 63
393 27 7.94418e-01 -6.88935e-02 2.79750e-02 -1.14970e-02 63 63 0 738.27438 9 63 63
393 27 7.92461e-01 -7.84992e-02 3.17725e-02 -1.12076e-02 63 63 0 738.59028 9 63 63
393 27 7.90006e-01 -8.91966e-02 3.59497e-02 -1.08386e-02 63 63 0 739.10367 9 63 63
394 27 8.04086e-01 -1.70503e-03 1.00000e-03 -1.00497e-02 68 68 0 887.30334 16 68 68
394 27 8.04061e-01 -3.58053e-03 2.10000e-03 -1.00478e-02 68 68 0 887.34276 16 68 68
394 27 8.04013e-01 -5.64349e-03 3.31000e-03 -1.00440e-02 68 68 0 887.41752 16 68 68
394 27 8.03936e-01 -7.91258e-03 4.64100e-03 -1.00378e-02 68 68 0 887.53586 16 68 68
394 27 8.03821e-01 -1.04083e-02 6.10510e-03 -1.00284e-02 68 68 0 887.70602 16 68 68
395 27 8.06151e-01 -1.40117e-03 1.00000e-03 -8.38730e-03 74 74 0 1035.93931 44 74 74
395 27 8.06129e-01 -2.94248e-03 2.10000e-03 -8.38497e-03 74 74 0 1035.93998 44 74 74
395 27 8.06086e-01 -4.63801e-03 3.31000e-03 -8.38050e-03 74 74 0 1035.94122 44 74 74
395 27 8.06016e-01 -6.50320e-03 4.64100e-03 -8.37330e-03 74 74 0 1035.94311 44 74 74
395 27 8.05913e-01 -8.55498e-03 6.10510e-03 -8.36265e-03 74 74 0 1035.94566 44 74 74
395 27 8.05766e-01 -1.08118e-02 7.71561e-03 -8.34768e-03 74 74 0 1035.94887 44 74 74
395 27 8.05565e-01 -1.32935e-02 9.48717e-03 -8.32739e-03 74 74 0 1035.95277 44 74 74
395 27 8.05296e-01 -1.60215e-02 1.14359e-02 -8.30058e-03 74 74 0 1035.95770 44 74 74
395 27 8.04940e-01 -1.90184e-02 1.35795e-02 -8.26593e-03 74 74 0 1035.96507 44 74 74
395 27 8.04478e-01 -2.23100e-02 1.59374e-02 -8.22195e-03 74 74 0 1035.97905 44 74 74
395 27 8.03882e-01 -2.59302e-02 1.85312e-02 -8.16709e-03 74 74 0 1036.00983 46 74 74
395 27 8.03118e-01 -2.99378e-02 2.13843e-02 -8.09962e-03 74 74 0 1036.07866 44 74 74
395 27 8.02142e-01 -3.44521e-02 2.45227e-02 -8.01730e-03 74 74 0 1036.22066 40 74 74
395 27 8.00895e-01 -3.96889e-02 2.79750e-02 -7.91621e-03 74 74 0 1036.47300 40 74 74
396 27 8.08752e-01 -1.45840e-03 1.00000e-03 -6.28739e-03 83 83 0 1324.40369 53 83 83
396 27 8.08728e-01 -3.06274e-03 2.10000e-03 -6.28585e-03 83 83 0 1324.42737 53 83 83
396 27 8.08683e-01 -4.82779e-03 3.31000e-03 -6.28288e-03 83 83 0 1324.47270 53 83 83
396 27 8.08609e-01 -6.76988e-03 4.64100e-03 -6.27807e-03 83 83 0 1324.54565 53 83 83
396 27 8.08500e-01 -8.90715e-03 6.10510e-03 -6.27092e-03 83 83 0 1324.65331 53 83 83
396 27 8.08346e-01 -1.12598e-02 7.71561e-03 -6.26076e-03 83 83 0 1324.80401 53 83 83
396 27 8.08134e-01 -1.38506e-02 9.48717e-03 -6.24681e-03 83 83 0 1325.00721 53 83 83
396 27 8.07851e-01 -1.67053e-02 1.14359e-02 -6.22805e-03 83 83 0 1325.27336 54 83 83
396 27 8.07479e-01 -1.98536e-02 1.35795e-02 -6.20320e-03 83 83 0 1325.61323 55 83 83
396 27 8.06995e-01 -2.33304e-02 1.59374e-02 -6.17065e-03 83 83 0 1326.03678 57 83 83
396 27 8.06373e-01 -2.71781e-02 1.85312e-02 -6.12834e-03 83 83 0 1326.55104 57 83 83
396 27 8.05579e-01 -3.14492e-02 2.13843e-02 -6.07362e-03 83 83 0 1327.15645 59 83 83
396 27 8.04572e-01 -3.62102e-02 2.45227e-02 -6.00310e-03 83 83 0 1327.84097 61 83 83
397 27 8.13647e-01 -1.60193e-03 1.00000e-03 -2.31626e-03 82 123 0 3078.32442 27 123 123
397 27 8.13622e-01 -3.36348e-03 2.10000e-03 -2.31533e-03 86 123 0 3078.46877 27 123 123
397 27 8.13574e-01 -5.29977e-03 3.31000e-03 -2.31353e-03 86 123 0 3078.74332 27 123 123
