0 2 5.79358e-01 -1.58100e-03 1.00000e-03 -1.65499e-01 1 1 0 4.29793 1 1 1
0 2 5.79342e-01 -3.32009e-03 2.10000e-03 -1.65487e-01 1 1 0 4.29794 1 1 1
0 2 5.79312e-01 -5.23308e-03 3.31000e-03 -1.65464e-01 1 1 0 4.29795 1 1 1
0 2 5.79264e-01 -7.33734e-03 4.64100e-03 -1.65425e-01 1 1 0 4.29797 1 1 1
0 2 5.79192e-01 -9.65198e-03 6.10510e-03 -1.65369e-01 1 1 0 4.29800 1 1 1
0 2 5.79090e-01 -1.21980e-02 7.71561e-03 -1.65289e-01 1 1 0 4.29804 1 1 1
0 2 5.78950e-01 -1.49986e-02 9.48717e-03 -1.65179e-01 1 1 0 4.29810 1 1 1
0 2 5.78764e-01 -1.80790e-02 1.14359e-02 -1.65032e-01 1 1 0 4.29817 1 1 1
0 2 5.78518e-01 -2.14673e-02 1.35795e-02 -1.64839e-01 1 1 0 4.29827 1 1 1
0 2 5.78199e-01 -2.51941e-02 1.59374e-02 -1.64589e-01 1 1 0 4.29839 1 1 1
0 2 5.77790e-01 -2.92931e-02 1.85312e-02 -1.64267e-01 1 1 0 4.29855 1 1 1
0 2 5.77267e-01 -3.38014e-02 2.13843e-02 -1.63857e-01 1 1 0 4.29876 1 1 1
0 2 5.76606e-01 -3.87596e-02 2.45227e-02 -1.63338e-01 1 1 0 4.29901 1 1 1
0 2 5.75773e-01 -4.42125e-02 2.79750e-02 -1.62686e-01 1 1 0 4.29933 1 1 1
0 2 5.74729e-01 -5.02089e-02 3.17725e-02 -1.61869e-01 1 1 0 4.29972 1 1 1
0 2 5.73425e-01 -5.68026e-02 3.59497e-02 -1.60850e-01 1 1 0 4.30021 1 1 1
0 2 5.71802e-01 -6.40525e-02 4.05447e-02 -1.59584e-01 1 1 0 4.30080 1 1 1
0 2 5.69786e-01 -7.20229e-02 4.55992e-02 -1.58015e-01 1 1 0 4.30150 1 1 1
0 2 5.67286e-01 -8.07844e-02 5.11591e-02 -1.56077e-01 1 1 0 4.30235 1 1 1
0 2 5.64193e-01 -9.04137e-02 5.72750e-02 -1.53687e-01 1 1 0 4.30335 1 1 1
0 2 5.60369e-01 -1.00995e-01 6.40025e-02 -1.50745e-01 1 1 0 4.30450 1 1 1
0 2 5.55643e-01 -1.12618e-01 7.14028e-02 -1.47131e-01 1 1 0 4.30581 1 1 1
0 2 5.49805e-01 -1.25383e-01 7.95430e-02 -1.42695e-01 1 1 0 4.30724 1 1 1
0 2 5.42588e-01 -1.39395e-01 8.84973e-02 -1.37258e-01 1 1 0 4.30872 1 1 1
0 2 5.33661e-01 -1.54769e-01 9.83471e-02 -1.30599e-01 1 1 0 4.31012 1 1 1
0 2 5.22600e-01 -1.71625e-01 1.09182e-01 -1.22447e-01 1 1 0 4.31116 1 1 1
0 2 5.08864e-01 -1.90092e-01 1.21100e-01 -1.12469e-01 1 1 0 4.31140 1 1 1
0 2 4.91751e-01 -2.10299e-01 1.34210e-01 -1.00250e-01 1 1 0 4.31000 1 1 1
0 2 4.70344e-01 -2.32381e-01 1.48631e-01 -8.52657e-02 1 1 0 4.30560 1 1 1
0 2 4.43425e-01 -2.56465e-01 1.64494e-01 -6.68419e-02 1 1 0 4.29582 1 1 1
0 2 4.09360e-01 -2.82670e-01 1.81943e-01 -4.40773e-02 1 1 0 4.27669 1 1 1
0 2 3.65932e-01 -3.11096e-01 2.01138e-01 -1.57081e-02 1 1 0 4.24163 1 1 1
1 2 7.33154e-01 -1.28947e-03 1.00000e-03 -6.45699e-02 2 2 0 12.31169 2 2 2
1 2 7.33136e-01 -2.70790e-03 2.10000e-03 -6.45634e-02 2 2 0 12.31166 2 2 2
1 2 7.33101e-01 -4.26819e-03 3.31000e-03 -6.45510e-02 2 2 0 12.31161 2 2 2
1 2 7.33044e-01 -5.98456e-03 4.64100e-03 -6.45309e-02 2 2 0 12.31151 2 2 2
1 2 7.32960e-01 -7.87264e-03 6.10510e-03 -6.45011e-02 2 2 0 12.31138 2 2 2
1 2 7.32840e-01 -9.94965e-03 7.71561e-03 -6.44589e-02 2 2 0 12.31118 2 2 2
1 2 7.32676e-01 -1.22346e-02 9.48717e-03 -6.44012e-02 2 2 0 12.31091 2 2 2
1 2 7.32457e-01 -1.47482e-02 1.14359e-02 -6.43239e-02 2 2 0 12.31055 2 2 2
1 2 7.32169e-01 -1.75137e-02 1.35795e-02 -6.42223e-02 2 2 0 12.31008 2 2 2
1 2 7.31795e-01 -2.05562e-02 1.59374e-02 -6.40904e-02 2 2 0 12.30946 2 2 2
1 2 7.31313e-01 -2.39039e-02 1.85312e-02 -6.39209e-02 2 2 0 12.30865 2 2 2
1 2 7.30700e-01 -2.75874e-02 2.13843e-02 -6.37050e-02 2 2 0 12.30762 2 2 2
1 2 7.29923e-01 -3.16410e-02 2.45227e-02 -6.34319e-02 2 2 0 12.30630 2 2 2
1 2 7.28945e-01 -3.61022e-02 2.79750e-02 -6.30882e-02 2 2 0 12.30461 2 2 2
1 2 7.27718e-01 -4.10126e-02 3.17725e-02 -6.26579e-02 2 2 0 12.30247 2 2 2
1 2 7.26186e-01 -4.64184e-02 3.59497e-02 -6.21211e-02 2 2 0 12.29973 2 2 2
1 2 7.24277e-01 -5.23708e-02 4.05447e-02 -6.14540e-02 2 2 0 12.29623 2 2 2
1 2 7.21905e-01 -5.89265e-02 4.55992e-02 -6.06272e-02 2 2 0 12.29176 2 2 2
1 2 7.18964e-01 -6.61491e-02 5.11591e-02 -5.96049e-02 2 2 0 12.28600 2 2 2
1 2 7.15320e-01 -7.41093e-02 5.72750e-02 -5.83437e-02 2 2 0 12.27856 2 2 2
1 2 7.10811e-01 -8.28865e-02 6.40025e-02 -5.67902e-02 2 2 0 12.26888 2 2 2
1 2 7.05234e-01 -9.25704e-02 7.14028e-02 -5.48793e-02 2 2 0 12.25617 2 2 2
1 2 6.98334e-01 -1.03262e-01 7.95430e-02 -5.25312e-02 2 2 0 12.23931 2 2 2
1 2 6.89791e-01 -1.15078e-01 8.84973e-02 -4.96472e-02 2 2 0 12.21670 2 2 2
1 2 6.79200e-01 -1.28152e-01 9.83471e-02 -4.61051e-02 2 2 0 12.18599 2 2 2
1 2 6.66042e-01 -1.42638e-01 1.09182e-01 -4.17516e-02 2 2 0 12.14372 2 2 2
1 2 6.49646e-01 -1.58719e-01 1.21100e-01 -3.63913e-02 2 2 0 12.08467 2 2 2
1 2 6.29136e-01 -1.76617e-01 1.34210e-01 -2.97688e-02 2 2 0 12.00095 2 2 2
1 2 6.03346e-01 -1.96600e-01 1.48631e-01 -2.15383e-02 2 2 0 11.88049 2 2 2
1 2 5.70707e-01 -2.19008e-01 1.64494e-01 -1.12064e-02 2 2 0 11.70489 2 2 2
2 2 7.77892e-01 -1.65615e-03 1.00000e-03 -3.07687e-02 3 3 0 24.64266 1 3 3
2 2 7.77870e-01 -3.47791e-03 2.10000e-03 -3.07641e-02 3 3 0 24.64256 1 3 3
2 2 7.77828e-01 -5.48180e-03 3.31000e-03 -3.07552e-02 3 3 0 24.64236 1 3 3
2 2 7.77760e-01 -7.68602e-03 4.64100e-03 -3.07409e-02 3 3 0 24.64204 1 3 3
2 2 7.77658e-01 -1.01106e-02 6.10510e-03 -3.07195e-02 3 3 0 24.64157 1 3 3
2 2 7.77515e-01 -1.27774e-02 7.71561e-03 -3.06893e-02 3 3 0 24.64089 1 3 3
2 2 7.77318e-01 -1.57106e-02 9.48717e-03 -3.06479e-02 3 3 0 24.63996 1 3 3
2 2 7.77055e-01 -1.89367e-02 1.14359e-02 -3.05926e-02 3 3 0 24.63872 1 3 3
2 2 7.76709e-01 -2.24849e-02 1.35795e-02 -3.05198e-02 3 3 0 24.63707 1 3 3
2 2 7.76260e-01 -2.63871e-02 1.59374e-02 -3.04253e-02 3 3 0 24.63492 1 3 3
2 2 7.75683e-01 -3.06783e-02 1.85312e-02 -3.03040e-02 3 3 0 24.63214 1 3 3
2 2 7.74946e-01 -3.53970e-02 2.13843e-02 -3.01494e-02 3 3 0 24.62855 1 3 3
2 2 7.74014e-01 -4.05853e-02 2.45227e-02 -2.99538e-02 3 3 0 24.62395 1 3 3
2 2 7.72840e-01 -4.62892e-02 2.79750e-02 -2.97078e-02 3 3 0 24.61807 1 3 3
2 2 7.71369e-01 -5.25590e-02 3.17725e-02 -2.93997e-02 3 3 0 24.61054 1 3 3
2 2 7.69531e-01 -5.94497e-02 3.59497e-02 -2.90156e-02 3 3 0 24.60092 1 3 3
2 2 7.67242e-01 -6.70212e-02 4.05447e-02 -2.85382e-02 3 3 0 24.58857 1 3 3
2 2 7.64398e-01 -7.53384e-02 4.55992e-02 -2.79467e-02 3 3 0 24.57269 1 3 3
2 2 7.60873e-01 -8.44717e-02 5.11591e-02 -2.72155e-02 3 3 0 24.55213 1 3 3
2 2 7.56509e-01 -9.44973e-02 5.72750e-02 -2.63135e-02 3 3 0 24.52536 1 3 3
2 2 7.51111e-01 -1.05497e-01 6.40025e-02 -2.52028e-02 3 3 0 24.49020 1 3 3
2 2 7.44440e-01 -1.17557e-01 7.14028e-02 -2.38365e-02 3 3 0 24.44357 1 3 3
2 2 7.36193e-01 -1.30771e-01 7.95430e-02 -2.21573e-02 3 3 0 24.38103 1 3 3
2 2 7.25995e-01 -1.45235e-01 8.84973e-02 -2.00937e-02 3 3 0 24.29610 1 3 3
2 2 7.13370e-01 -1.61051e-01 9.83471e-02 -1.75557e-02 3 3 0 24.17921 1 3 3
2 2 6.97715e-01 -1.78320e-01 1.09182e-01 -1.44277e-02 3 3 0 24.01602 1 3 3
2 2 6.78259e-01 -1.97147e-01 1.21100e-01 -1.05566e-02 3 3 0 23.78503 1 3 3
2 2 6.54003e-01 -2.17634e-01 1.34210e-01 -5.72990e-03 3 3 0 23.45401 1 3 3
3 2 7.95825e-01 -1.41129e-03 1.00000e-03 -1.66588e-02 4 4 0 42.44697 4 4 4
3 2 7.95803e-01 -2.96371e-03 2.10000e-03 -1.66556e-02 4 4 0 42.44669 4 4 4
3 2 7.95762e-01 -4.67141e-03 3.31000e-03 -1.66494e-02 4 4 0 42.44616 4 4 4
3 2 7.95694e-01 -6.54992e-03 4.64100e-03 -1.66394e-02 4 4 0 42.44531 4 4 4
3 2 7.95594e-01 -8.61636e-03 6.10510e-03 -1.66246e-02 4 4 0 42.44404 4 4 4
3 2 7.95453e-01 -1.08896e-02 7.71561e-03 -1.66036e-02 4 4 0 42.44223 4 4 4
3 2 7.95260e-01 -1.33903e-02 9.48717e-03 -1.65748e-02 4 4 0 42.43975 4 4 4
3 2 7.95000e-01 -1.61414e-02 1.14359e-02 -1.65363e-02 4 4 0 42.43643 4 4 4
3 2 7.94660e-01 -1.91680e-02 1.35795e-02 -1.64856e-02 4 4 0 42.43203 4 4 4
3 2 7.94217e-01 -2.24979e-02 1.59374e-02 -1.64199e-02 4 4 0 42.42628 4 4 4
3 2 7.93648e-01 -2.61616e-02 1.85312e-02 -1.63354e-02 4 4 0 42.41883 4 4 4
3 2 7.92923e-01 -3.01929e-02 2.13843e-02 -1.62278e-02 4 4 0 42.40925 4 4 4
3 2 7.92004e-01 -3.46290e-02 2.45227e-02 -1.60916e-02 4 4 0 42.39696 4 4 4
3 2 7.90847e-01 -3.95111e-02 2.79750e-02 -1.59203e-02 4 4 0 42.38123 4 4 4
3 2 7.89396e-01 -4.48847e-02 3.17725e-02 -1.57057e-02 4 4 0 42.36113 4 4 4
3 2 7.87582e-01 -5.08000e-02 3.59497e-02 -1.54380e-02 4 4 0 42.33541 4 4 4
3 2 7.85323e-01 -5.73129e-02 4.05447e-02 -1.51053e-02 4 4 0 42.30242 4 4 4
3 2 7.82515e-01 -6.44855e-02 4.55992e-02 -1.46926e-02 4 4 0 42.25997 4 4 4
3 2 7.79031e-01 -7.23866e-02 5.11591e-02 -1.41822e-02 4 4 0 42.20501 4 4 4
3 2 7.74714e-01 -8.10933e-02 5.72750e-02 -1.35519e-02 4 4 0 42.13340 4 4 4
3 2 7.69369e-01 -9.06914e-02 6.40025e-02 -1.27746e-02 4 4 0 42.03927 4 4 4
3 2 7.62753e-01 -1.01277e-01 7.14028e-02 -1.18166e-02 4 4 0 41.91428 4 4 4
3 2 7.54562e-01 -1.12960e-01 7.95430e-02 -1.06360e-02 4 4 0 41.74637 4 4 4
3 2 7.44412e-01 -1.25861e-01 8.84973e-02 -9.17961e-03 4 4 0 41.51789 4 4 4
3 2 7.31816e-01 -1.40119e-01 9.83471e-02 -7.37837e-03 4 4 0 41.20265 4 4 4
3 2 7.16155e-01 -1.55891e-01 1.09182e-01 -5.14004e-03 4 4 0 40.76167 4 4 4
4 2 8.04039e-01 -1.70493e-03 1.00000e-03 -1.00875e-02 5 5 0 65.51278 1 5 5
4 2 8.04015e-01 -3.58031e-03 2.10000e-03 -1.00849e-02 5 5 0 65.51226 1 5 5
4 2 8.03969e-01 -5.64317e-03 3.31000e-03 -1.00798e-02 5 5 0 65.51126 1 5 5
4 2 8.03894e-01 -7.91219e-03 4.64100e-03 -1.00716e-02 5 5 0 65.50965 1 5 5
4 2 8.03783e-01 -1.04079e-02 6.10510e-03 -1.00595e-02 5 5 0 65.50725 1 5 5
4 2 8.03625e-01 -1.31528e-02 7.71561e-03 -1.00422e-02 5 5 0 65.50384 1 5 5
4 2 8.03410e-01 -1.61717e-02 9.48717e-03 -1.00187e-02 5 5 0 65.49916 1 5 5
4 2 8.03122e-01 -1.94917e-02 1.14359e-02 -9.98717e-03 5 5 0 65.49287 1 5 5
4 2 8.02743e-01 -2.31426e-02 1.35795e-02 -9.94571e-03 5 5 0 65.48453 1 5 5
4 2 8.02250e-01 -2.71569e-02 1.59374e-02 -9.89191e-03 5 5 0 65.47362 1 5 5
4 2 8.01617e-01 -3.15704e-02 1.85312e-02 -9.82280e-03 5 5 0 65.45943 1 5 5
4 2 8.00811e-01 -3.64219e-02 2.13843e-02 -9.73476e-03 5 5 0 65.44110 1 5 5
4 2 7.99789e-01 -4.17540e-02 2.45227e-02 -9.62337e-03 5 5 0 65.41747 1 5 5
4 2 7.98503e-01 -4.76130e-02 2.79750e-02 -9.48325e-03 5 5 0 65.38708 1 5 5
4 2 7.96891e-01 -5.40493e-02 3.17725e-02 -9.30782e-03 5 5 0 65.34794 1 5 5
4 2 7.94877e-01 -6.11173e-02 3.59497e-02 -9.08904e-03 5 5 0 65.29743 1 5 5
4 2 7.92370e-01 -6.88759e-02 4.05447e-02 -8.81713e-03 5 5 0 65.23200 1 5 5
4 2 7.89256e-01 -7.73882e-02 4.55992e-02 -8.48012e-03 5 5 0 65.14674 1 5 5
4 2 7.85396e-01 -8.67218e-02 5.11591e-02 -8.06337e-03 5 5 0 65.03486 1 5 5
4 2 7.80619e-01 -9.69485e-02 5.72750e-02 -7.54892e-03 5 5 0 64.88670 1 5 5
4 2 7.74712e-01 -1.08144e-01 6.40025e-02 -6.91457e-03 5 5 0 64.68845 1 5 5
4 2 7.67415e-01 -1.20386e-01 7.14028e-02 -6.13264e-03 5 5 0 64.42000 1 5 5
4 2 7.58399e-01 -1.33757e-01 7.95430e-02 -5.16812e-03 5 5 0 64.05174 1 5 5
4 2 7.47257e-01 -1.48339e-01 8.84973e-02 -3.97559e-03 5 5 0 63.53973 1 5 5
4 2 7.33478e-01 -1.64217e-01 9.83471e-02 -2.49406e-03 5 5 0 62.81859 1 5 5
5 2 8.08481e-01 -1.46888e-03 1.00000e-03 -6.50656e-03 6 6 0 95.28436 6 6 6
5 2 8.08458e-01 -3.08467e-03 2.10000e-03 -6.50453e-03 6 6 0 95.28342 6 6 6
5 2 8.08413e-01 -4.86205e-03 3.31000e-03 -6.50064e-03 6 6 0 95.28161 6 6 6
5 2 8.08342e-01 -6.81722e-03 4.64100e-03 -6.49435e-03 6 6 0 95.27868 6 6 6
5 2 8.08235e-01 -8.96800e-03 6.10510e-03 -6.48500e-03 6 6 0 95.27431 6 6 6
5 2 8.08084e-01 -1.13340e-02 7.71561e-03 -6.47177e-03 6 6 0 95.26811 6 6 6
5 2 8.07877e-01 -1.39368e-02 9.48717e-03 -6.45366e-03 6 6 0 95.25960 6 6 6
5 2 8.07600e-01 -1.68001e-02 1.14359e-02 -6.42942e-03 6 6 0 95.24814 6 6 6
5 2 8.07236e-01 -1.99502e-02 1.35795e-02 -6.39754e-03 6 6 0 95.23295 6 6 6
5 2 8.06763e-01 -2.34160e-02 1.59374e-02 -6.35616e-03 6 6 0 95.21305 6 6 6
5 2 8.06155e-01 -2.72292e-02 1.85312e-02 -6.30300e-03 6 6 0 95.18718 6 6 6
5 2 8.05379e-01 -3.14250e-02 2.13843e-02 -6.23527e-03 6 6 0 95.15369 6 6 6
5 2 8.04397e-01 -3.60422e-02 2.45227e-02 -6.14955e-03 6 6 0 95.11049 6 6 6
5 2 8.03160e-01 -4.11234e-02 2.79750e-02 -6.04169e-03 6 6 0 95.05481 6 6 6
5 2 8.01609e-01 -4.67160e-02 3.17725e-02 -5.90658e-03 6 6 0 94.98296 6 6 6
5 2 7.99670e-01 -5.28725e-02 3.59497e-02 -5.73799e-03 6 6 0 94.88999 6 6 6
5 2 7.97253e-01 -5.96508e-02 4.05447e-02 -5.52832e-03 6 6 0 94.76916 6 6 6
5 2 7.94250e-01 -6.71154e-02 4.55992e-02 -5.26819e-03 6 6 0 94.61114 6 6 6
5 2 7.90523e-01 -7.53377e-02 5.11591e-02 -4.94612e-03 6 6 0 94.40279 6 6 6
5 2 7.85903e-01 -8.43976e-02 5.72750e-02 -4.54786e-03 6 6 0 94.12539 6 6 6
5 2 7.80182e-01 -9.43837e-02 6.40025e-02 -4.05562e-03 6 6 0 93.75185 6 6 6
5 2 7.73098e-01 -1.05395e-01 7.14028e-02 -3.44690e-03 6 6 0 93.24236 6 6 6
5 2 7.64326e-01 -1.17543e-01 7.95430e-02 -2.69252e-03 6 6 0 92.53790 6 6 6
6 2 8.10997e-01 -1.74544e-03 1.00000e-03 -4.46856e-03 7 7 0 131.04283 1 7 7
6 2 8.10972e-01 -3.66537e-03 2.10000e-03 -4.46679e-03 7 7 0 131.04134 1 7 7
6 2 8.10924e-01 -5.77717e-03 3.31000e-03 -4.46340e-03 7 7 0 131.03848 1 7 7
6 2 8.10845e-01 -8.09994e-03 4.64100e-03 -4.45792e-03 7 7 0 131.03385 1 7 7
6 2 8.10729e-01 -1.06546e-02 6.10510e-03 -4.44977e-03 7 7 0 131.02695 1 7 7
6 2 8.10564e-01 -1.34642e-02 7.71561e-03 -4.43825e-03 7 7 0 131.01714 1 7 7
6 2 8.10338e-01 -1.65538e-02 9.48717e-03 -4.42247e-03 7 7 0 131.00364 1 7 7
6 2 8.10036e-01 -1.99510e-02 1.14359e-02 -4.40135e-03 7 7 0 130.98545 1 7 7
6 2 8.09638e-01 -2.36860e-02 1.35795e-02 -4.37359e-03 7 7 0 130.96128 1 7 7
6 2 8.09122e-01 -2.77917e-02 1.59374e-02 -4.33755e-03 7 7 0 130.92952 1 7 7
6 2 8.08459e-01 -3.23040e-02 1.85312e-02 -4.29126e-03 7 7 0 130.88806 1 7 7
6 2 8.07614e-01 -3.72619e-02 2.13843e-02 -4.23230e-03 7 7 0 130.83415 1 7 7
6 2 8.06544e-01 -4.27079e-02 2.45227e-02 -4.15770e-03 7 7 0 130.76418 1 7 7
6 2 8.05197e-01 -4.86878e-02 2.79750e-02 -4.06386e-03 7 7 0 130.67334 1 7 7
6 2 8.03509e-01 -5.52509e-02 3.17725e-02 -3.94638e-03 7 7 0 130.55509 1 7 7
6 2 8.01401e-01 -6.24503e-02 3.59497e-02 -3.79986e-03 7 7 0 130.40052 1 7 7
6 2 7.98777e-01 -7.03423e-02 4.05447e-02 -3.61772e-03 7 7 0 130.19720 1 7 7
6 2 7.95519e-01 -7.89867e-02 4.55992e-02 -3.39189e-03 7 7 0 129.92758 1 7 7
6 2 7.91484e-01 -8.84460e-02 5.11591e-02 -3.11241e-03 7 7 0 129.56653 1 7 7
6 2 7.86492e-01 -9.87854e-02 5.72750e-02 -2.76693e-03 7 7 0 129.07751 1 7 7
6 2 7.80326e-01 -1.10072e-01 6.40025e-02 -2.33988e-03 7 7 0 128.40678 1 7 7
6 2 7.72713e-01 -1.22373e-01 7.14028e-02 -1.81121e-03 7 7 0 127.47446 1 7 7
7 2 8.12586e-01 -1.50407e-03 1.00000e-03 -3.17959e-03 8 8 0 174.65498 4 8 8
7 2 8.12562e-01 -3.15856e-03 2.10000e-03 -3.17816e-03 8 8 0 174.65266 4 8 8
7 2 8.12516e-01 -4.97852e-03 3.31000e-03 -3.17542e-03 8 8 0 174.64821 4 8 8
7 2 8.12441e-01 -6.98054e-03 4.64100e-03 -3.17099e-03 8 8 0 174.64100 4 8 8
7 2 8.12330e-01 -9.18284e-03 6.10510e-03 -3.16441e-03 8 8 0 174.63024 4 8 8
7 2 8.12174e-01 -1.16055e-02 7.71561e-03 -3.15509e-03 8 8 0 174.61496 4 8 8
7 2 8.11960e-01 -1.42707e-02 9.48717e-03 -3.14234e-03 8 8 0 174.59392 4 8 8
7 2 8.11673e-01 -1.72027e-02 1.14359e-02 -3.12527e-03 8 8 0 174.56554 4 8 8
7 2 8.11295e-01 -2.04284e-02 1.35795e-02 -3.10283e-03 8 8 0 174.52782 4 8 8
7 2 8.10805e-01 -2.39773e-02 1.59374e-02 -3.07369e-03 8 8 0 174.47820 4 8 8
7 2 8.10174e-01 -2.78820e-02 1.85312e-02 -3.03625e-03 8 8 0 174.41335 4 8 8
7 2 8.09371e-01 -3.21786e-02 2.13843e-02 -2.98855e-03 8 8 0 174.32892 4 8 8
7 2 8.08353e-01 -3.69067e-02 2.45227e-02 -2.92818e-03 8 8 0 174.21915 4 8 8
7 2 8.07071e-01 -4.21102e-02 2.79750e-02 -2.85220e-03 8 8 0 174.07630 4 8 8
7 2 8.05462e-01 -4.78376e-02 3.17725e-02 -2.75700e-03 8 8 0 173.88987 4 8 8
7 2 8.03452e-01 -5.41427e-02 3.59497e-02 -2.63818e-03 8 8 0 173.64535 4 8 8
7 2 8.00947e-01 -6.10848e-02 4.05447e-02 -2.49032e-03 8 8 0 173.32242 4 8 8
7 2 7.97832e-01 -6.87301e-02 4.55992e-02 -2.30672e-03 8 8 0 172.89212 4 8 8
7 2 7.93967e-01 -7.71519e-02 5.11591e-02 -2.07906e-03 8 8 0 172.31262 4 8 8
7 2 7.89176e-01 -8.64317e-02 5.72750e-02 -1.79691e-03 8 8 0 171.52253 4 8 8
7 2 7.83241e-01 -9.66604e-02 6.40025e-02 -1.44686e-03 8 8 0 170.43072 4 8 8
8 2 8.14784e-01 -1.82159e-03 1.00000e-03 -1.39015e-03 11 11 0 349.94954 1 11 11
8 2 8.14757e-01 -3.82523e-03 2.10000e-03 -1.38915e-03 11 11 0 349.94306 1 11 11
8 2 8.14706e-01 -6.02894e-03 3.31000e-03 -1.38723e-03 11 11 0 349.93060 1 11 11
8 2 8.14624e-01 -8.45248e-03 4.64100e-03 -1.38412e-03 11 11 0 349.91038 1 11 11
8 2 8.14501e-01 -1.11174e-02 6.10510e-03 -1.37950e-03 11 11 0 349.88017 1 11 11
8 2 8.14327e-01 -1.40474e-02 7.71561e-03 -1.37297e-03 11 11 0 349.83713 1 11 11
8 2 8.14089e-01 -1.72682e-02 9.48717e-03 -1.36404e-03 11 11 0 349.77762 1 11 11
8 2 8.13770e-01 -2.08077e-02 1.14359e-02 -1.35208e-03 11 11 0 349.69693 1 11 11
8 2 8.13351e-01 -2.46964e-02 1.35795e-02 -1.33635e-03 11 11 0 349.58894 1 11 11
8 2 8.12807e-01 -2.89670e-02 1.59374e-02 -1.31595e-03 11 11 0 349.44560 1 11 11
8 2 8.12109e-01 -3.36550e-02 1.85312e-02 -1.28974e-03 11 11 0 349.25615 1 11 11
8 2 8.11219e-01 -3.87982e-02 2.13843e-02 -1.25637e-03 11 11 0 349.00605 1 11 11
8 2 8.10093e-01 -4.44370e-02 2.45227e-02 -1.21416e-03 11 11 0 348.67535 1 11 11
8 2 8.08676e-01 -5.06139e-02 2.79750e-02 -1.16106e-03 11 11 0 348.23626 1 11 11
8 2 8.06902e-01 -5.73736e-02 3.17725e-02 -1.09459e-03 11 11 0 347.64946 1 11 11
8 2 8.04690e-01 -6.47623e-02 3.59497e-02 -1.01166e-03 11 11 0 346.85848 1 11 11
8 2 8.01940e-01 -7.28272e-02 4.05447e-02 -9.08495e-04 11 11 0 345.78096 1 11 11
8 2 7.98531e-01 -8.16161e-02 4.55992e-02 -7.80342e-04 11 11 0 344.29517 1 11 11
