67 79 1.72044e-01 -1.59498e-03 1.00000e-03 -3.18527e-01 9 9 0 28.30242 9 9 9
67 79 1.72041e-01 -3.34945e-03 2.10000e-03 -3.18507e-01 9 9 0 28.30266 9 9 9
67 79 1.72035e-01 -5.27935e-03 3.31000e-03 -3.18467e-01 9 9 0 28.30311 9 9 9
67 79 1.72025e-01 -7.40222e-03 4.64100e-03 -3.18402e-01 9 9 0 28.30384 9 9 9
67 79 1.72011e-01 -9.73734e-03 6.10510e-03 -3.18306e-01 9 9 0 28.30492 9 9 9
67 79 1.71990e-01 -1.23059e-02 7.71561e-03 -3.18170e-01 9 9 0 28.30646 9 9 9
67 79 1.71962e-01 -1.51312e-02 9.48717e-03 -3.17983e-01 9 9 0 28.30856 9 9 9
67 79 1.71924e-01 -1.82390e-02 1.14359e-02 -3.17734e-01 9 9 0 28.31138 9 9 9
67 79 1.71875e-01 -2.16573e-02 1.35795e-02 -3.17406e-01 9 9 0 28.31508 9 9 9
67 79 1.71810e-01 -2.54171e-02 1.59374e-02 -3.16981e-01 9 9 0 28.31989 9 9 9
67 79 1.71728e-01 -2.95525e-02 1.85312e-02 -3.16434e-01 9 9 0 28.32607 9 9 9
67 79 1.71622e-01 -3.41008e-02 2.13843e-02 -3.15738e-01 9 9 0 28.33396 9 9 9
67 79 1.71489e-01 -3.91032e-02 2.45227e-02 -3.14858e-01 9 9 0 28.34395 9 9 9
67 79 1.71321e-01 -4.46046e-02 2.79750e-02 -3.13750e-01 9 9 0 28.35654 9 9 9
67 79 1.71110e-01 -5.06546e-02 3.17725e-02 -3.12364e-01 9 9 0 28.37233 9 9 9
67 79 1.70846e-01 -5.73074e-02 3.59497e-02 -3.10635e-01 9 9 0 28.39207 9 9 9
67 79 1.70517e-01 -6.46225e-02 4.05447e-02 -3.08488e-01 9 9 0 28.41668 9 9 9
67 79 1.70109e-01 -7.26650e-02 4.55992e-02 -3.05828e-01 9 9 0 28.44730 9 9 9
67 79 1.69602e-01 -8.15060e-02 5.11591e-02 -3.02543e-01 9 9 0 28.48532 9 9 9
67 79 1.68973e-01 -9.12235e-02 5.72750e-02 -2.98494e-01 9 9 0 28.53249 9 9 9
67 79 1.68194e-01 -1.01902e-01 6.40025e-02 -2.93515e-01 9 9 0 28.59098 9 9 9
67 79 1.67229e-01 -1.13634e-01 7.14028e-02 -2.87402e-01 9 9 0 28.66352 9 9 9
67 79 1.66033e-01 -1.26519e-01 7.95430e-02 -2.79911e-01 9 9 0 28.75357 9 9 9
67 79 1.64548e-01 -1.40666e-01 8.84973e-02 -2.70743e-01 9 9 0 28.86550 9 9 9
68 79 1.74012e-01 6.40222e-03 1.00000e-03 -3.18168e-01 2 2 1 28.65467 2 2 2
68 79 1.73997e-01 1.34450e-02 2.10000e-03 -3.18083e-01 2 2 1 28.65736 2 2 2
68 79 1.73967e-01 2.11931e-02 3.31000e-03 -3.17922e-01 2 2 1 28.66253 2 2 2
68 79 1.73920e-01 2.97179e-02 4.64100e-03 -3.17660e-01 2 2 1 28.67090 2 2 2
68 79 1.73850e-01 3.90984e-02 6.10510e-03 -3.17271e-01 2 2 1 28.68337 2 2 2
68 79 1.73750e-01 4.94220e-02 7.71561e-03 -3.16720e-01 2 2 1 28.70109 2 2 2
68 79 1.73614e-01 6.07858e-02 9.48717e-03 -3.15965e-01 2 2 1 28.72550 2 2 2
68 79 1.73433e-01 7.32980e-02 1.14359e-02 -3.14954e-01 2 2 1 28.75842 2 2 2
68 79 1.73194e-01 8.70792e-02 1.35795e-02 -3.13622e-01 2 2 1 28.80217 2 2 2
68 79 1.72886e-01 1.02265e-01 1.59374e-02 -3.11890e-01 2 2 1 28.85976 2 2 2
68 79 1.72491e-01 1.19008e-01 1.85312e-02 -3.09658e-01 2 2 1 28.93511 2 2 2
68 79 1.71991e-01 1.37482e-01 2.13843e-02 -3.06806e-01 2 2 1 29.03342 2 2 2
68 79 1.71362e-01 1.57888e-01 2.45227e-02 -3.03180e-01 2 2 1 29.16177 2 2 2
68 79 1.70578e-01 1.80462e-01 2.79750e-02 -2.98589e-01 2 2 1 29.32998 2 2 2
68 79 1.69611e-01 2.05484e-01 3.17725e-02 -2.92790e-01 2 2 1 29.55222 2 2 2
68 79 1.68428e-01 2.33305e-01 3.59497e-02 -2.85472e-01 2 2 1 29.84987 2 2 2
68 79 1.67006e-01 2.64384e-01 4.05447e-02 -2.76219e-01 2 2 1 30.25723 2 2 2
68 79 1.65339e-01 2.99385e-01 4.55992e-02 -2.64453e-01 2 2 1 30.83444 2 2 2
68 79 1.63483e-01 3.39610e-01 5.11591e-02 -2.49216e-01 2 2 1 31.70637 2 2 2
69 79 1.90154e-01 -1.59461e-03 1.00000e-03 -3.15248e-01 10 10 0 31.57042 10 10 10
69 79 1.90151e-01 -3.34868e-03 2.10000e-03 -3.15227e-01 10 10 0 31.57068 10 10 10
69 79 1.90144e-01 -5.27814e-03 3.31000e-03 -3.15187e-01 10 10 0 31.57118 10 10 10
69 79 1.90133e-01 -7.40053e-03 4.64100e-03 -3.15123e-01 10 10 0 31.57199 10 10 10
69 79 1.90117e-01 -9.73511e-03 6.10510e-03 -3.15027e-01 10 10 0 31.57320 10 10 10
69 79 1.90095e-01 -1.23031e-02 7.71561e-03 -3.14892e-01 10 10 0 31.57491 10 10 10
69 79 1.90064e-01 -1.51278e-02 9.48717e-03 -3.14707e-01 10 10 0 31.57726 10 10 10
69 79 1.90023e-01 -1.82348e-02 1.14359e-02 -3.14459e-01 10 10 0 31.58039 10 10 10
69 79 1.89968e-01 -2.16523e-02 1.35795e-02 -3.14133e-01 10 10 0 31.58452 10 10 10
69 79 1.89898e-01 -2.54113e-02 1.59374e-02 -3.13710e-01 10 10 0 31.58988 10 10 10
69 79 1.89807e-01 -2.95457e-02 1.85312e-02 -3.13166e-01 10 10 0 31.59677 10 10 10
69 79 1.89691e-01 -3.40930e-02 2.13843e-02 -3.12474e-01 10 10 0 31.60556 10 10 10
69 79 1.89545e-01 -3.90942e-02 2.45227e-02 -3.11599e-01 10 10 0 31.61669 10 10 10
69 79 1.89360e-01 -4.45944e-02 2.79750e-02 -3.10497e-01 10 10 0 31.63072 10 10 10
69 79 1.89128e-01 -5.06430e-02 3.17725e-02 -3.09119e-01 10 10 0 31.64832 10 10 10
69 79 1.88839e-01 -5.72943e-02 3.59497e-02 -3.07400e-01 10 10 0 31.67032 10 10 10
69 79 1.88478e-01 -6.46077e-02 4.05447e-02 -3.05265e-01 10 10 0 31.69774 10 10 10
69 79 1.88030e-01 -7.26484e-02 4.55992e-02 -3.02620e-01 10 10 0 31.73186 10 10 10
69 79 1.87473e-01 -8.14874e-02 5.11591e-02 -2.99354e-01 10 10 0 31.77423 10 10 10
69 79 1.86783e-01 -9.12026e-02 5.72750e-02 -2.95328e-01 10 10 0 31.82679 10 10 10
69 79 1.85927e-01 -1.01879e-01 6.40025e-02 -2.90378e-01 10 10 0 31.89196 10 10 10
69 79 1.84868e-01 -1.13608e-01 7.14028e-02 -2.84300e-01 10 10 0 31.97279 10 10 10
69 79 1.83555e-01 -1.26490e-01 7.95430e-02 -2.76852e-01 10 10 0 32.07311 10 10 10
69 79 1.81927e-01 -1.40633e-01 8.84973e-02 -2.67737e-01 10 10 0 32.19782 10 10 10
69 79 1.79906e-01 -1.56152e-01 9.83471e-02 -2.56598e-01 10 10 0 32.35322 10 10 10
