84 7 2.12999e-01 -1.59410e-03 1.00000e-03 -3.10643e-01 1 1 0 3.17465 1 1 1
84 7 2.12995e-01 -3.34760e-03 2.10000e-03 -3.10622e-01 1 1 0 3.17467 1 1 1
84 7 2.12988e-01 -5.27644e-03 3.31000e-03 -3.10583e-01 1 1 0 3.17472 1 1 1
84 7 2.12976e-01 -7.39814e-03 4.64100e-03 -3.10519e-01 1 1 0 3.17480 1 1 1
84 7 2.12958e-01 -9.73197e-03 6.10510e-03 -3.10424e-01 1 1 0 3.17493 1 1 1
84 7 2.12933e-01 -1.22991e-02 7.71561e-03 -3.10290e-01 1 1 0 3.17510 1 1 1
84 7 2.12899e-01 -1.51229e-02 9.48717e-03 -3.10106e-01 1 1 0 3.17533 1 1 1
84 7 2.12853e-01 -1.82289e-02 1.14359e-02 -3.09860e-01 1 1 0 3.17565 1 1 1
84 7 2.12793e-01 -2.16453e-02 1.35795e-02 -3.09537e-01 1 1 0 3.17606 1 1 1
84 7 2.12715e-01 -2.54031e-02 1.59374e-02 -3.09117e-01 1 1 0 3.17660 1 1 1
84 7 2.12614e-01 -2.95362e-02 1.85312e-02 -3.08578e-01 1 1 0 3.17729 1 1 1
84 7 2.12486e-01 -3.40820e-02 2.13843e-02 -3.07891e-01 1 1 0 3.17818 1 1 1
84 7 2.12323e-01 -3.90816e-02 2.45227e-02 -3.07022e-01 1 1 0 3.17930 1 1 1
84 7 2.12119e-01 -4.45800e-02 2.79750e-02 -3.05929e-01 1 1 0 3.18070 1 1 1
84 7 2.11862e-01 -5.06267e-02 3.17725e-02 -3.04562e-01 1 1 0 3.18247 1 1 1
84 7 2.11541e-01 -5.72758e-02 3.59497e-02 -3.02856e-01 1 1 0 3.18468 1 1 1
84 7 2.11141e-01 -6.45869e-02 4.05447e-02 -3.00738e-01 1 1 0 3.18744 1 1 1
84 7 2.10643e-01 -7.26249e-02 4.55992e-02 -2.98114e-01 1 1 0 3.19087 1 1 1
84 7 2.10026e-01 -8.14611e-02 5.11591e-02 -2.94874e-01 1 1 0 3.19512 1 1 1
84 7 2.09260e-01 -9.11732e-02 5.72750e-02 -2.90880e-01 1 1 0 3.20040 1 1 1
84 7 2.08310e-01 -1.01846e-01 6.40025e-02 -2.85969e-01 1 1 0 3.20695 1 1 1
84 7 2.07133e-01 -1.13571e-01 7.14028e-02 -2.79940e-01 1 1 0 3.21506 1 1 1
84 7 2.05673e-01 -1.26450e-01 7.95430e-02 -2.72552e-01 1 1 0 3.22514 1 1 1
84 7 2.03860e-01 -1.40588e-01 8.84973e-02 -2.63513e-01 1 1 0 3.23766 1 1 1
84 7 2.01603e-01 -1.56104e-01 9.83471e-02 -2.52467e-01 1 1 0 3.25326 1 1 1
84 7 1.98787e-01 -1.73118e-01 1.09182e-01 -2.38987e-01 1 1 0 3.27277 1 1 1
84 7 1.95261e-01 -1.91763e-01 1.21100e-01 -2.22557e-01 1 1 0 3.29728 1 1 1
84 7 1.90828e-01 -2.12173e-01 1.34210e-01 -2.02555e-01 1 1 0 3.32827 1 1 1
84 7 1.85243e-01 -2.34487e-01 1.48631e-01 -1.78228e-01 1 1 0 3.36783 1 1 1
84 7 1.78218e-01 -2.58845e-01 1.64494e-01 -1.48661e-01 1 1 0 3.41905 1 1 1
84 7 1.69478e-01 -2.85392e-01 1.81943e-01 -1.12731e-01 1 1 0 3.48692 1 1 1
84 7 1.58119e-01 -3.14240e-01 2.01138e-01 -6.91772e-02 1 1 0 3.58055 1 1 1
85 7 3.87671e-01 -1.58811e-03 1.00000e-03 -2.58183e-01 2 2 0 6.80664 2 2 2
85 7 3.87665e-01 -3.33502e-03 2.10000e-03 -2.58163e-01 2 2 0 6.80670 2 2 2
85 7 3.87655e-01 -5.25661e-03 3.31000e-03 -2.58127e-01 2 2 0 6.80681 2 2 2
85 7 3.87637e-01 -7.37033e-03 4.64100e-03 -2.58067e-01 2 2 0 6.80700 2 2 2
85 7 3.87612e-01 -9.69538e-03 6.10510e-03 -2.57979e-01 2 2 0 6.80727 2 2 2
85 7 3.87575e-01 -1.22528e-02 7.71561e-03 -2.57853e-01 2 2 0 6.80767 2 2 2
85 7 3.87526e-01 -1.50659e-02 9.48717e-03 -2.57682e-01 2 2 0 6.80820 2 2 2
85 7 3.87459e-01 -1.81602e-02 1.14359e-02 -2.57452e-01 2 2 0 6.80892 2 2 2
85 7 3.87371e-01 -2.15636e-02 1.35795e-02 -2.57151e-01 2 2 0 6.80986 2 2 2
85 7 3.87258e-01 -2.53069e-02 1.59374e-02 -2.56759e-01 2 2 0 6.81109 2 2 2
85 7 3.87112e-01 -2.94241e-02 1.85312e-02 -2.56256e-01 2 2 0 6.81267 2 2 2
85 7 3.86926e-01 -3.39522e-02 2.13843e-02 -2.55615e-01 2 2 0 6.81468 2 2 2
85 7 3.86691e-01 -3.89321e-02 2.45227e-02 -2.54804e-01 2 2 0 6.81723 2 2 2
85 7 3.86395e-01 -4.44086e-02 2.79750e-02 -2.53784e-01 2 2 0 6.82044 2 2 2
85 7 3.86025e-01 -5.04307e-02 3.17725e-02 -2.52506e-01 2 2 0 6.82447 2 2 2
85 7 3.85565e-01 -5.70522e-02 3.59497e-02 -2.50914e-01 2 2 0 6.82952 2 2 2
85 7 3.84993e-01 -6.43321e-02 4.05447e-02 -2.48935e-01 2 2 0 6.83581 2 2 2
85 7 3.84286e-01 -7.23348e-02 4.55992e-02 -2.46483e-01 2 2 0 6.84364 2 2 2
85 7 3.83415e-01 -8.11305e-02 5.11591e-02 -2.43452e-01 2 2 0 6.85338 2 2 2
85 7 3.82345e-01 -9.07961e-02 5.72750e-02 -2.39716e-01 2 2 0 6.86548 2 2 2
85 7 3.81033e-01 -1.01415e-01 6.40025e-02 -2.35116e-01 2 2 0 6.88051 2 2 2
85 7 3.79432e-01 -1.13077e-01 7.14028e-02 -2.29464e-01 2 2 0 6.89919 2 2 2
85 7 3.77485e-01 -1.25881e-01 7.95430e-02 -2.22527e-01 2 2 0 6.92244 2 2 2
85 7 3.75133e-01 -1.39932e-01 8.84973e-02 -2.14021e-01 2 2 0 6.95146 2 2 2
85 7 3.72315e-01 -1.55344e-01 9.83471e-02 -2.03597e-01 2 2 0 6.98782 2 2 2
85 7 3.68987e-01 -1.72239e-01 1.09182e-01 -1.90821e-01 2 2 0 7.03363 2 2 2
85 7 3.65168e-01 -1.90753e-01 1.21100e-01 -1.75140e-01 2 2 0 7.09187 2 2 2
85 7 3.61057e-01 -2.11041e-01 1.34210e-01 -1.55822e-01 2 2 0 7.16701 2 2 2
85 7 3.57357e-01 -2.33319e-01 1.48631e-01 -1.31806e-01 2 2 0 7.26673 2 2 2
85 7 3.55251e-01 -2.57910e-01 1.64494e-01 -1.01681e-01 2 2 0 7.40509 2 2 2
86 7 5.11610e-01 -1.58226e-03 1.00000e-03 -2.02455e-01 3 3 0 11.13015 3 3 3
86 7 5.11616e-01 -3.32273e-03 2.10000e-03 -2.02430e-01 3 3 0 11.13041 3 3 3
86 7 5.11628e-01 -5.23723e-03 3.31000e-03 -2.02383e-01 3 3 0 11.13090 3 3 3
86 7 5.11646e-01 -7.34315e-03 4.64100e-03 -2.02308e-01 3 3 0 11.13169 3 3 3
86 7 5.11674e-01 -9.65961e-03 6.10510e-03 -2.02195e-01 3 3 0 11.13288 3 3 3
86 7 5.11713e-01 -1.22076e-02 7.71561e-03 -2.02036e-01 3 3 0 11.13456 3 3 3
86 7 5.11767e-01 -1.50103e-02 9.48717e-03 -2.01818e-01 3 3 0 11.13686 3 3 3
86 7 5.11839e-01 -1.80930e-02 1.14359e-02 -2.01526e-01 3 3 0 11.13995 3 3 3
86 7 5.11934e-01 -2.14837e-02 1.35795e-02 -2.01142e-01 3 3 0 11.14402 3 3 3
86 7 5.12058e-01 -2.52130e-02 1.59374e-02 -2.00644e-01 3 3 0 11.14934 3 3 3
86 7 5.12216e-01 -2.93147e-02 1.85312e-02 -2.00004e-01 3 3 0 11.15620 3 3 3
86 7 5.12418e-01 -3.38257e-02 2.13843e-02 -1.99189e-01 3 3 0 11.16501 3 3 3
86 7 5.12674e-01 -3.87868e-02 2.45227e-02 -1.98157e-01 3 3 0 11.17625 3 3 3
86 7 5.12995e-01 -4.42424e-02 2.79750e-02 -1.96860e-01 3 3 0 11.19055 3 3 3
86 7 5.13394e-01 -5.02418e-02 3.17725e-02 -1.95237e-01 3 3 0 11.20869 3 3 3
86 7 5.13887e-01 -5.68389e-02 3.59497e-02 -1.93216e-01 3 3 0 11.23166 3 3 3
86 7 5.14486e-01 -6.40930e-02 4.05447e-02 -1.90712e-01 3 3 0 11.26071 3 3 3
86 7 5.15197e-01 -7.20702e-02 4.55992e-02 -1.87626e-01 3 3 0 11.29736 3 3 3
86 7 5.16008e-01 -8.08436e-02 5.11591e-02 -1.83847e-01 3 3 0 11.34345 3 3 3
86 7 5.16869e-01 -9.04962e-02 5.72750e-02 -1.79259e-01 3 3 0 11.40099 3 3 3
86 7 5.17653e-01 -1.01122e-01 6.40025e-02 -1.73757e-01 3 3 0 11.47180 3 3 3
86 7 5.18108e-01 -1.12832e-01 7.14028e-02 -1.67258e-01 3 3 0 11.55686 3 3 3
86 7 5.17821e-01 -1.25747e-01 7.95430e-02 -1.59722e-01 3 3 0 11.65545 3 3 3
86 7 5.16224e-01 -1.40003e-01 8.84973e-02 -1.51131e-01 3 3 0 11.76470 3 3 3
86 7 5.12653e-01 -1.55732e-01 9.83471e-02 -1.41440e-01 3 3 0 11.88018 3 3 3
86 7 5.06417e-01 -1.73058e-01 1.09182e-01 -1.30526e-01 3 3 0 11.99707 3 3 3
86 7 4.96806e-01 -1.92083e-01 1.21100e-01 -1.18152e-01 3 3 0 12.11103 3 3 3
86 7 4.83046e-01 -2.12884e-01 1.34210e-01 -1.03945e-01 3 3 0 12.21798 3 3 3
87 7 6.04102e-01 -1.58281e-03 1.00000e-03 -1.50858e-01 4 4 0 17.00948 4 4 4
87 7 6.04082e-01 -3.32390e-03 2.10000e-03 -1.50848e-01 4 4 0 17.00960 4 4 4
87 7 6.04044e-01 -5.23908e-03 3.31000e-03 -1.50830e-01 4 4 0 17.00984 4 4 4
87 7 6.03982e-01 -7.34573e-03 4.64100e-03 -1.50802e-01 4 4 0 17.01022 4 4 4
87 7 6.03890e-01 -9.66299e-03 6.10510e-03 -1.50759e-01 4 4 0 17.01079 4 4 4
87 7 6.03760e-01 -1.22119e-02 7.71561e-03 -1.50698e-01 4 4 0 17.01160 4 4 4
87 7 6.03582e-01 -1.50155e-02 9.48717e-03 -1.50615e-01 4 4 0 17.01271 4 4 4
87 7 6.03344e-01 -1.80993e-02 1.14359e-02 -1.50504e-01 4 4 0 17.01419 4 4 4
87 7 6.03031e-01 -2.14911e-02 1.35795e-02 -1.50357e-01 4 4 0 17.01614 4 4 4
87 7 6.02624e-01 -2.52217e-02 1.59374e-02 -1.50167e-01 4 4 0 17.01866 4 4 4
87 7 6.02102e-01 -2.93246e-02 1.85312e-02 -1.49923e-01 4 4 0 17.02190 4 4 4
87 7 6.01437e-01 -3.38371e-02 2.13843e-02 -1.49611e-01 4 4 0 17.02603 4 4 4
87 7 6.00595e-01 -3.87996e-02 2.45227e-02 -1.49217e-01 4 4 0 17.03124 4 4 4
87 7 5.99536e-01 -4.42569e-02 2.79750e-02 -1.48719e-01 4 4 0 17.03779 4 4 4
87 7 5.98210e-01 -5.02580e-02 3.17725e-02 -1.48095e-01 4 4 0 17.04598 4 4 4
87 7 5.96557e-01 -5.68567e-02 3.59497e-02 -1.47315e-01 4 4 0 17.05616 4 4 4
87 7 5.94503e-01 -6.41124e-02 4.05447e-02 -1.46342e-01 4 4 0 17.06876 4 4 4
87 7 5.91957e-01 -7.20905e-02 4.55992e-02 -1.45132e-01 4 4 0 17.08431 4 4 4
87 7 5.88812e-01 -8.08632e-02 5.11591e-02 -1.43628e-01 4 4 0 17.10342 4 4 4
87 7 5.84933e-01 -9.05111e-02 5.72750e-02 -1.41762e-01 4 4 0 17.12680 4 4 4
87 7 5.80161e-01 -1.01125e-01 6.40025e-02 -1.39445e-01 4 4 0 17.15526 4 4 4
87 7 5.74300e-01 -1.12807e-01 7.14028e-02 -1.36569e-01 4 4 0 17.18974 4 4 4
87 7 5.67112e-01 -1.25678e-01 7.95430e-02 -1.32992e-01 4 4 0 17.23121 4 4 4
87 7 5.58309e-01 -1.39881e-01 8.84973e-02 -1.28537e-01 4 4 0 17.28068 4 4 4
87 7 5.47537e-01 -1.55593e-01 9.83471e-02 -1.22970e-01 4 4 0 17.33907 4 4 4
87 7 5.34359e-01 -1.73041e-01 1.09182e-01 -1.15988e-01 4 4 0 17.40709 4 4 4
87 7 5.18221e-01 -1.92523e-01 1.21100e-01 -1.07198e-01 4 4 0 17.48518 4 4 4
88 7 6.59573e-01 -1.61935e-03 1.00000e-03 -1.15809e-01 5 5 0 23.38576 5 5 5
88 7 6.59555e-01 -3.40054e-03 2.10000e-03 -1.15799e-01 5 5 0 23.38586 5 5 5
88 7 6.59521e-01 -5.35963e-03 3.31000e-03 -1.15780e-01 5 5 0 23.38604 5 5 5
88 7 6.59466e-01 -7.51423e-03 4.64100e-03 -1.15750e-01 5 5 0 23.38634 5 5 5
88 7 6.59385e-01 -9.88360e-03 6.10510e-03 -1.15704e-01 5 5 0 23.38679 5 5 5
88 7 6.59270e-01 -1.24888e-02 7.71561e-03 -1.15640e-01 5 5 0 23.38742 5 5 5
88 7 6.59112e-01 -1.53528e-02 9.48717e-03 -1.15551e-01 5 5 0 23.38828 5 5 5
88 7 6.58900e-01 -1.85008e-02 1.14359e-02 -1.15433e-01 5 5 0 23.38943 5 5 5
88 7 6.58623e-01 -2.19598e-02 1.35795e-02 -1.15278e-01 5 5 0 23.39095 5 5 5
88 7 6.58262e-01 -2.57595e-02 1.59374e-02 -1.15077e-01 5 5 0 23.39291 5 5 5
88 7 6.57799e-01 -2.99317e-02 1.85312e-02 -1.14819e-01 5 5 0 23.39542 5 5 5
88 7 6.57208e-01 -3.45105e-02 2.13843e-02 -1.14490e-01 5 5 0 23.39862 5 5 5
88 7 6.56460e-01 -3.95322e-02 2.45227e-02 -1.14075e-01 5 5 0 23.40265 5 5 5
88 7 6.55519e-01 -4.50354e-02 2.79750e-02 -1.13554e-01 5 5 0 23.40770 5 5 5
88 7 6.54340e-01 -5.10600e-02 3.17725e-02 -1.12902e-01 5 5 0 23.41398 5 5 5
88 7 6.52868e-01 -5.76469e-02 3.59497e-02 -1.12091e-01 5 5 0 23.42177 5 5 5
88 7 6.51037e-01 -6.48371e-02 4.05447e-02 -1.11087e-01 5 5 0 23.43136 5 5 5
88 7 6.48765e-01 -7.26696e-02 4.55992e-02 -1.09849e-01 5 5 0 23.44313 5 5 5
88 7 6.45951e-01 -8.11792e-02 5.11591e-02 -1.08325e-01 5 5 0 23.45749 5 5 5
88 7 6.42474e-01 -9.03934e-02 5.72750e-02 -1.06459e-01 5 5 0 23.47493 5 5 5
88 7 6.38182e-01 -1.00326e-01 6.40025e-02 -1.04181e-01 5 5 0 23.49599 5 5 5
88 7 6.32888e-01 -1.10973e-01 7.14028e-02 -1.01411e-01 5 5 0 23.52129 5 5 5
88 7 6.26359e-01 -1.22295e-01 7.95430e-02 -9.80570e-02 5 5 0 23.55153 5 5 5
88 7 6.18304e-01 -1.34208e-01 8.84973e-02 -9.40188e-02 5 5 0 23.58749 5 5 5
88 7 6.08347e-01 -1.46554e-01 9.83471e-02 -8.91907e-02 5 5 0 23.63019 5 5 5
88 7 5.95997e-01 -1.59058e-01 1.09182e-01 -8.34745e-02 5 5 0 23.68117 5 5 5
88 7 5.80592e-01 -1.71268e-01 1.21100e-01 -7.67976e-02 5 5 0 23.74354 5 5 5
88 7 5.61255e-01 -1.82579e-01 1.34210e-01 -6.91007e-02 5 5 0 23.82440 3 5 5
88 7 5.36957e-01 -1.92723e-01 1.48631e-01 -6.01451e-02 5 5 0 23.93687 3 5 5
89 7 6.71427e-01 3.01486e-02 1.00000e-03 -1.07467e-01 1 1 1 25.39361 1 1 6
89 7 6.70007e-01 6.39308e-02 2.10000e-03 -1.06813e-01 1 1 1 25.43601 1 1 6
89 7 6.67103e-01 1.02938e-01 3.31000e-03 -1.05467e-01 1 1 1 25.52576 1 1 6
89 7 6.61656e-01 1.51144e-01 4.64100e-03 -1.02909e-01 1 1 1 25.70586 1 1 6
90 7 6.99678e-01 -4.00297e-04 1.00000e-03 -8.85534e-02 6 6 0 31.31007 2 6 6
90 7 6.99668e-01 -8.40459e-04 2.10000e-03 -8.85434e-02 6 6 0 31.31035 2 6 6
90 7 6.99648e-01 -1.32423e-03 3.31000e-03 -8.85242e-02 6 6 0 31.31089 2 6 6
90 7 6.99615e-01 -1.85559e-03 4.64100e-03 -8.84931e-02 6 6 0 31.31177 2 6 6
90 7 6.99567e-01 -2.43878e-03 6.10510e-03 -8.84469e-02 6 6 0 31.31308 2 6 6
90 7 6.99499e-01 -3.07820e-03 7.71561e-03 -8.83815e-02 6 6 0 31.31492 2 6 6
90 7 6.99406e-01 -3.77836e-03 9.48717e-03 -8.82920e-02 6 6 0 31.31746 2 6 6
90 7 6.99281e-01 -4.54379e-03 1.14359e-02 -8.81722e-02 6 6 0 31.32085 2 6 6
90 7 6.99117e-01 -5.37885e-03 1.35795e-02 -8.80147e-02 6 6 0 31.32532 2 6 6
90 7 6.98904e-01 -6.28749e-03 1.59374e-02 -8.78102e-02 6 6 0 31.33112 2 6 6
90 7 6.98631e-01 -7.27292e-03 1.85312e-02 -8.75476e-02 6 6 0 31.33860 2 6 6
90 7 6.98282e-01 -8.33715e-03 2.13843e-02 -8.72130e-02 6 6 0 31.34815 2 6 6
90 7 6.97842e-01 -9.48030e-03 2.45227e-02 -8.67897e-02 6 6 0 31.36028 2 6 6
90 7 6.97289e-01 -1.06998e-02 2.79750e-02 -8.62573e-02 6 6 0 31.37559 2 6 6
90 7 6.96596e-01 -1.19892e-02 3.17725e-02 -8.55910e-02 6 6 0 31.39487 2 6 6
90 7 6.95733e-01 -1.33367e-02 3.59497e-02 -8.47606e-02 6 6 0 31.41906 2 6 6
90 7 6.94659e-01 -1.47236e-02 4.05447e-02 -8.37298e-02 6 6 0 31.44933 2 6 6
90 7 6.93328e-01 -1.61225e-02 4.55992e-02 -8.24550e-02 6 6 0 31.48714 2 6 6
90 7 6.91678e-01 -1.74960e-02 5.11591e-02 -8.08845e-02 6 6 0 31.53428 2 6 6
90 7 6.89632e-01 -1.87978e-02 5.72750e-02 -7.89585e-02 6 6 0 31.59292 2 6 6
90 7 6.87085e-01 -1.99783e-02 6.40025e-02 -7.66095e-02 6 6 0 31.66563 2 6 6
90 7 6.83893e-01 -2.10025e-02 7.14028e-02 -7.37664e-02 6 6 0 31.75534 2 6 6
90 7 6.79848e-01 -2.18863e-02 7.95430e-02 -7.03614e-02 6 6 0 31.86528 2 6 6
90 7 6.74650e-01 -2.27573e-02 8.84973e-02 -6.63389e-02 6 6 0 31.99921 2 6 6
90 7 6.67884e-01 -2.39085e-02 9.83471e-02 -6.16522e-02 6 6 0 32.16240 2 6 6
90 7 6.59063e-01 -2.56999e-02 1.09182e-01 -5.62177e-02 6 6 0 32.36160 2 6 6
90 7 6.47727e-01 -2.81343e-02 1.21100e-01 -4.98368e-02 6 6 0 32.59391 2 6 6
91 7 7.33154e-01 -1.28947e-03 1.00000e-03 -6.45699e-02 7 7 0 43.09093 7 7 7
91 7 7.33136e-01 -2.70790e-03 2.10000e-03 -6.45634e-02 7 7 0 43.09082 7 7 7
91 7 7.33101e-01 -4.26819e-03 3.31000e-03 -6.45510e-02 7 7 0 43.09062 7 7 7
91 7 7.33044e-01 -5.98456e-03 4.64100e-03 -6.45309e-02 7 7 0 43.09030 7 7 7
91 7 7.32960e-01 -7.87264e-03 6.10510e-03 -6.45011e-02 7 7 0 43.08982 7 7 7
91 7 7.32840e-01 -9.94965e-03 7.71561e-03 -6.44589e-02 7 7 0 43.08913 7 7 7
91 7 7.32676e-01 -1.22346e-02 9.48717e-03 -6.44012e-02 7 7 0 43.08819 7 7 7
91 7 7.32457e-01 -1.47482e-02 1.14359e-02 -6.43239e-02 7 7 0 43.08693 7 7 7
91 7 7.32169e-01 -1.75137e-02 1.35795e-02 -6.42223e-02 7 7 0 43.08527 7 7 7
91 7 7.31795e-01 -2.05562e-02 1.59374e-02 -6.40904e-02 7 7 0 43.08310 7 7 7
91 7 7.31313e-01 -2.39039e-02 1.85312e-02 -6.39209e-02 7 7 0 43.08029 7 7 7
91 7 7.30700e-01 -2.75874e-02 2.13843e-02 -6.37050e-02 7 7 0 43.07667 7 7 7
91 7 7.29923e-01 -3.16410e-02 2.45227e-02 -6.34319e-02 7 7 0 43.07205 7 7 7
91 7 7.28945e-01 -3.61022e-02 2.79750e-02 -6.30882e-02 7 7 0 43.06615 7 7 7
91 7 7.27718e-01 -4.10126e-02 3.17725e-02 -6.26579e-02 7 7 0 43.05863 7 7 7
91 7 7.26186e-01 -4.64184e-02 3.59497e-02 -6.21211e-02 7 7 0 43.04904 7 7 7
91 7 7.24277e-01 -5.23708e-02 4.05447e-02 -6.14540e-02 7 7 0 43.03681 7 7 7
91 7 7.21905e-01 -5.89265e-02 4.55992e-02 -6.06272e-02 7 7 0 43.02114 7 7 7
91 7 7.18964e-01 -6.61491e-02 5.11591e-02 -5.96049e-02 7 7 0 43.00101 7 7 7
91 7 7.15320e-01 -7.41093e-02 5.72750e-02 -5.83437e-02 7 7 0 42.97497 7 7 7
91 7 7.10811e-01 -8.28865e-02 6.40025e-02 -5.67902e-02 7 7 0 42.94108 7 7 7
91 7 7.05234e-01 -9.25704e-02 7.14028e-02 -5.48793e-02 7 7 0 42.89658 7 7 7
92 7 7.47718e-01 -9.36205e-04 1.00000e-03 -5.37870e-02 8 8 0 51.42193 2 8 8
92 7 7.47699e-01 -1.96602e-03 2.10000e-03 -5.37821e-02 8 8 0 51.42209 2 8 8
92 7 7.47665e-01 -3.09880e-03 3.31000e-03 -5.37726e-02 8 8 0 51.42237 2 8 8
92 7 7.47608e-01 -4.34481e-03 4.64100e-03 -5.37573e-02 8 8 0 51.42284 2 8 8
92 7 7.47524e-01 -5.71536e-03 6.10510e-03 -5.37346e-02 8 8 0 51.42354 2 8 8
92 7 7.47405e-01 -7.22286e-03 7.71561e-03 -5.37024e-02 8 8 0 51.42452 2 8 8
92 7 7.47242e-01 -8.88094e-03 9.48717e-03 -5.36583e-02 8 8 0 51.42586 2 8 8
92 7 7.47024e-01 -1.07046e-02 1.14359e-02 -5.35994e-02 8 8 0 51.42766 2 8 8
92 7 7.46738e-01 -1.27102e-02 1.35795e-02 -5.35219e-02 8 8 0 51.43000 2 8 8
92 7 7.46366e-01 -1.49159e-02 1.59374e-02 -5.34213e-02 8 8 0 51.43304 2 8 8
92 7 7.45887e-01 -1.73414e-02 1.85312e-02 -5.32920e-02 8 8 0 51.43692 2 8 8
92 7 7.45278e-01 -2.00084e-02 2.13843e-02 -5.31273e-02 8 8 0 51.44183 2 8 8
92 7 7.44506e-01 -2.29406e-02 2.45227e-02 -5.29190e-02 8 8 0 51.44799 2 8 8
92 7 7.43534e-01 -2.61639e-02 2.79750e-02 -5.26569e-02 8 8 0 51.45565 2 8 8
92 7 7.42315e-01 -2.97066e-02 3.17725e-02 -5.23286e-02 8 8 0 51.46511 2 8 8
92 7 7.40794e-01 -3.35994e-02 3.59497e-02 -5.19191e-02 8 8 0 51.47670 2 8 8
92 7 7.38900e-01 -3.78757e-02 4.05447e-02 -5.14099e-02 8 8 0 51.49077 2 8 8
92 7 7.36549e-01 -4.25717e-02 4.55992e-02 -5.07782e-02 8 8 0 51.50773 2 8 8
92 7 7.33638e-01 -4.77269e-02 5.11591e-02 -4.99957e-02 8 8 0 51.52794 2 8 8
92 7 7.30040e-01 -5.33844e-02 5.72750e-02 -4.90270e-02 8 8 0 51.55177 2 8 8
92 7 7.25602e-01 -5.95937e-02 6.40025e-02 -4.78271e-02 8 8 0 51.57952 2 8 8
92 7 7.20138e-01 -6.64157e-02 7.14028e-02 -4.63365e-02 8 8 0 51.61153 2 8 8
92 7 7.13430e-01 -7.39404e-02 7.95430e-02 -4.44731e-02 8 8 0 51.64864 2 8 8
92 7 7.05218e-01 -8.23331e-02 8.84973e-02 -4.21189e-02 8 8 0 51.69428 2 8 8
92 7 6.95172e-01 -9.19255e-02 9.83471e-02 -3.91151e-02 8 8 0 51.75925 2 8 8
92 7 6.82737e-01 -1.03113e-01 1.09182e-01 -3.53487e-02 8 8 0 51.85580 2 8 8
93 7 7.60287e-01 -1.92971e-03 1.00000e-03 -4.43086e-02 9 9 0 61.73855 3 9 9
93 7 7.60264e-01 -4.05245e-03 2.10000e-03 -4.43021e-02 9 9 0 61.73871 3 9 9
93 7 7.60222e-01 -6.38761e-03 3.31000e-03 -4.42895e-02 9 9 0 61.73902 3 9 9
93 7 7.60153e-01 -8.95656e-03 4.64100e-03 -4.42691e-02 9 9 0 61.73952 3 9 9
93 7 7.60051e-01 -1.17829e-02 6.10510e-03 -4.42388e-02 9 9 0 61.74027 3 9 9
93 7 7.59906e-01 -1.48926e-02 7.71561e-03 -4.41959e-02 9 9 0 61.74132 3 9 9
93 7 7.59709e-01 -1.83144e-02 9.48717e-03 -4.41371e-02 9 9 0 61.74276 3 9 9
93 7 7.59444e-01 -2.20803e-02 1.14359e-02 -4.40583e-02 9 9 0 61.74470 3 9 9
93 7 7.59095e-01 -2.62253e-02 1.35795e-02 -4.39546e-02 9 9 0 61.74724 3 9 9
93 7 7.58643e-01 -3.07887e-02 1.59374e-02 -4.38197e-02 9 9 0 61.75055 3 9 9
93 7 7.58062e-01 -3.58143e-02 1.85312e-02 -4.36460e-02 9 9 0 61.75481 3 9 9
93 7 7.57322e-01 -4.13510e-02 2.13843e-02 -4.34240e-02 9 9 0 61.76026 3 9 9
93 7 7.56385e-01 -4.74540e-02 2.45227e-02 -4.31418e-02 9 9 0 61.76720 3 9 9
93 7 7.55205e-01 -5.41865e-02 2.79750e-02 -4.27848e-02 9 9 0 61.77602 3 9 9
93 7 7.53728e-01 -6.16211e-02 3.17725e-02 -4.23342e-02 9 9 0 61.78722 3 9 9
93 7 7.51886e-01 -6.98444e-02 3.59497e-02 -4.17664e-02 9 9 0 61.80151 3 9 9
93 7 7.49595e-01 -7.89619e-02 4.05447e-02 -4.10501e-02 9 9 0 61.81994 3 9 9
93 7 7.46757e-01 -8.91098e-02 4.55992e-02 -4.01435e-02 9 9 0 61.84415 3 9 9
93 7 7.43253e-01 -1.00478e-01 5.11591e-02 -3.89868e-02 9 9 0 61.87714 3 9 9
93 7 7.38944e-01 -1.13361e-01 5.72750e-02 -3.74871e-02 9 9 0 61.92497 3 9 9
93 7 7.33679e-01 -1.28288e-01 6.40025e-02 -3.54804e-02 9 9 0 62.00244 3 9 9
93 7 7.27313e-01 -1.46238e-01 7.14028e-02 -3.26569e-02 9 9 0 62.14947 3 9 9
94 7 7.70774e-01 -1.69083e-03 1.00000e-03 -3.62806e-02 10 10 0 74.25272 6 10 10
94 7 7.70759e-01 -3.55043e-03 2.10000e-03 -3.62701e-02 10 10 0 74.25474 6 10 10
94 7 7.70731e-01 -5.59521e-03 3.31000e-03 -3.62498e-02 10 10 0 74.25863 6 10 10
94 7 7.70685e-01 -7.84295e-03 4.64100e-03 -3.62171e-02 10 10 0 74.26495 6 10 10
94 7 7.70617e-01 -1.03129e-02 6.10510e-03 -3.61684e-02 10 10 0 74.27439 6 10 10
94 7 7.70521e-01 -1.30256e-02 7.71561e-03 -3.60993e-02 10 10 0 74.28789 6 10 10
94 7 7.70390e-01 -1.60030e-02 9.48717e-03 -3.60046e-02 10 10 0 74.30662 6 10 10
94 7 7.70216e-01 -1.92680e-02 1.14359e-02 -3.58776e-02 10 10 0 74.33213 6 10 10
94 7 7.69988e-01 -2.28440e-02 1.35795e-02 -3.57100e-02 10 10 0 74.36645 6 10 10
94 7 7.69693e-01 -2.67539e-02 1.59374e-02 -3.54917e-02 10 10 0 74.41232 6 10 10
94 7 7.69318e-01 -3.10188e-02 1.85312e-02 -3.52105e-02 10 10 0 74.47337 6 10 10
94 7 7.68843e-01 -3.56556e-02 2.13843e-02 -3.48515e-02 10 10 0 74.55448 6 10 10
94 7 7.68247e-01 -4.06734e-02 2.45227e-02 -3.43979e-02 10 10 0 74.66195 6 10 10
94 7 7.67499e-01 -4.60704e-02 2.79750e-02 -3.38319e-02 10 10 0 74.80338 6 10 10
94 7 7.66556e-01 -5.18333e-02 3.17725e-02 -3.31385e-02 10 10 0 74.98640 6 10 10
94 7 7.65352e-01 -5.79454e-02 3.59497e-02 -3.23108e-02 10 10 0 75.21542 4 10 10
94 7 7.63788e-01 -6.44087e-02 4.05447e-02 -3.13539e-02 10 10 0 75.48722 4 10 10
94 7 7.61729e-01 -7.12706e-02 4.55992e-02 -3.02817e-02 10 10 0 75.78898 4 10 10
94 7 7.59014e-01 -7.86363e-02 5.11591e-02 -2.91039e-02 10 10 0 76.10151 6 10 10
94 7 7.55461e-01 -8.66652e-02 5.72750e-02 -2.78154e-02 10 10 0 76.40353 6 10 10
94 7 7.50860e-01 -9.55510e-02 6.40025e-02 -2.63913e-02 10 10 0 76.67358 6 10 10
94 7 7.44969e-01 -1.05489e-01 7.14028e-02 -2.47879e-02 10 10 0 76.89106 6 10 10
95 7 7.80030e-01 -1.65951e-03 1.00000e-03 -2.91037e-02 11 11 0 90.68431 5 11 11
95 7 7.80006e-01 -3.48490e-03 2.10000e-03 -2.91002e-02 11 11 0 90.68515 5 11 11
95 7 7.79962e-01 -5.49266e-03 3.31000e-03 -2.90935e-02 11 11 0 90.68676 5 11 11
95 7 7.79889e-01 -7.70086e-03 4.64100e-03 -2.90826e-02 11 11 0 90.68936 5 11 11
95 7 7.79781e-01 -1.01293e-02 6.10510e-03 -2.90664e-02 11 11 0 90.69322 5 11 11
95 7 7.79629e-01 -1.27998e-02 7.71561e-03 -2.90435e-02 11 11 0 90.69866 5 11 11
95 7 7.79420e-01 -1.57359e-02 9.48717e-03 -2.90120e-02 11 11 0 90.70607 5 11 11
95 7 7.79140e-01 -1.89636e-02 1.14359e-02 -2.89699e-02 11 11 0 90.71594 5 11 11
95 7 7.78773e-01 -2.25111e-02 1.35795e-02 -2.89145e-02 11 11 0 90.72882 5 11 11
95 7 7.78296e-01 -2.64090e-02 1.59374e-02 -2.88423e-02 11 11 0 90.74538 5 11 11
95 7 7.77684e-01 -3.06905e-02 1.85312e-02 -2.87494e-02 11 11 0 90.76637 5 11 11
95 7 7.76904e-01 -3.53911e-02 2.13843e-02 -2.86305e-02 11 11 0 90.79265 5 11 11
95 7 7.75919e-01 -4.05490e-02 2.45227e-02 -2.84793e-02 11 11 0 90.82515 5 11 11
95 7 7.74681e-01 -4.62045e-02 2.79750e-02 -2.82879e-02 11 11 0 90.86483 5 11 11
95 7 7.73132e-01 -5.23998e-02 3.17725e-02 -2.80464e-02 11 11 0 90.91256 5 11 11
95 7 7.71204e-01 -5.91784e-02 3.59497e-02 -2.77423e-02 11 11 0 90.96900 5 11 11
95 7 7.68814e-01 -6.65840e-02 4.05447e-02 -2.73597e-02 11 11 0 91.03428 5 11 11
95 7 7.65861e-01 -7.46596e-02 4.55992e-02 -2.68787e-02 11 11 0 91.10766 5 11 11
95 7 7.62223e-01 -8.34464e-02 5.11591e-02 -2.62738e-02 11 11 0 91.18700 5 11 11
95 7 7.57754e-01 -9.29821e-02 5.72750e-02 -2.55126e-02 11 11 0 91.26822 5 11 11
95 7 7.52279e-01 -1.03300e-01 6.40025e-02 -2.45546e-02 11 11 0 91.34494 5 11 11
96 7 7.85850e-01 -1.97818e-03 1.00000e-03 -2.45465e-02 12 12 0 105.60038 2 12 12
96 7 7.85825e-01 -4.15419e-03 2.10000e-03 -2.45422e-02 12 12 0 105.60046 2 12 12
96 7 7.85778e-01 -6.54782e-03 3.31000e-03 -2.45339e-02 12 12 0 105.60061 2 12 12
96 7 7.85701e-01 -9.18084e-03 4.64100e-03 -2.45204e-02 12 12 0 105.60084 2 12 12
96 7 7.85587e-01 -1.20772e-02 6.10510e-03 -2.45005e-02 12 12 0 105.60119 2 12 12
96 7 7.85426e-01 -1.52633e-02 7.71561e-03 -2.44723e-02 12 12 0 105.60168 2 12 12
96 7 7.85205e-01 -1.87682e-02 9.48717e-03 -2.44337e-02 12 12 0 105.60234 2 12 12
96 7 7.84909e-01 -2.26238e-02 1.14359e-02 -2.43821e-02 12 12 0 105.60319 2 12 12
96 7 7.84520e-01 -2.68652e-02 1.35795e-02 -2.43144e-02 12 12 0 105.60427 2 12 12
96 7 7.84015e-01 -3.15314e-02 1.59374e-02 -2.42266e-02 12 12 0 105.60561 2 12 12
96 7 7.83365e-01 -3.66649e-02 1.85312e-02 -2.41141e-02 12 12 0 105.60722 2 12 12
96 7 7.82535e-01 -4.23129e-02 2.13843e-02 -2.39713e-02 12 12 0 105.60911 2 12 12
96 7 7.81483e-01 -4.85277e-02 2.45227e-02 -2.37912e-02 12 12 0 105.61124 2 12 12
96 7 7.80156e-01 -5.53671e-02 2.79750e-02 -2.35658e-02 12 12 0 105.61357 2 12 12
96 7 7.78489e-01 -6.28956e-02 3.17725e-02 -2.32854e-02 12 12 0 105.61598 2 12 12
96 7 7.76400e-01 -7.11861e-02 3.59497e-02 -2.29389e-02 12 12 0 105.61839 2 12 12
96 7 7.73789e-01 -8.03221e-02 4.05447e-02 -2.25136e-02 12 12 0 105.62078 2 12 12
96 7 7.70526e-01 -9.04024e-02 4.55992e-02 -2.19954e-02 12 12 0 105.62358 2 12 12
96 7 7.66447e-01 -1.01550e-01 5.11591e-02 -2.13704e-02 12 12 0 105.62862 2 12 12
96 7 7.61333e-01 -1.13933e-01 5.72750e-02 -2.06266e-02 12 12 0 105.64152 2 12 12
96 7 7.54892e-01 -1.27798e-01 6.40025e-02 -1.97549e-02 12 12 0 105.67712 2 12 12
96 7 7.46740e-01 -1.43505e-01 7.14028e-02 -1.87341e-02 12 12 0 105.76400 2 12 12
96 7 7.36449e-01 -1.61481e-01 7.95430e-02 -1.74810e-02 12 12 0 105.92237 2 12 12
97 7 7.90763e-01 -1.39120e-03 1.00000e-03 -2.06740e-02 13 13 0 122.93469 13 13 13
97 7 7.90744e-01 -2.92141e-03 2.10000e-03 -2.06692e-02 13 13 0 122.93540 13 13 13
97 7 7.90706e-01 -4.60439e-03 3.31000e-03 -2.06599e-02 13 13 0 122.93677 13 13 13
97 7 7.90645e-01 -6.45520e-03 4.64100e-03 -2.06450e-02 13 13 0 122.93897 13 13 13
97 7 7.90554e-01 -8.49029e-03 6.10510e-03 -2.06227e-02 13 13 0 122.94227 13 13 13
97 7 7.90426e-01 -1.07276e-02 7.71561e-03 -2.05913e-02 13 13 0 122.94693 13 13 13
97 7 7.90251e-01 -1.31868e-02 9.48717e-03 -2.05482e-02 13 13 0 122.95335 13 13 13
97 7 7.90016e-01 -1.58892e-02 1.14359e-02 -2.04904e-02 13 13 0 122.96199 13 13 13
97 7 7.89708e-01 -1.88581e-02 1.35795e-02 -2.04145e-02 13 13 0 122.97343 13 13 13
97 7 7.89307e-01 -2.21186e-02 1.59374e-02 -2.03158e-02 13 13 0 122.98843 13 13 13
97 7 7.88793e-01 -2.56983e-02 1.85312e-02 -2.01888e-02 13 13 0 123.00793 13 13 13
97 7 7.88138e-01 -2.96278e-02 2.13843e-02 -2.00269e-02 13 13 0 123.03316 13 13 13
97 7 7.87310e-01 -3.39409e-02 2.45227e-02 -1.98218e-02 13 13 0 123.06570 13 13 13
97 7 7.86268e-01 -3.86777e-02 2.79750e-02 -1.95636e-02 13 13 0 123.10763 13 13 13
97 7 7.84961e-01 -4.38883e-02 3.17725e-02 -1.92407e-02 13 13 0 123.16167 13 13 13
97 7 7.83326e-01 -4.96424e-02 3.59497e-02 -1.88393e-02 13 13 0 123.23151 13 13 13
97 7 7.81279e-01 -5.60506e-02 4.05447e-02 -1.83450e-02 13 13 0 123.32234 13 13 13
97 7 7.78704e-01 -6.33043e-02 4.55992e-02 -1.77435e-02 13 13 0 123.44255 13 13 13
97 7 7.75438e-01 -7.17310e-02 5.11591e-02 -1.70220e-02 13 13 0 123.60862 11 13 13
97 7 7.71265e-01 -8.17583e-02 5.72750e-02 -1.61640e-02 13 13 0 123.85230 11 13 13
98 7 7.95825e-01 -1.41129e-03 1.00000e-03 -1.66588e-02 14 14 0 148.56439 14 14 14
98 7 7.95803e-01 -2.96371e-03 2.10000e-03 -1.66556e-02 14 14 0 148.56342 14 14 14
98 7 7.95762e-01 -4.67141e-03 3.31000e-03 -1.66494e-02 14 14 0 148.56157 14 14 14
98 7 7.95694e-01 -6.54992e-03 4.64100e-03 -1.66394e-02 14 14 0 148.55858 14 14 14
98 7 7.95594e-01 -8.61636e-03 6.10510e-03 -1.66246e-02 14 14 0 148.55412 14 14 14
98 7 7.95453e-01 -1.08896e-02 7.71561e-03 -1.66036e-02 14 14 0 148.54781 14 14 14
98 7 7.95260e-01 -1.33903e-02 9.48717e-03 -1.65748e-02 14 14 0 148.53914 14 14 14
98 7 7.95000e-01 -1.61414e-02 1.14359e-02 -1.65363e-02 14 14 0 148.52749 14 14 14
98 7 7.94660e-01 -1.91680e-02 1.35795e-02 -1.64856e-02 14 14 0 148.51209 14 14 14
98 7 7.94217e-01 -2.24979e-02 1.59374e-02 -1.64199e-02 14 14 0 148.49198 14 14 14
98 7 7.93648e-01 -2.61616e-02 1.85312e-02 -1.63354e-02 14 14 0 148.46592 14 14 14
98 7 7.92923e-01 -3.01929e-02 2.13843e-02 -1.62278e-02 14 14 0 148.43237 14 14 14
98 7 7.92004e-01 -3.46290e-02 2.45227e-02 -1.60916e-02 14 14 0 148.38935 14 14 14
98 7 7.90847e-01 -3.95111e-02 2.79750e-02 -1.59203e-02 14 14 0 148.33431 14 14 14
98 7 7.89396e-01 -4.48847e-02 3.17725e-02 -1.57057e-02 14 14 0 148.26395 14 14 14
98 7 7.87582e-01 -5.08000e-02 3.59497e-02 -1.54380e-02 14 14 0 148.17393 14 14 14
98 7 7.85323e-01 -5.73129e-02 4.05447e-02 -1.51053e-02 14 14 0 148.05849 14 14 14
99 7 7.96587e-01 4.00610e-02 1.00000e-03 -1.52503e-02 2 13 1 159.80521 2 3 16
99 7 7.93362e-01 8.52189e-02 2.10000e-03 -1.49687e-02 2 13 1 160.05362 2 3 16
99 7 7.83012e-01 1.59546e-01 3.31000e-03 -1.39969e-02 2 13 1 161.36713 2 3 16
100 7 8.00961e-01 3.11667e-04 1.00000e-03 -1.25590e-02 4 16 1 189.86048 2 16 16
100 7 8.00943e-01 6.54711e-04 2.10000e-03 -1.25563e-02 4 16 1 189.86111 2 16 16
100 7 8.00908e-01 1.03259e-03 3.31000e-03 -1.25511e-02 4 16 1 189.86232 2 16 16
100 7 8.00852e-01 1.44926e-03 4.64100e-03 -1.25426e-02 4 16 1 189.86428 2 16 16
100 7 8.00769e-01 1.90931e-03 6.10510e-03 -1.25300e-02 4 16 1 189.86720 2 16 16
100 7 8.00650e-01 2.41807e-03 7.71561e-03 -1.25122e-02 4 16 1 189.87136 2 16 16
100 7 8.00489e-01 2.98188e-03 9.48717e-03 -1.24878e-02 4 16 1 189.87712 2 16 16
100 7 8.00272e-01 3.60831e-03 1.14359e-02 -1.24550e-02 4 16 1 189.88492 2 16 16
100 7 7.99988e-01 4.30655e-03 1.35795e-02 -1.24118e-02 4 16 1 189.89537 2 16 16
100 7 7.99619e-01 5.08793e-03 1.59374e-02 -1.23554e-02 4 16 1 189.90925 2 16 16
100 7 7.99145e-01 5.96669e-03 1.85312e-02 -1.22825e-02 6 16 1 189.92767 2 16 16
100 7 7.98541e-01 6.96103e-03 2.13843e-02 -1.21890e-02 6 16 1 189.95213 2 16 16
100 7 7.97777e-01 8.09481e-03 2.45227e-02 -1.20696e-02 6 16 1 189.98485 2 16 16
100 7 7.96817e-01 9.40019e-03 2.79750e-02 -1.19173e-02 6 16 1 190.02906 2 16 16
100 7 7.95617e-01 1.09219e-02 3.17725e-02 -1.17234e-02 6 16 1 190.08978 2 16 16
100 7 7.94121e-01 1.27246e-02 3.59497e-02 -1.14760e-02 6 16 1 190.17493 2 16 16
100 7 7.92268e-01 1.49034e-02 4.05447e-02 -1.11588e-02 6 16 1 190.29771 2 16 16
100 7 7.89978e-01 1.75949e-02 4.55992e-02 -1.07491e-02 6 16 1 190.48087 2 16 16
101 7 8.02493e-01 -1.79651e-03 1.00000e-03 -1.13295e-02 17 17 0 207.49394 7 17 17
101 7 8.02472e-01 -3.77713e-03 2.10000e-03 -1.13236e-02 17 17 0 207.50224 7 17 17
101 7 8.02432e-01 -5.96711e-03 3.31000e-03 -1.13122e-02 17 17 0 207.51839 7 17 17
101 7 8.02367e-01 -8.39799e-03 4.64100e-03 -1.12936e-02 17 17 0 207.54516 7 17 17
101 7 8.02271e-01 -1.11104e-02 6.10510e-03 -1.12658e-02 17 17 0 207.58650 7 17 17
101 7 8.02134e-01 -1.41582e-02 7.71561e-03 -1.12257e-02 17 17 0 207.64828 7 17 17
101 7 8.01946e-01 -1.76161e-02 9.48717e-03 -1.11696e-02 17 17 0 207.73961 7 17 17
101 7 8.01691e-01 -2.15908e-02 1.14359e-02 -1.10922e-02 17 17 0 207.87516 7 17 17
101 7 8.01350e-01 -2.62393e-02 1.35795e-02 -1.09862e-02 17 17 0 208.07910 9 17 17
101 7 8.00894e-01 -3.17850e-02 1.59374e-02 -1.08422e-02 17 17 0 208.39035 11 17 17
101 7 8.00282e-01 -3.84861e-02 1.85312e-02 -1.06501e-02 17 17 0 208.86073 11 17 17
101 7 7.99451e-01 -4.64398e-02 2.13843e-02 -1.04080e-02 17 17 0 209.51836 5 17 17
101 7 7.98330e-01 -5.53405e-02 2.45227e-02 -1.01299e-02 17 17 0 210.30263 5 17 17
101 7 7.96860e-01 -6.47199e-02 2.79750e-02 -9.83285e-03 17 17 0 211.08946 5 17 17
101 7 7.94985e-01 -7.43569e-02 3.17725e-02 -9.52054e-03 17 17 0 211.78352 5 17 17
101 7 7.92635e-01 -8.42836e-02 3.59497e-02 -9.18454e-03 17 17 0 212.34077 5 17 17
101 7 7.89715e-01 -9.46345e-02 4.05447e-02 -8.81102e-03 17 17 0 212.74551 5 17 17
102 7 8.04512e-01 -1.71790e-03 1.00000e-03 -9.70744e-03 18 18 0 236.98283 6 18 18
102 7 8.04487e-01 -3.60794e-03 2.10000e-03 -9.70542e-03 18 18 0 236.98630 6 18 18
102 7 8.04439e-01 -5.68786e-03 3.31000e-03 -9.70156e-03 18 18 0 236.99294 6 18 18
102 7 8.04361e-01 -7.97743e-03 4.64100e-03 -9.69530e-03 18 18 0 237.00365 6 18 18
102 7 8.04246e-01 -1.04988e-02 6.10510e-03 -9.68598e-03 18 18 0 237.01950 6 18 18
102 7 8.04083e-01 -1.32767e-02 7.71561e-03 -9.67276e-03 18 18 0 237.04176 6 18 18
102 7 8.03860e-01 -1.63391e-02 9.48717e-03 -9.65461e-03 18 18 0 237.07195 6 18 18
102 7 8.03561e-01 -1.97178e-02 1.14359e-02 -9.63021e-03 18 18 0 237.11180 6 18 18
102 7 8.03167e-01 -2.34488e-02 1.35795e-02 -9.59795e-03 18 18 0 237.16325 6 18 18
102 7 8.02655e-01 -2.75734e-02 1.59374e-02 -9.55575e-03 18 18 0 237.22835 6 18 18
102 7 8.01996e-01 -3.21392e-02 1.85312e-02 -9.50101e-03 18 18 0 237.30912 6 18 18
102 7 8.01155e-01 -3.72009e-02 2.13843e-02 -9.43041e-03 18 18 0 237.40721 6 18 18
102 7 8.00088e-01 -4.28216e-02 2.45227e-02 -9.33966e-03 18 18 0 237.52336 6 18 18
102 7 7.98740e-01 -4.90739e-02 2.79750e-02 -9.22327e-03 18 18 0 237.65655 6 18 18
102 7 7.97046e-01 -5.60398e-02 3.17725e-02 -9.07409e-03 18 18 0 237.80288 6 18 18
102 7 7.94925e-01 -6.38105e-02 3.59497e-02 -8.88292e-03 18 18 0 237.95427 8 18 18
102 7 7.92274e-01 -7.24845e-02 4.05447e-02 -8.63799e-03 18 18 0 238.09784 8 18 18
102 7 7.88970e-01 -8.21657e-02 4.55992e-02 -8.32462e-03 18 18 0 238.21657 8 18 18
103 7 8.05920e-01 -1.30050e-03 1.00000e-03 -8.57374e-03 19 19 0 263.57611 5 19 19
103 7 8.05898e-01 -2.73104e-03 2.10000e-03 -8.57151e-03 19 19 0 263.57641 5 19 19
103 7 8.05856e-01 -4.30462e-03 3.31000e-03 -8.56725e-03 19 19 0 263.57700 5 19 19
103 7 8.05788e-01 -6.03554e-03 4.64100e-03 -8.56035e-03 19 19 0 263.57794 5 19 19
103 7 8.05686e-01 -7.93954e-03 6.10510e-03 -8.55011e-03 19 19 0 263.57930 5 19 19
103 7 8.05543e-01 -1.00339e-02 7.71561e-03 -8.53565e-03 19 19 0 263.58118 5 19 19
103 7 8.05346e-01 -1.23379e-02 9.48717e-03 -8.51590e-03 19 19 0 263.58365 5 19 19
103 7 8.05083e-01 -1.48725e-02 1.14359e-02 -8.48954e-03 19 19 0 263.58680 5 19 19
103 7 8.04736e-01 -1.76612e-02 1.35795e-02 -8.45502e-03 19 19 0 263.59067 5 19 19
103 7 8.04286e-01 -2.07302e-02 1.59374e-02 -8.41046e-03 19 19 0 263.59531 5 19 19
103 7 8.03707e-01 -2.41091e-02 1.85312e-02 -8.35361e-03 19 19 0 263.60073 5 19 19
103 7 8.02967e-01 -2.78316e-02 2.13843e-02 -8.28187e-03 19 19 0 263.60699 5 19 19
103 7 8.02028e-01 -3.19376e-02 2.45227e-02 -8.19220e-03 19 19 0 263.61439 5 19 19
103 7 8.00842e-01 -3.64746e-02 2.79750e-02 -8.08125e-03 19 19 0 263.62395 5 19 19
103 7 7.99349e-01 -4.15031e-02 3.17725e-02 -7.94541e-03 19 19 0 263.63858 5 19 19
103 7 7.97472e-01 -4.71022e-02 3.59497e-02 -7.78120e-03 19 19 0 263.66598 5 19 19
103 7 7.95115e-01 -5.33794e-02 4.05447e-02 -7.58561e-03 19 19 0 263.72482 5 19 19
103 7 7.92154e-01 -6.04644e-02 4.55992e-02 -7.35526e-03 19 19 0 263.85433 7 19 19
103 7 7.88447e-01 -6.84442e-02 5.11591e-02 -7.08043e-03 19 19 0 264.10782 7 19 19
104 7 8.09889e-01 -1.25629e-03 1.00000e-03 -5.36744e-03 23 23 0 392.70962 7 23 23
104 7 8.09867e-01 -2.63820e-03 2.10000e-03 -5.36547e-03 23 23 0 392.71006 7 23 23
104 7 8.09825e-01 -4.15829e-03 3.31000e-03 -5.36168e-03 23 23 0 392.71091 7 23 23
104 7 8.09757e-01 -5.83039e-03 4.64100e-03 -5.35554e-03 23 23 0 392.71232 7 23 23
104 7 8.09656e-01 -7.66973e-03 6.10510e-03 -5.34640e-03 23 23 0 392.71445 7 23 23
104 7 8.09513e-01 -9.69311e-03 7.71561e-03 -5.33343e-03 23 23 0 392.71759 7 23 23
104 7 8.09317e-01 -1.19192e-02 9.48717e-03 -5.31559e-03 23 23 0 392.72213 7 23 23
104 7 8.09055e-01 -1.43687e-02 1.14359e-02 -5.29157e-03 23 23 0 392.72869 7 23 23
104 7 8.08710e-01 -1.70652e-02 1.35795e-02 -5.25970e-03 23 23 0 392.73830 7 23 23
104 7 8.08263e-01 -2.00357e-02 1.59374e-02 -5.21782e-03 23 23 0 392.75278 7 23 23
104 7 8.07690e-01 -2.33120e-02 1.85312e-02 -5.16307e-03 23 23 0 392.77542 7 23 23
104 7 8.06961e-01 -2.69344e-02 2.13843e-02 -5.09153e-03 23 23 0 392.81257 7 23 23
104 7 8.06040e-01 -3.09571e-02 2.45227e-02 -4.99746e-03 23 23 0 392.87729 7 23 23
104 7 8.04885e-01 -3.54640e-02 2.79750e-02 -4.87175e-03 23 23 0 392.99877 7 23 23
104 7 8.03446e-01 -4.06079e-02 3.17725e-02 -4.69883e-03 23 23 0 393.24668 7 23 23
105 7 8.11155e-01 -1.80917e-03 1.00000e-03 -4.34014e-03 25 25 0 470.11499 5 25 25
105 7 8.11129e-01 -3.79983e-03 2.10000e-03 -4.33877e-03 25 25 0 470.12473 5 25 25
105 7 8.11079e-01 -5.99103e-03 3.31000e-03 -4.33613e-03 25 25 0 470.14336 5 25 25
105 7 8.10997e-01 -8.40411e-03 4.64100e-03 -4.33187e-03 25 25 0 470.17327 5 25 25
105 7 8.10876e-01 -1.10631e-02 6.10510e-03 -4.32551e-03 25 25 0 470.21725 5 25 25
105 7 8.10705e-01 -1.39954e-02 7.71561e-03 -4.31646e-03 25 25 0 470.27846 5 25 25
105 7 8.10470e-01 -1.72320e-02 9.48717e-03 -4.30401e-03 25 25 0 470.36035 5 25 25
105 7 8.10155e-01 -2.08083e-02 1.14359e-02 -4.28720e-03 25 25 0 470.46632 5 25 25
105 7 8.09740e-01 -2.47652e-02 1.35795e-02 -4.26484e-03 25 25 0 470.59933 5 25 25
105 7 8.09201e-01 -2.91494e-02 1.59374e-02 -4.23541e-03 25 25 0 470.76095 5 25 25
105 7 8.08506e-01 -3.40146e-02 1.85312e-02 -4.19689e-03 25 25 0 470.95003 5 25 25
105 7 8.07618e-01 -3.94215e-02 2.13843e-02 -4.14671e-03 25 25 0 471.16075 5 25 25
105 7 8.06490e-01 -4.54382e-02 2.45227e-02 -4.08151e-03 25 25 0 471.38047 5 25 25
106 7 8.13669e-01 -1.62095e-03 1.00000e-03 -2.29875e-03 30 32 0 803.18458 6 32 32
106 7 8.13643e-01 -3.40363e-03 2.10000e-03 -2.29779e-03 30 32 0 803.21131 6 32 32
106 7 8.13595e-01 -5.36368e-03 3.31000e-03 -2.29595e-03 30 32 0 803.26230 6 32 32
106 7 8.13516e-01 -7.51808e-03 4.64100e-03 -2.29297e-03 30 32 0 803.34379 6 32 32
106 7 8.13400e-01 -9.88520e-03 6.10510e-03 -2.28852e-03 30 32 0 803.46280 6 32 32
106 7 8.13235e-01 -1.24849e-02 7.71561e-03 -2.28218e-03 30 32 0 803.62669 6 32 32
106 7 8.13010e-01 -1.53388e-02 9.48717e-03 -2.27342e-03 30 32 0 803.84238 8 32 32
106 7 8.12708e-01 -1.84704e-02 1.14359e-02 -2.26157e-03 30 32 0 804.11488 8 32 32
106 7 8.12312e-01 -2.19056e-02 1.35795e-02 -2.24572e-03 30 32 0 804.44475 8 32 32
106 7 8.11799e-01 -2.56734e-02 1.59374e-02 -2.22474e-03 30 32 0 804.82468 8 32 32
106 7 8.11141e-01 -2.98073e-02 1.85312e-02 -2.19711e-03 30 32 0 805.23550 8 32 32
106 7 8.10304e-01 -3.43466e-02 2.13843e-02 -2.16089e-03 30 32 0 805.64417 8 32 32
106 7 8.09245e-01 -3.93384e-02 2.45227e-02 -2.11363e-03 30 32 0 806.00710 8 32 32
106 7 8.07914e-01 -4.48384e-02 2.79750e-02 -2.05236e-03 30 32 0 806.27906 8 32 32
107 7 8.16077e-01 -1.62073e-03 1.00000e-03 -3.36399e-04 65 65 0 4010.31716 15 65 65
107 7 8.16034e-01 -3.32946e-03 2.10000e-03 -3.50343e-04 64 64 0 3873.14549 22 64 64
