108 9 1.67982e-01 -1.59505e-03 1.00000e-03 -3.19218e-01 1 1 0 3.14214 1 1 1
108 9 1.67979e-01 -3.34961e-03 2.10000e-03 -3.19197e-01 1 1 0 3.14217 1 1 1
108 9 1.67973e-01 -5.27961e-03 3.31000e-03 -3.19157e-01 1 1 0 3.14222 1 1 1
108 9 1.67963e-01 -7.40258e-03 4.64100e-03 -3.19092e-01 1 1 0 3.14230 1 1 1
108 9 1.67949e-01 -9.73781e-03 6.10510e-03 -3.18996e-01 1 1 0 3.14242 1 1 1
108 9 1.67929e-01 -1.23065e-02 7.71561e-03 -3.18860e-01 1 1 0 3.14259 1 1 1
108 9 1.67901e-01 -1.51320e-02 9.48717e-03 -3.18673e-01 1 1 0 3.14282 1 1 1
108 9 1.67864e-01 -1.82398e-02 1.14359e-02 -3.18424e-01 1 1 0 3.14313 1 1 1
108 9 1.67816e-01 -2.16583e-02 1.35795e-02 -3.18096e-01 1 1 0 3.14354 1 1 1
108 9 1.67753e-01 -2.54183e-02 1.59374e-02 -3.17670e-01 1 1 0 3.14408 1 1 1
108 9 1.67672e-01 -2.95539e-02 1.85312e-02 -3.17123e-01 1 1 0 3.14477 1 1 1
108 9 1.67569e-01 -3.41025e-02 2.13843e-02 -3.16426e-01 1 1 0 3.14564 1 1 1
108 9 1.67439e-01 -3.91051e-02 2.45227e-02 -3.15544e-01 1 1 0 3.14675 1 1 1
108 9 1.67274e-01 -4.46068e-02 2.79750e-02 -3.14435e-01 1 1 0 3.14815 1 1 1
108 9 1.67068e-01 -5.06571e-02 3.17725e-02 -3.13047e-01 1 1 0 3.14990 1 1 1
108 9 1.66810e-01 -5.73102e-02 3.59497e-02 -3.11316e-01 1 1 0 3.15209 1 1 1
108 9 1.66489e-01 -6.46256e-02 4.05447e-02 -3.09167e-01 1 1 0 3.15483 1 1 1
108 9 1.66089e-01 -7.26685e-02 4.55992e-02 -3.06504e-01 1 1 0 3.15823 1 1 1
108 9 1.65593e-01 -8.15100e-02 5.11591e-02 -3.03215e-01 1 1 0 3.16245 1 1 1
108 9 1.64979e-01 -9.12278e-02 5.72750e-02 -2.99161e-01 1 1 0 3.16769 1 1 1
108 9 1.64217e-01 -1.01907e-01 6.40025e-02 -2.94176e-01 1 1 0 3.17418 1 1 1
108 9 1.63274e-01 -1.13639e-01 7.14028e-02 -2.88055e-01 1 1 0 3.18224 1 1 1
108 9 1.62105e-01 -1.26525e-01 7.95430e-02 -2.80555e-01 1 1 0 3.19224 1 1 1
108 9 1.60654e-01 -1.40672e-01 8.84973e-02 -2.71375e-01 1 1 0 3.20467 1 1 1
108 9 1.58847e-01 -1.56195e-01 9.83471e-02 -2.60158e-01 1 1 0 3.22016 1 1 1
108 9 1.56591e-01 -1.73219e-01 1.09182e-01 -2.46467e-01 1 1 0 3.23953 1 1 1
108 9 1.53758e-01 -1.91871e-01 1.21100e-01 -2.29779e-01 1 1 0 3.26386 1 1 1
108 9 1.50169e-01 -2.12283e-01 1.34210e-01 -2.09464e-01 1 1 0 3.29463 1 1 1
108 9 1.45558e-01 -2.34588e-01 1.48631e-01 -1.84768e-01 1 1 0 3.33388 1 1 1
108 9 1.39478e-01 -2.58902e-01 1.64494e-01 -1.54800e-01 1 1 0 3.38453 1 1 1
108 9 1.30977e-01 -2.85307e-01 1.81943e-01 -1.18539e-01 1 1 0 3.45094 1 1 1
109 9 3.16165e-01 -1.59100e-03 1.00000e-03 -2.83347e-01 2 2 0 6.57339 2 2 2
109 9 3.16160e-01 -3.34109e-03 2.10000e-03 -2.83327e-01 2 2 0 6.57345 2 2 2
109 9 3.16150e-01 -5.26618e-03 3.31000e-03 -2.83289e-01 2 2 0 6.57355 2 2 2
109 9 3.16134e-01 -7.38376e-03 4.64100e-03 -2.83228e-01 2 2 0 6.57372 2 2 2
109 9 3.16110e-01 -9.71305e-03 6.10510e-03 -2.83137e-01 2 2 0 6.57398 2 2 2
109 9 3.16075e-01 -1.22752e-02 7.71561e-03 -2.83009e-01 2 2 0 6.57434 2 2 2
109 9 3.16029e-01 -1.50935e-02 9.48717e-03 -2.82832e-01 2 2 0 6.57483 2 2 2
109 9 3.15966e-01 -1.81935e-02 1.14359e-02 -2.82597e-01 2 2 0 6.57549 2 2 2
109 9 3.15884e-01 -2.16032e-02 1.35795e-02 -2.82287e-01 2 2 0 6.57635 2 2 2
109 9 3.15777e-01 -2.53537e-02 1.59374e-02 -2.81884e-01 2 2 0 6.57748 2 2 2
109 9 3.15639e-01 -2.94787e-02 1.85312e-02 -2.81368e-01 2 2 0 6.57892 2 2 2
109 9 3.15463e-01 -3.40157e-02 2.13843e-02 -2.80710e-01 2 2 0 6.58077 2 2 2
109 9 3.15240e-01 -3.90055e-02 2.45227e-02 -2.79878e-01 2 2 0 6.58310 2 2 2
109 9 3.14958e-01 -4.44932e-02 2.79750e-02 -2.78831e-01 2 2 0 6.58605 2 2 2
109 9 3.14604e-01 -5.05280e-02 3.17725e-02 -2.77521e-01 2 2 0 6.58974 2 2 2
109 9 3.14160e-01 -5.71641e-02 3.59497e-02 -2.75889e-01 2 2 0 6.59435 2 2 2
109 9 3.13605e-01 -6.44608e-02 4.05447e-02 -2.73862e-01 2 2 0 6.60010 2 2 2
109 9 3.12911e-01 -7.24830e-02 4.55992e-02 -2.71353e-01 2 2 0 6.60725 2 2 2
109 9 3.12044e-01 -8.13018e-02 5.11591e-02 -2.68256e-01 2 2 0 6.61612 2 2 2
109 9 3.10961e-01 -9.09948e-02 5.72750e-02 -2.64443e-01 2 2 0 6.62711 2 2 2
109 9 3.09605e-01 -1.01646e-01 6.40025e-02 -2.59758e-01 2 2 0 6.64074 2 2 2
109 9 3.07904e-01 -1.13349e-01 7.14028e-02 -2.54015e-01 2 2 0 6.65761 2 2 2
109 9 3.05759e-01 -1.26202e-01 7.95430e-02 -2.46990e-01 2 2 0 6.67853 2 2 2
109 9 3.03041e-01 -1.40314e-01 8.84973e-02 -2.38414e-01 2 2 0 6.70449 2 2 2
109 9 2.99563e-01 -1.55800e-01 9.83471e-02 -2.27967e-01 2 2 0 6.73677 2 2 2
109 9 2.95057e-01 -1.72783e-01 1.09182e-01 -2.15274e-01 2 2 0 6.77705 2 2 2
109 9 2.89114e-01 -1.91394e-01 1.21100e-01 -1.99898e-01 2 2 0 6.82754 2 2 2
109 9 2.81069e-01 -2.11766e-01 1.34210e-01 -1.81350e-01 2 2 0 6.89123 2 2 2
109 9 2.69773e-01 -2.34024e-01 1.48631e-01 -1.59105e-01 2 2 0 6.97235 2 2 2
109 9 2.53212e-01 -2.58274e-01 1.64494e-01 -1.32631e-01 2 2 0 7.07698 2 2 2
110 9 4.34623e-01 -1.58593e-03 1.00000e-03 -2.38878e-01 3 3 0 10.50833 3 3 3
110 9 4.34618e-01 -3.33045e-03 2.10000e-03 -2.38859e-01 3 3 0 10.50843 3 3 3
110 9 4.34609e-01 -5.24943e-03 3.31000e-03 -2.38822e-01 3 3 0 10.50863 3 3 3
110 9 4.34593e-01 -7.36033e-03 4.64100e-03 -2.38763e-01 3 3 0 10.50895 3 3 3
110 9 4.34570e-01 -9.68234e-03 6.10510e-03 -2.38674e-01 3 3 0 10.50942 3 3 3
110 9 4.34538e-01 -1.22366e-02 7.71561e-03 -2.38549e-01 3 3 0 10.51009 3 3 3
110 9 4.34493e-01 -1.50463e-02 9.48717e-03 -2.38378e-01 3 3 0 10.51101 3 3 3
110 9 4.34433e-01 -1.81371e-02 1.14359e-02 -2.38149e-01 3 3 0 10.51224 3 3 3
110 9 4.34355e-01 -2.15371e-02 1.35795e-02 -2.37847e-01 3 3 0 10.51386 3 3 3
110 9 4.34253e-01 -2.52772e-02 1.59374e-02 -2.37456e-01 3 3 0 10.51596 3 3 3
110 9 4.34122e-01 -2.93916e-02 1.85312e-02 -2.36954e-01 3 3 0 10.51867 3 3 3
110 9 4.33954e-01 -3.39178e-02 2.13843e-02 -2.36313e-01 3 3 0 10.52212 3 3 3
110 9 4.33743e-01 -3.88972e-02 2.45227e-02 -2.35504e-01 3 3 0 10.52650 3 3 3
110 9 4.33476e-01 -4.43751e-02 2.79750e-02 -2.34485e-01 3 3 0 10.53202 3 3 3
110 9 4.33142e-01 -5.04018e-02 3.17725e-02 -2.33210e-01 3 3 0 10.53895 3 3 3
110 9 4.32724e-01 -5.70326e-02 3.59497e-02 -2.31620e-01 3 3 0 10.54764 3 3 3
110 9 4.32204e-01 -6.43282e-02 4.05447e-02 -2.29645e-01 3 3 0 10.55849 3 3 3
110 9 4.31558e-01 -7.23560e-02 4.55992e-02 -2.27198e-01 3 3 0 10.57201 3 3 3
110 9 4.30756e-01 -8.11901e-02 5.11591e-02 -2.24176e-01 3 3 0 10.58887 3 3 3
110 9 4.29762e-01 -9.09126e-02 5.72750e-02 -2.20451e-01 3 3 0 10.60986 3 3 3
110 9 4.28531e-01 -1.01614e-01 6.40025e-02 -2.15869e-01 3 3 0 10.63601 3 3 3
110 9 4.27005e-01 -1.13395e-01 7.14028e-02 -2.10246e-01 3 3 0 10.66864 3 3 3
110 9 4.25109e-01 -1.26367e-01 7.95430e-02 -2.03355e-01 3 3 0 10.70943 3 3 3
110 9 4.22744e-01 -1.40654e-01 8.84973e-02 -1.94926e-01 3 3 0 10.76056 3 3 3
110 9 4.19774e-01 -1.56392e-01 9.83471e-02 -1.84638e-01 3 3 0 10.82488 3 3 3
110 9 4.15999e-01 -1.73729e-01 1.09182e-01 -1.72112e-01 3 3 0 10.90609 3 3 3
110 9 4.11104e-01 -1.92823e-01 1.21100e-01 -1.56914e-01 3 3 0 11.00882 3 3 3
110 9 4.04562e-01 -2.13823e-01 1.34210e-01 -1.38576e-01 3 3 0 11.13830 3 3 3
110 9 3.95436e-01 -2.36832e-01 1.48631e-01 -1.16648e-01 3 3 0 11.29865 3 3 3
111 9 5.22041e-01 -1.58183e-03 1.00000e-03 -1.97064e-01 4 4 0 14.95240 4 4 4
111 9 5.22055e-01 -3.32183e-03 2.10000e-03 -1.97035e-01 4 4 0 14.95292 4 4 4
111 9 5.22083e-01 -5.23582e-03 3.31000e-03 -1.96979e-01 4 4 0 14.95391 4 4 4
111 9 5.22128e-01 -7.34116e-03 4.64100e-03 -1.96890e-01 4 4 0 14.95551 4 4 4
111 9 5.22195e-01 -9.65698e-03 6.10510e-03 -1.96756e-01 4 4 0 14.95789 4 4 4
111 9 5.22290e-01 -1.22043e-02 7.71561e-03 -1.96568e-01 4 4 0 14.96128 4 4 4
111 9 5.22421e-01 -1.50062e-02 9.48717e-03 -1.96309e-01 4 4 0 14.96593 4 4 4
111 9 5.22596e-01 -1.80880e-02 1.14359e-02 -1.95962e-01 4 4 0 14.97220 4 4 4
111 9 5.22828e-01 -2.14778e-02 1.35795e-02 -1.95506e-01 4 4 0 14.98051 4 4 4
111 9 5.23130e-01 -2.52060e-02 1.59374e-02 -1.94913e-01 4 4 0 14.99140 4 4 4
111 9 5.23521e-01 -2.93064e-02 1.85312e-02 -1.94150e-01 4 4 0 15.00559 4 4 4
111 9 5.24022e-01 -3.38159e-02 2.13843e-02 -1.93176e-01 4 4 0 15.02396 4 4 4
111 9 5.24661e-01 -3.87751e-02 2.45227e-02 -1.91940e-01 4 4 0 15.04767 4 4 4
111 9 5.25468e-01 -4.42282e-02 2.79750e-02 -1.90384e-01 4 4 0 15.07822 4 4 4
111 9 5.26479e-01 -5.02239e-02 3.17725e-02 -1.88434e-01 4 4 0 15.11753 4 4 4
111 9 5.27727e-01 -5.68147e-02 3.59497e-02 -1.86009e-01 4 4 0 15.16803 4 4 4
111 9 5.29228e-01 -6.40572e-02 4.05447e-02 -1.83021e-01 4 4 0 15.23252 4 4 4
111 9 5.30950e-01 -7.20106e-02 4.55992e-02 -1.79390e-01 4 4 0 15.31385 4 4 4
111 9 5.32770e-01 -8.07349e-02 5.11591e-02 -1.75066e-01 4 4 0 15.41388 4 4 4
111 9 5.34418e-01 -9.02880e-02 5.72750e-02 -1.70054e-01 4 4 0 15.53185 4 4 4
111 9 5.35481e-01 -1.00726e-01 6.40025e-02 -1.64409e-01 4 4 0 15.66347 4 4 4
111 9 5.35487e-01 -1.12107e-01 7.14028e-02 -1.58185e-01 4 4 0 15.80191 4 4 4
111 9 5.33993e-01 -1.24503e-01 7.95430e-02 -1.51373e-01 4 4 0 15.94051 4 4 4
111 9 5.30618e-01 -1.38000e-01 8.84973e-02 -1.43875e-01 4 4 0 16.07467 4 4 4
111 9 5.24999e-01 -1.52708e-01 9.83471e-02 -1.35501e-01 4 4 0 16.20201 4 4 4
111 9 5.16736e-01 -1.68762e-01 1.09182e-01 -1.25982e-01 4 4 0 16.32152 4 4 4
111 9 5.05326e-01 -1.86328e-01 1.21100e-01 -1.14971e-01 4 4 0 16.43245 4 4 4
112 9 5.97029e-01 -1.58202e-03 1.00000e-03 -1.55105e-01 5 5 0 21.09492 5 5 5
112 9 5.97009e-01 -3.32224e-03 2.10000e-03 -1.55096e-01 5 5 0 21.09512 5 5 5
112 9 5.96970e-01 -5.23646e-03 3.31000e-03 -1.55078e-01 5 5 0 21.09549 5 5 5
112 9 5.96906e-01 -7.34207e-03 4.64100e-03 -1.55050e-01 5 5 0 21.09609 5 5 5
112 9 5.96812e-01 -9.65819e-03 6.10510e-03 -1.55008e-01 5 5 0 21.09698 5 5 5
112 9 5.96679e-01 -1.22058e-02 7.71561e-03 -1.54948e-01 5 5 0 21.09825 5 5 5
112 9 5.96496e-01 -1.50081e-02 9.48717e-03 -1.54867e-01 5 5 0 21.09998 5 5 5
112 9 5.96252e-01 -1.80904e-02 1.14359e-02 -1.54757e-01 5 5 0 21.10230 5 5 5
112 9 5.95931e-01 -2.14807e-02 1.35795e-02 -1.54614e-01 5 5 0 21.10534 5 5 5
112 9 5.95515e-01 -2.52096e-02 1.59374e-02 -1.54427e-01 5 5 0 21.10929 5 5 5
112 9 5.94980e-01 -2.93108e-02 1.85312e-02 -1.54186e-01 5 5 0 21.11435 5 5 5
112 9 5.94299e-01 -3.38214e-02 2.13843e-02 -1.53879e-01 5 5 0 21.12078 5 5 5
112 9 5.93439e-01 -3.87823e-02 2.45227e-02 -1.53490e-01 5 5 0 21.12889 5 5 5
112 9 5.92357e-01 -4.42382e-02 2.79750e-02 -1.52998e-01 5 5 0 21.13907 5 5 5
112 9 5.91004e-01 -5.02389e-02 3.17725e-02 -1.52381e-01 5 5 0 21.15175 5 5 5
112 9 5.89319e-01 -5.68397e-02 3.59497e-02 -1.51607e-01 5 5 0 21.16747 5 5 5
112 9 5.87230e-01 -6.41032e-02 4.05447e-02 -1.50640e-01 5 5 0 21.18685 5 5 5
112 9 5.84646e-01 -7.21018e-02 4.55992e-02 -1.49432e-01 5 5 0 21.21063 5 5 5
112 9 5.81460e-01 -8.09232e-02 5.11591e-02 -1.47925e-01 5 5 0 21.23965 5 5 5
112 9 5.77540e-01 -9.06811e-02 5.72750e-02 -1.46043e-01 5 5 0 21.27484 5 5 5
112 9 5.72725e-01 -1.01537e-01 6.40025e-02 -1.43690e-01 5 5 0 21.31724 5 5 5
112 9 5.66808e-01 -1.13747e-01 7.14028e-02 -1.40737e-01 5 5 0 21.36794 5 5 5
112 9 5.59510e-01 -1.27773e-01 7.95430e-02 -1.37009e-01 5 5 0 21.42812 5 5 5
112 9 5.50404e-01 -1.44557e-01 8.84973e-02 -1.32254e-01 5 5 0 21.49920 5 5 5
112 9 5.38668e-01 -1.66437e-01 9.83471e-02 -1.26041e-01 5 5 0 21.58388 5 5 5
112 9 5.21717e-01 -2.01887e-01 1.09182e-01 -1.17256e-01 5 5 0 21.69316 5 5 5
113 9 6.43141e-01 -1.59734e-03 1.00000e-03 -1.26512e-01 6 6 0 27.14736 6 6 6
113 9 6.43123e-01 -3.35442e-03 2.10000e-03 -1.26502e-01 6 6 0 27.14748 6 6 6
113 9 6.43088e-01 -5.28722e-03 3.31000e-03 -1.26483e-01 6 6 0 27.14770 6 6 6
113 9 6.43032e-01 -7.41332e-03 4.64100e-03 -1.26453e-01 6 6 0 27.14806 6 6 6
113 9 6.42949e-01 -9.75207e-03 6.10510e-03 -1.26408e-01 6 6 0 27.14859 6 6 6
113 9 6.42831e-01 -1.23248e-02 7.71561e-03 -1.26344e-01 6 6 0 27.14935 6 6 6
113 9 6.42669e-01 -1.51548e-02 9.48717e-03 -1.26257e-01 6 6 0 27.15038 6 6 6
113 9 6.42453e-01 -1.82680e-02 1.14359e-02 -1.26140e-01 6 6 0 27.15177 6 6 6
113 9 6.42169e-01 -2.16926e-02 1.35795e-02 -1.25986e-01 6 6 0 27.15359 6 6 6
113 9 6.41799e-01 -2.54600e-02 1.59374e-02 -1.25786e-01 6 6 0 27.15596 6 6 6
113 9 6.41324e-01 -2.96046e-02 1.85312e-02 -1.25530e-01 6 6 0 27.15900 6 6 6
113 9 6.40718e-01 -3.41642e-02 2.13843e-02 -1.25203e-01 6 6 0 27.16288 6 6 6
113 9 6.39951e-01 -3.91805e-02 2.45227e-02 -1.24790e-01 6 6 0 27.16778 6 6 6
113 9 6.38985e-01 -4.46995e-02 2.79750e-02 -1.24270e-01 6 6 0 27.17397 6 6 6
113 9 6.37773e-01 -5.07720e-02 3.17725e-02 -1.23620e-01 6 6 0 27.18171 6 6 6
113 9 6.36258e-01 -5.74539e-02 3.59497e-02 -1.22809e-01 6 6 0 27.19139 6 6 6
113 9 6.34371e-01 -6.48070e-02 4.05447e-02 -1.21801e-01 6 6 0 27.20345 6 6 6
113 9 6.32024e-01 -7.28996e-02 4.55992e-02 -1.20552e-01 6 6 0 27.21842 6 6 6
113 9 6.29112e-01 -8.18075e-02 5.11591e-02 -1.19010e-01 6 6 0 27.23699 6 6 6
113 9 6.25501e-01 -9.16145e-02 5.72750e-02 -1.17109e-01 6 6 0 27.25999 6 6 6
113 9 6.21028e-01 -1.02414e-01 6.40025e-02 -1.14770e-01 6 6 0 27.28847 6 6 6
113 9 6.15486e-01 -1.14311e-01 7.14028e-02 -1.11896e-01 6 6 0 27.32376 6 6 6
113 9 6.08617e-01 -1.27423e-01 7.95430e-02 -1.08372e-01 6 6 0 27.36752 6 6 6
113 9 6.00090e-01 -1.41882e-01 8.84973e-02 -1.04055e-01 6 6 0 27.42195 6 6 6
113 9 5.89484e-01 -1.57841e-01 9.83471e-02 -9.87702e-02 6 6 0 27.48997 6 6 6
113 9 5.76248e-01 -1.75478e-01 1.09182e-01 -9.23029e-02 6 6 0 27.57554 6 6 6
113 9 5.59660e-01 -1.95000e-01 1.21100e-01 -8.43853e-02 6 6 0 27.68420 6 6 6
113 9 5.38752e-01 -2.16654e-01 1.34210e-01 -7.46754e-02 6 6 0 27.82358 6 6 6
114 9 6.78460e-01 -1.71469e-03 1.00000e-03 -1.03173e-01 7 7 0 34.19373 7 7 7
114 9 6.78442e-01 -3.60084e-03 2.10000e-03 -1.03163e-01 7 7 0 34.19389 7 7 7
114 9 6.78409e-01 -5.67559e-03 3.31000e-03 -1.03143e-01 7 7 0 34.19419 7 7 7
114 9 6.78355e-01 -7.95776e-03 4.64100e-03 -1.03112e-01 7 7 0 34.19467 7 7 7
114 9 6.78274e-01 -1.04681e-02 6.10510e-03 -1.03064e-01 7 7 0 34.19540 7 7 7
114 9 6.78160e-01 -1.32293e-02 7.71561e-03 -1.02998e-01 7 7 0 34.19642 7 7 7
114 9 6.78003e-01 -1.62665e-02 9.48717e-03 -1.02907e-01 7 7 0 34.19782 7 7 7
114 9 6.77794e-01 -1.96071e-02 1.14359e-02 -1.02785e-01 7 7 0 34.19970 7 7 7
114 9 6.77520e-01 -2.32814e-02 1.35795e-02 -1.02624e-01 7 7 0 34.20217 7 7 7
114 9 6.77163e-01 -2.73225e-02 1.59374e-02 -1.02415e-01 7 7 0 34.20537 7 7 7
114 9 6.76705e-01 -3.17667e-02 1.85312e-02 -1.02147e-01 7 7 0 34.20949 7 7 7
114 9 6.76121e-01 -3.66541e-02 2.13843e-02 -1.01805e-01 7 7 0 34.21475 7 7 7
114 9 6.75384e-01 -4.20281e-02 2.45227e-02 -1.01372e-01 7 7 0 34.22141 7 7 7
114 9 6.74457e-01 -4.79364e-02 2.79750e-02 -1.00825e-01 7 7 0 34.22980 7 7 7
114 9 6.73298e-01 -5.44309e-02 3.17725e-02 -1.00140e-01 7 7 0 34.24033 7 7 7
114 9 6.71854e-01 -6.15674e-02 3.59497e-02 -9.92819e-02 7 7 0 34.25352 7 7 7
114 9 6.70065e-01 -6.94061e-02 4.05447e-02 -9.82117e-02 7 7 0 34.27000 7 7 7
114 9 6.67856e-01 -7.80103e-02 4.55992e-02 -9.68786e-02 7 7 0 34.29057 7 7 7
114 9 6.65138e-01 -8.74447e-02 5.11591e-02 -9.52193e-02 7 7 0 34.31628 7 7 7
114 9 6.61813e-01 -9.77721e-02 5.72750e-02 -9.31534e-02 7 7 0 34.34853 7 7 7
114 9 6.57769e-01 -1.09045e-01 6.40025e-02 -9.05765e-02 7 7 0 34.38927 7 7 7
114 9 6.52897e-01 -1.21289e-01 7.14028e-02 -8.73490e-02 7 7 0 34.44143 7 7 7
114 9 6.47122e-01 -1.34465e-01 7.95430e-02 -8.32742e-02 7 7 0 34.50985 7 7 7
114 9 6.40490e-01 -1.48375e-01 8.84973e-02 -7.80531e-02 7 7 0 34.60342 7 7 7
114 9 6.33382e-01 -1.62441e-01 9.83471e-02 -7.11929e-02 7 7 0 34.74081 7 7 7
115 9 7.05462e-01 -1.13272e-03 1.00000e-03 -8.44897e-02 8 8 0 42.27182 8 8 8
115 9 7.05451e-01 -2.37861e-03 2.10000e-03 -8.44781e-02 8 8 0 42.27231 8 8 8
115 9 7.05430e-01 -3.74886e-03 3.31000e-03 -8.44560e-02 8 8 0 42.27324 8 8 8
115 9 7.05396e-01 -5.25569e-03 4.64100e-03 -8.44202e-02 8 8 0 42.27474 8 8 8
115 9 7.05345e-01 -6.91246e-03 6.10510e-03 -8.43670e-02 8 8 0 42.27698 8 8 8
115 9 7.05274e-01 -8.73370e-03 7.71561e-03 -8.42917e-02 8 8 0 42.28015 8 8 8
115 9 7.05177e-01 -1.07352e-02 9.48717e-03 -8.41886e-02 8 8 0 42.28449 8 8 8
115 9 7.05046e-01 -1.29342e-02 1.14359e-02 -8.40506e-02 8 8 0 42.29032 8 8 8
115 9 7.04875e-01 -1.53491e-02 1.35795e-02 -8.38692e-02 8 8 0 42.29800 8 8 8
115 9 7.04653e-01 -1.79998e-02 1.59374e-02 -8.36336e-02 8 8 0 42.30800 8 8 8
115 9 7.04367e-01 -2.09075e-02 1.85312e-02 -8.33311e-02 8 8 0 42.32090 8 8 8
115 9 7.04004e-01 -2.40945e-02 2.13843e-02 -8.29457e-02 8 8 0 42.33742 8 8 8
115 9 7.03545e-01 -2.75841e-02 2.45227e-02 -8.24581e-02 8 8 0 42.35846 8 8 8
115 9 7.02969e-01 -3.14004e-02 2.79750e-02 -8.18449e-02 8 8 0 42.38515 8 8 8
115 9 7.02248e-01 -3.55673e-02 3.17725e-02 -8.10775e-02 8 8 0 42.41890 8 8 8
115 9 7.01350e-01 -4.01083e-02 3.59497e-02 -8.01214e-02 8 8 0 42.46149 8 8 8
115 9 7.00235e-01 -4.50447e-02 4.05447e-02 -7.89352e-02 8 8 0 42.51515 8 8 8
115 9 6.98853e-01 -5.03942e-02 4.55992e-02 -7.74694e-02 8 8 0 42.58270 8 8 8
115 9 6.97143e-01 -5.61677e-02 5.11591e-02 -7.56655e-02 8 8 0 42.66761 8 8 8
115 9 6.95027e-01 -6.23637e-02 5.72750e-02 -7.34551e-02 8 8 0 42.77412 8 8 8
115 9 6.92412e-01 -6.89539e-02 6.40025e-02 -7.07572e-02 8 8 0 42.90729 8 8 8
115 9 6.89194e-01 -7.58418e-02 7.14028e-02 -6.74711e-02 8 8 0 43.07327 8 8 8
115 9 6.85302e-01 -8.27512e-02 7.95430e-02 -6.34548e-02 8 8 0 43.28143 8 8 8
115 9 6.80646e-01 -8.92112e-02 8.84973e-02 -5.85558e-02 8 8 0 43.54736 6 8 8
115 9 6.74369e-01 -9.58886e-02 9.83471e-02 -5.29887e-02 8 8 0 43.85393 6 8 8
116 9 7.33154e-01 -1.28947e-03 1.00000e-03 -6.45699e-02 9 9 0 55.40262 9 9 9
116 9 7.33136e-01 -2.70790e-03 2.10000e-03 -6.45634e-02 9 9 0 55.40249 9 9 9
116 9 7.33101e-01 -4.26819e-03 3.31000e-03 -6.45510e-02 9 9 0 55.40223 9 9 9
116 9 7.33044e-01 -5.98456e-03 4.64100e-03 -6.45309e-02 9 9 0 55.40181 9 9 9
116 9 7.32960e-01 -7.87264e-03 6.10510e-03 -6.45011e-02 9 9 0 55.40119 9 9 9
116 9 7.32840e-01 -9.94965e-03 7.71561e-03 -6.44589e-02 9 9 0 55.40031 9 9 9
116 9 7.32676e-01 -1.22346e-02 9.48717e-03 -6.44012e-02 9 9 0 55.39911 9 9 9
116 9 7.32457e-01 -1.47482e-02 1.14359e-02 -6.43239e-02 9 9 0 55.39749 9 9 9
116 9 7.32169e-01 -1.75137e-02 1.35795e-02 -6.42223e-02 9 9 0 55.39535 9 9 9
116 9 7.31795e-01 -2.05562e-02 1.59374e-02 -6.40904e-02 9 9 0 55.39255 9 9 9
116 9 7.31313e-01 -2.39039e-02 1.85312e-02 -6.39209e-02 9 9 0 55.38894 9 9 9
116 9 7.30700e-01 -2.75874e-02 2.13843e-02 -6.37050e-02 9 9 0 55.38430 9 9 9
116 9 7.29923e-01 -3.16410e-02 2.45227e-02 -6.34319e-02 9 9 0 55.37835 9 9 9
116 9 7.28945e-01 -3.61022e-02 2.79750e-02 -6.30882e-02 9 9 0 55.37077 9 9 9
116 9 7.27718e-01 -4.10126e-02 3.17725e-02 -6.26579e-02 9 9 0 55.36110 9 9 9
116 9 7.26186e-01 -4.64184e-02 3.59497e-02 -6.21211e-02 9 9 0 55.34877 9 9 9
116 9 7.24277e-01 -5.23708e-02 4.05447e-02 -6.14540e-02 9 9 0 55.33304 9 9 9
116 9 7.21905e-01 -5.89265e-02 4.55992e-02 -6.06272e-02 9 9 0 55.31290 9 9 9
116 9 7.18964e-01 -6.61491e-02 5.11591e-02 -5.96049e-02 9 9 0 55.28701 9 9 9
116 9 7.15320e-01 -7.41093e-02 5.72750e-02 -5.83437e-02 9 9 0 55.25354 9 9 9
117 9 7.43870e-01 -1.12846e-03 1.00000e-03 -5.66563e-02 10 10 0 62.90261 6 10 10
117 9 7.43851e-01 -2.36974e-03 2.10000e-03 -5.66514e-02 10 10 0 62.90287 6 10 10
117 9 7.43814e-01 -3.73509e-03 3.31000e-03 -5.66419e-02 10 10 0 62.90337 6 10 10
117 9 7.43754e-01 -5.23686e-03 4.64100e-03 -5.66266e-02 10 10 0 62.90418 6 10 10
117 9 7.43666e-01 -6.88863e-03 6.10510e-03 -5.66038e-02 10 10 0 62.90537 6 10 10
117 9 7.43540e-01 -8.70529e-03 7.71561e-03 -5.65716e-02 10 10 0 62.90706 6 10 10
117 9 7.43369e-01 -1.07032e-02 9.48717e-03 -5.65275e-02 10 10 0 62.90937 6 10 10
117 9 7.43139e-01 -1.29002e-02 1.14359e-02 -5.64685e-02 10 10 0 62.91245 6 10 10
117 9 7.42837e-01 -1.53159e-02 1.35795e-02 -5.63908e-02 10 10 0 62.91650 6 10 10
117 9 7.42444e-01 -1.79719e-02 1.59374e-02 -5.62900e-02 10 10 0 62.92173 6 10 10
117 9 7.41940e-01 -2.08915e-02 1.85312e-02 -5.61604e-02 10 10 0 62.92842 6 10 10
117 9 7.41298e-01 -2.41004e-02 2.13843e-02 -5.59953e-02 10 10 0 62.93689 6 10 10
117 9 7.40485e-01 -2.76265e-02 2.45227e-02 -5.57862e-02 10 10 0 62.94752 6 10 10
117 9 7.39461e-01 -3.15000e-02 2.79750e-02 -5.55229e-02 10 10 0 62.96076 6 10 10
117 9 7.38179e-01 -3.57539e-02 3.17725e-02 -5.51929e-02 10 10 0 62.97712 6 10 10
117 9 7.36578e-01 -4.04238e-02 3.59497e-02 -5.47808e-02 10 10 0 62.99720 6 10 10
117 9 7.34587e-01 -4.55481e-02 4.05447e-02 -5.42678e-02 10 10 0 63.02163 6 10 10
117 9 7.32116e-01 -5.11681e-02 4.55992e-02 -5.36306e-02 10 10 0 63.05108 6 10 10
117 9 7.29058e-01 -5.73277e-02 5.11591e-02 -5.28410e-02 10 10 0 63.08619 6 10 10
117 9 7.25279e-01 -6.40721e-02 5.72750e-02 -5.18639e-02 10 10 0 63.12750 6 10 10
117 9 7.20615e-01 -7.14443e-02 6.40025e-02 -5.06569e-02 10 10 0 63.17521 6 10 10
117 9 7.14863e-01 -7.94724e-02 7.14028e-02 -4.91692e-02 10 10 0 63.22900 6 10 10
117 9 7.07774e-01 -8.81361e-02 7.95430e-02 -4.73416e-02 10 10 0 63.28783 6 10 10
117 9 6.99048e-01 -9.72904e-02 8.84973e-02 -4.51076e-02 10 10 0 63.35044 4 10 10
117 9 6.88341e-01 -1.06586e-01 9.83471e-02 -4.23858e-02 10 10 0 63.41825 4 10 10
118 9 7.53413e-01 -3.03045e-03 1.00000e-03 -4.95085e-02 6 11 0 71.52657 2 11 11
118 9 7.53380e-01 -6.36373e-03 2.10000e-03 -4.95002e-02 6 11 0 71.52687 2 11 11
118 9 7.53318e-01 -1.00298e-02 3.31000e-03 -4.94844e-02 6 11 0 71.52743 2 11 11
118 9 7.53217e-01 -1.40614e-02 4.64100e-03 -4.94587e-02 6 11 0 71.52834 2 11 11
118 9 7.53067e-01 -1.84944e-02 6.10510e-03 -4.94206e-02 6 11 0 71.52970 2 11 11
118 9 7.52856e-01 -2.33679e-02 7.71561e-03 -4.93667e-02 6 11 0 71.53161 2 11 11
118 9 7.52566e-01 -2.87245e-02 9.48717e-03 -4.92930e-02 6 11 0 71.53423 2 11 11
118 9 7.52178e-01 -3.46102e-02 1.14359e-02 -4.91944e-02 6 11 0 71.53772 2 11 11
118 9 7.51668e-01 -4.10750e-02 1.35795e-02 -4.90650e-02 6 11 0 71.54230 2 11 11
118 9 7.51007e-01 -4.81724e-02 1.59374e-02 -4.88973e-02 6 11 0 71.54821 2 11 11
118 9 7.50158e-01 -5.59598e-02 1.85312e-02 -4.86823e-02 6 11 0 71.55576 2 11 11
118 9 7.49076e-01 -6.44973e-02 2.13843e-02 -4.84093e-02 6 11 0 71.56529 2 11 11
118 9 7.47709e-01 -7.38478e-02 2.45227e-02 -4.80653e-02 7 11 0 71.57724 2 11 11
118 9 7.45991e-01 -8.40749e-02 2.79750e-02 -4.76349e-02 8 11 0 71.59209 2 11 11
118 9 7.43842e-01 -9.52408e-02 3.17725e-02 -4.70998e-02 8 11 0 71.61039 2 11 11
118 9 7.41168e-01 -1.07402e-01 3.59497e-02 -4.64391e-02 8 11 0 71.63280 2 11 11
118 9 7.37851e-01 -1.20602e-01 4.05447e-02 -4.56292e-02 8 11 0 71.66006 2 11 11
118 9 7.33755e-01 -1.34858e-01 4.55992e-02 -4.46451e-02 8 11 0 71.69306 2 11 11
118 9 7.28714e-01 -1.50141e-01 5.11591e-02 -4.34636e-02 8 11 0 71.73301 2 11 11
118 9 7.22534e-01 -1.66332e-01 5.72750e-02 -4.20700e-02 8 11 0 71.78191 2 11 11
118 9 7.14990e-01 -1.83156e-01 6.40025e-02 -4.04729e-02 8 11 0 71.84384 2 11 11
118 9 7.05828e-01 -2.00116e-01 7.14028e-02 -3.87216e-02 8 11 0 71.92826 2 11 11
118 9 6.94762e-01 -2.16686e-01 7.95430e-02 -3.68744e-02 8 11 0 72.05528 2 11 11
118 9 6.81427e-01 -2.33194e-01 8.84973e-02 -3.48133e-02 8 11 0 72.25012 2 11 11
118 9 6.65276e-01 -2.51141e-01 9.83471e-02 -3.21406e-02 8 11 0 72.51531 2 11 11
118 9 6.45534e-01 -2.71921e-01 1.09182e-01 -2.84025e-02 10 11 0 72.82814 2 11 11
119 9 7.64248e-01 -1.78901e-03 1.00000e-03 -4.12894e-02 12 12 0 84.75832 6 12 12
119 9 7.64227e-01 -3.75695e-03 2.10000e-03 -4.12826e-02 12 12 0 84.75865 6 12 12
119 9 7.64188e-01 -5.92176e-03 3.31000e-03 -4.12696e-02 12 12 0 84.75929 6 12 12
119 9 7.64124e-01 -8.30322e-03 4.64100e-03 -4.12485e-02 12 12 0 84.76032 6 12 12
119 9 7.64029e-01 -1.09231e-02 6.10510e-03 -4.12172e-02 12 12 0 84.76187 6 12 12
119 9 7.63895e-01 -1.38054e-02 7.71561e-03 -4.11729e-02 12 12 0 84.76405 6 12 12
119 9 7.63711e-01 -1.69765e-02 9.48717e-03 -4.11122e-02 12 12 0 84.76706 6 12 12
119 9 7.63465e-01 -2.04658e-02 1.14359e-02 -4.10310e-02 12 12 0 84.77111 6 12 12
119 9 7.63141e-01 -2.43054e-02 1.35795e-02 -4.09240e-02 12 12 0 84.77647 6 12 12
119 9 7.62720e-01 -2.85310e-02 1.59374e-02 -4.07850e-02 12 12 0 84.78349 6 12 12
119 9 7.62180e-01 -3.31823e-02 1.85312e-02 -4.06062e-02 12 12 0 84.79262 6 12 12
119 9 7.61492e-01 -3.83031e-02 2.13843e-02 -4.03780e-02 12 12 0 84.80445 6 12 12
119 9 7.60621e-01 -4.39422e-02 2.45227e-02 -4.00886e-02 12 12 0 84.81972 6 12 12
119 9 7.59525e-01 -5.01542e-02 2.79750e-02 -3.97233e-02 12 12 0 84.83946 6 12 12
119 9 7.58152e-01 -5.70004e-02 3.17725e-02 -3.92641e-02 12 12 0 84.86504 6 12 12
119 9 7.56438e-01 -6.45499e-02 3.59497e-02 -3.86886e-02 12 12 0 84.89837 6 12 12
119 9 7.54307e-01 -7.28817e-02 4.05447e-02 -3.79687e-02 12 12 0 84.94220 6 12 12
119 9 7.51663e-01 -8.20861e-02 4.55992e-02 -3.70695e-02 12 12 0 85.00051 6 12 12
119 9 7.48389e-01 -9.22683e-02 5.11591e-02 -3.59472e-02 12 12 0 85.07924 6 12 12
119 9 7.44342e-01 -1.03550e-01 5.72750e-02 -3.45472e-02 12 12 0 85.18719 6 12 12
119 9 7.39340e-01 -1.16068e-01 6.40025e-02 -3.28038e-02 12 12 0 85.33661 6 12 12
119 9 7.33146e-01 -1.29959e-01 7.14028e-02 -3.06450e-02 12 12 0 85.54118 6 12 12
120 9 7.72025e-01 6.49245e-03 1.00000e-03 -3.52959e-02 2 11 1 97.89540 2 3 11
120 9 7.71932e-01 1.36352e-02 2.10000e-03 -3.52790e-02 2 11 1 97.90310 2 3 11
120 9 7.71753e-01 2.14948e-02 3.31000e-03 -3.52465e-02 2 11 1 97.91797 2 3 11
120 9 7.71463e-01 3.01456e-02 4.64100e-03 -3.51939e-02 2 11 1 97.94226 2 3 11
120 9 7.71031e-01 3.96709e-02 6.10510e-03 -3.51153e-02 2 11 1 97.97894 2 3 11
120 9 7.70420e-01 5.01650e-02 7.71561e-03 -3.50037e-02 2 11 1 98.03206 2 3 11
120 9 7.69582e-01 6.17362e-02 9.48717e-03 -3.48497e-02 2 11 1 98.10715 2 3 11
120 9 7.68456e-01 7.45118e-02 1.14359e-02 -3.46414e-02 2 11 1 98.21208 2 3 11
120 9 7.66967e-01 8.86465e-02 1.35795e-02 -3.43632e-02 2 11 1 98.35837 2 3 11
120 9 7.65017e-01 1.04337e-01 1.59374e-02 -3.39943e-02 2 11 1 98.56351 2 3 11
120 9 7.62479e-01 1.21852e-01 1.85312e-02 -3.35055e-02 2 11 1 98.85546 2 3 11
120 9 7.59170e-01 1.41590e-01 2.13843e-02 -3.28534e-02 2 11 1 99.28195 2 3 11
120 9 7.54817e-01 1.64222e-01 2.45227e-02 -3.19675e-02 2 11 1 99.93297 2 3 11
120 9 7.48931e-01 1.91095e-01 2.79750e-02 -3.07126e-02 2 11 1 101.00773 2 3 11
120 9 7.40288e-01 2.26039e-01 3.17725e-02 -2.87258e-02 2 11 1 103.12250 2 3 12
120 9 7.16774e-01 3.11753e-01 3.59497e-02 -2.13939e-02 2 9 1 117.14908 2 3 12
121 9 7.79366e-01 -1.65738e-03 1.00000e-03 -2.96213e-02 14 14 0 114.75956 8 14 14
121 9 7.79343e-01 -3.48046e-03 2.10000e-03 -2.96178e-02 14 14 0 114.76103 8 14 14
121 9 7.79297e-01 -5.48576e-03 3.31000e-03 -2.96112e-02 14 14 0 114.76386 8 14 14
121 9 7.79225e-01 -7.69144e-03 4.64100e-03 -2.96005e-02 14 14 0 114.76843 8 14 14
121 9 7.79116e-01 -1.01174e-02 6.10510e-03 -2.95846e-02 14 14 0 114.77520 8 14 14
121 9 7.78963e-01 -1.27855e-02 7.71561e-03 -2.95621e-02 14 14 0 114.78475 8 14 14
121 9 7.78754e-01 -1.57196e-02 9.48717e-03 -2.95312e-02 14 14 0 114.79774 8 14 14
121 9 7.78473e-01 -1.89459e-02 1.14359e-02 -2.94898e-02 14 14 0 114.81500 8 14 14
121 9 7.78104e-01 -2.24928e-02 1.35795e-02 -2.94351e-02 14 14 0 114.83746 8 14 14
121 9 7.77626e-01 -2.63910e-02 1.59374e-02 -2.93638e-02 14 14 0 114.86623 8 14 14
121 9 7.77012e-01 -3.06735e-02 1.85312e-02 -2.92718e-02 14 14 0 114.90252 8 14 14
121 9 7.76231e-01 -3.53754e-02 2.13843e-02 -2.91537e-02 14 14 0 114.94768 8 14 14
121 9 7.75245e-01 -4.05328e-02 2.45227e-02 -2.90030e-02 14 14 0 115.00303 6 14 14
121 9 7.74006e-01 -4.61819e-02 2.79750e-02 -2.88114e-02 14 14 0 115.06982 6 14 14
121 9 7.72460e-01 -5.23570e-02 3.17725e-02 -2.85683e-02 14 14 0 115.14893 6 14 14
121 9 7.70539e-01 -5.90874e-02 3.59497e-02 -2.82603e-02 14 14 0 115.24051 6 14 14
121 9 7.68166e-01 -6.63932e-02 4.05447e-02 -2.78704e-02 14 14 0 115.34350 6 14 14
121 9 7.65246e-01 -7.42805e-02 4.55992e-02 -2.73772e-02 14 14 0 115.45498 8 14 14
121 9 7.61670e-01 -8.27375e-02 5.11591e-02 -2.67539e-02 14 14 0 115.56953 8 14 14
121 9 7.57306e-01 -9.17327e-02 5.72750e-02 -2.59676e-02 14 14 0 115.67882 8 14 14
122 9 7.84048e-01 -1.73067e-03 1.00000e-03 -2.59615e-02 15 15 0 129.15883 9 15 15
122 9 7.84024e-01 -3.63443e-03 2.10000e-03 -2.59575e-02 15 15 0 129.15905 9 15 15
122 9 7.83980e-01 -5.72861e-03 3.31000e-03 -2.59499e-02 15 15 0 129.15948 9 15 15
122 9 7.83908e-01 -8.03230e-03 4.64100e-03 -2.59377e-02 15 15 0 129.16016 9 15 15
122 9 7.83801e-01 -1.05665e-02 6.10510e-03 -2.59194e-02 15 15 0 129.16118 9 15 15
122 9 7.83649e-01 -1.33544e-02 7.71561e-03 -2.58936e-02 15 15 0 129.16262 9 15 15
122 9 7.83441e-01 -1.64214e-02 9.48717e-03 -2.58582e-02 15 15 0 129.16460 9 15 15
122 9 7.83164e-01 -1.97958e-02 1.14359e-02 -2.58109e-02 15 15 0 129.16726 9 15 15
122 9 7.82798e-01 -2.35084e-02 1.35795e-02 -2.57486e-02 15 15 0 129.17076 9 15 15
122 9 7.82323e-01 -2.75935e-02 1.59374e-02 -2.56679e-02 15 15 0 129.17533 9 15 15
122 9 7.81713e-01 -3.20888e-02 1.85312e-02 -2.55642e-02 15 15 0 129.18124 9 15 15
122 9 7.80934e-01 -3.70362e-02 2.13843e-02 -2.54320e-02 15 15 0 129.18883 9 15 15
122 9 7.79948e-01 -4.24820e-02 2.45227e-02 -2.52649e-02 15 15 0 129.19854 9 15 15
122 9 7.78705e-01 -4.84775e-02 2.79750e-02 -2.50547e-02 15 15 0 129.21091 9 15 15
122 9 7.77145e-01 -5.50798e-02 3.17725e-02 -2.47916e-02 15 15 0 129.22668 9 15 15
122 9 7.75195e-01 -6.23529e-02 3.59497e-02 -2.44636e-02 15 15 0 129.24678 9 15 15
122 9 7.72764e-01 -7.03685e-02 4.05447e-02 -2.40562e-02 15 15 0 129.27246 9 15 15
122 9 7.69738e-01 -7.92075e-02 4.55992e-02 -2.35514e-02 15 15 0 129.30539 9 15 15
122 9 7.65979e-01 -8.89620e-02 5.11591e-02 -2.29277e-02 15 15 0 129.34785 9 15 15
122 9 7.61314e-01 -9.97380e-02 5.72750e-02 -2.21582e-02 15 15 0 129.40284 9 15 15
122 9 7.55523e-01 -1.11658e-01 6.40025e-02 -2.12101e-02 15 15 0 129.47416 9 15 15
122 9 7.48336e-01 -1.24866e-01 7.14028e-02 -2.00423e-02 15 15 0 129.56582 9 15 15
123 9 7.88324e-01 -1.09894e-03 1.00000e-03 -2.26004e-02 16 16 0 146.09850 6 16 16
123 9 7.88305e-01 -2.30762e-03 2.10000e-03 -2.25965e-02 16 16 0 146.09879 6 16 16
123 9 7.88268e-01 -3.63676e-03 3.31000e-03 -2.25888e-02 16 16 0 146.09935 6 16 16
123 9 7.88208e-01 -5.09806e-03 4.64100e-03 -2.25765e-02 16 16 0 146.10026 6 16 16
123 9 7.88120e-01 -6.70419e-03 6.10510e-03 -2.25581e-02 16 16 0 146.10162 6 16 16
123 9 7.87995e-01 -8.46885e-03 7.71561e-03 -2.25321e-02 16 16 0 146.10354 6 16 16
123 9 7.87823e-01 -1.04068e-02 9.48717e-03 -2.24964e-02 16 16 0 146.10619 6 16 16
123 9 7.87594e-01 -1.25336e-02 1.14359e-02 -2.24486e-02 16 16 0 146.10974 6 16 16
123 9 7.87293e-01 -1.48660e-02 1.35795e-02 -2.23856e-02 16 16 0 146.11447 6 16 16
123 9 7.86903e-01 -1.74209e-02 1.59374e-02 -2.23035e-02 16 16 0 146.12067 6 16 16
123 9 7.86402e-01 -2.02156e-02 1.85312e-02 -2.21975e-02 16 16 0 146.12878 6 16 16
123 9 7.85766e-01 -2.32665e-02 2.13843e-02 -2.20619e-02 16 16 0 146.13939 6 16 16
123 9 7.84964e-01 -2.65882e-02 2.45227e-02 -2.18889e-02 16 16 0 146.15330 6 16 16
123 9 7.83959e-01 -3.01906e-02 2.79750e-02 -2.16690e-02 16 16 0 146.17176 6 16 16
123 9 7.82707e-01 -3.40749e-02 3.17725e-02 -2.13900e-02 16 16 0 146.19667 6 16 16
123 9 7.81160e-01 -3.82262e-02 3.59497e-02 -2.10354e-02 16 16 0 146.23122 6 16 16
123 9 7.79261e-01 -4.25997e-02 4.05447e-02 -2.05829e-02 16 16 0 146.28089 6 16 16
123 9 7.76952e-01 -4.70953e-02 4.55992e-02 -2.00005e-02 16 16 0 146.35562 6 16 16
123 9 7.74186e-01 -5.15088e-02 5.11591e-02 -1.92386e-02 16 16 0 146.47411 6 16 16
124 9 7.91658e-01 -1.41148e-03 1.00000e-03 -1.99658e-02 17 17 0 162.98397 17 17 17
124 9 7.91640e-01 -2.96388e-03 2.10000e-03 -1.99603e-02 17 17 0 162.98586 17 17 17
124 9 7.91603e-01 -4.67094e-03 3.31000e-03 -1.99498e-02 17 17 0 162.98951 17 17 17
124 9 7.91545e-01 -6.54763e-03 4.64100e-03 -1.99328e-02 17 17 0 162.99543 17 17 17
124 9 7.91457e-01 -8.61015e-03 6.10510e-03 -1.99075e-02 17 17 0 163.00426 17 17 17
124 9 7.91334e-01 -1.08760e-02 7.71561e-03 -1.98717e-02 17 17 0 163.01683 17 17 17
124 9 7.91166e-01 -1.33639e-02 9.48717e-03 -1.98226e-02 17 17 0 163.03417 17 17 17
124 9 7.90940e-01 -1.60939e-02 1.14359e-02 -1.97569e-02 17 17 0 163.05761 17 17 17
124 9 7.90644e-01 -1.90871e-02 1.35795e-02 -1.96703e-02 17 17 0 163.08888 17 17 17
124 9 7.90260e-01 -2.23653e-02 1.59374e-02 -1.95579e-02 17 17 0 163.13018 17 17 17
124 9 7.89768e-01 -2.59510e-02 1.85312e-02 -1.94132e-02 17 17 0 163.18444 17 17 17
124 9 7.89142e-01 -2.98669e-02 2.13843e-02 -1.92287e-02 17 17 0 163.25547 17 17 17
124 9 7.88351e-01 -3.41352e-02 2.45227e-02 -1.89950e-02 17 17 0 163.34833 17 17 17
124 9 7.87360e-01 -3.87787e-02 2.79750e-02 -1.87007e-02 17 17 0 163.46975 17 17 17
124 9 7.86122e-01 -4.38236e-02 3.17725e-02 -1.83318e-02 17 17 0 163.62870 17 17 17
124 9 7.84584e-01 -4.93117e-02 3.59497e-02 -1.78695e-02 17 17 0 163.83789 17 17 17
124 9 7.82687e-01 -5.53457e-02 4.05447e-02 -1.72828e-02 17 17 0 164.12117 17 17 17
124 9 7.80379e-01 -6.22402e-02 4.55992e-02 -1.65044e-02 17 17 0 164.55301 15 17 17
125 9 7.95825e-01 -1.41129e-03 1.00000e-03 -1.66588e-02 18 18 0 191.01135 18 18 18
125 9 7.95803e-01 -2.96371e-03 2.10000e-03 -1.66556e-02 18 18 0 191.01011 18 18 18
125 9 7.95762e-01 -4.67141e-03 3.31000e-03 -1.66494e-02 18 18 0 191.00774 18 18 18
125 9 7.95694e-01 -6.54992e-03 4.64100e-03 -1.66394e-02 18 18 0 191.00389 18 18 18
125 9 7.95594e-01 -8.61636e-03 6.10510e-03 -1.66246e-02 18 18 0 190.99816 18 18 18
125 9 7.95453e-01 -1.08896e-02 7.71561e-03 -1.66036e-02 18 18 0 190.99004 18 18 18
125 9 7.95260e-01 -1.33903e-02 9.48717e-03 -1.65748e-02 18 18 0 190.97889 18 18 18
125 9 7.95000e-01 -1.61414e-02 1.14359e-02 -1.65363e-02 18 18 0 190.96391 18 18 18
125 9 7.94660e-01 -1.91680e-02 1.35795e-02 -1.64856e-02 18 18 0 190.94412 18 18 18
125 9 7.94217e-01 -2.24979e-02 1.59374e-02 -1.64199e-02 18 18 0 190.91826 18 18 18
125 9 7.93648e-01 -2.61616e-02 1.85312e-02 -1.63354e-02 18 18 0 190.88476 18 18 18
125 9 7.92923e-01 -3.01929e-02 2.13843e-02 -1.62278e-02 18 18 0 190.84162 18 18 18
125 9 7.92004e-01 -3.46290e-02 2.45227e-02 -1.60916e-02 18 18 0 190.78631 18 18 18
125 9 7.90847e-01 -3.95111e-02 2.79750e-02 -1.59203e-02 18 18 0 190.71555 18 18 18
125 9 7.89396e-01 -4.48847e-02 3.17725e-02 -1.57057e-02 18 18 0 190.62508 18 18 18
126 9 7.97491e-01 -1.36976e-03 1.00000e-03 -1.53314e-02 19 19 0 205.34644 13 19 19
126 9 7.97469e-01 -2.87636e-03 2.10000e-03 -1.53289e-02 19 19 0 205.34757 13 19 19
126 9 7.97426e-01 -4.53323e-03 3.31000e-03 -1.53240e-02 19 19 0 205.34975 13 19 19
126 9 7.97357e-01 -6.35510e-03 4.64100e-03 -1.53160e-02 19 19 0 205.35327 13 19 19
126 9 7.97255e-01 -8.35796e-03 6.10510e-03 -1.53042e-02 19 19 0 205.35848 13 19 19
126 9 7.97110e-01 -1.05592e-02 7.71561e-03 -1.52876e-02 19 19 0 205.36582 13 19 19
126 9 7.96912e-01 -1.29777e-02 9.48717e-03 -1.52647e-02 19 19 0 205.37580 13 19 19
126 9 7.96647e-01 -1.56339e-02 1.14359e-02 -1.52341e-02 19 19 0 205.38903 13 19 19
126 9 7.96298e-01 -1.85494e-02 1.35795e-02 -1.51939e-02 19 19 0 205.40622 13 19 19
126 9 7.95846e-01 -2.17477e-02 1.59374e-02 -1.51416e-02 19 19 0 205.42817 13 19 19
126 9 7.95265e-01 -2.52535e-02 1.85312e-02 -1.50744e-02 19 19 0 205.45578 13 19 19
126 9 7.94525e-01 -2.90926e-02 2.13843e-02 -1.49886e-02 19 19 0 205.48996 13 19 19
126 9 7.93590e-01 -3.32920e-02 2.45227e-02 -1.48799e-02 19 19 0 205.53160 13 19 19
126 9 7.92414e-01 -3.78795e-02 2.79750e-02 -1.47428e-02 19 19 0 205.58143 13 19 19
126 9 7.90943e-01 -4.28836e-02 3.17725e-02 -1.45706e-02 19 19 0 205.63970 13 19 19
126 9 7.89111e-01 -4.83348e-02 3.59497e-02 -1.43554e-02 19 19 0 205.70588 11 19 19
126 9 7.86834e-01 -5.42704e-02 4.05447e-02 -1.40875e-02 19 19 0 205.77805 11 19 19
126 9 7.84008e-01 -6.07542e-02 4.55992e-02 -1.37568e-02 19 19 0 205.85284 11 19 19
126 9 7.80492e-01 -6.79447e-02 5.11591e-02 -1.33548e-02 19 19 0 205.92956 11 19 19
126 9 7.76087e-01 -7.62105e-02 5.72750e-02 -1.28713e-02 19 19 0 206.02841 13 19 19
126 9 7.70613e-01 -8.57073e-02 6.40025e-02 -1.22567e-02 19 19 0 206.16546 13 19 19
127 9 7.99569e-01 -1.14860e-03 1.00000e-03 -1.36721e-02 20 20 0 226.81438 6 20 20
127 9 7.99549e-01 -2.41213e-03 2.10000e-03 -1.36693e-02 20 20 0 226.81456 6 20 20
127 9 7.99509e-01 -3.80220e-03 3.31000e-03 -1.36640e-02 20 20 0 226.81491 6 20 20
127 9 7.99445e-01 -5.33165e-03 4.64100e-03 -1.36553e-02 20 20 0 226.81545 6 20 20
127 9 7.99350e-01 -7.01462e-03 6.10510e-03 -1.36425e-02 20 20 0 226.81625 6 20 20
127 9 7.99215e-01 -8.86679e-03 7.71561e-03 -1.36244e-02 20 20 0 226.81734 6 20 20
127 9 7.99030e-01 -1.09054e-02 9.48717e-03 -1.35996e-02 20 20 0 226.81878 6 20 20
127 9 7.98782e-01 -1.31497e-02 1.14359e-02 -1.35665e-02 20 20 0 226.82060 6 20 20
127 9 7.98456e-01 -1.56205e-02 1.35795e-02 -1.35232e-02 20 20 0 226.82283 6 20 20
127 9 7.98033e-01 -1.83408e-02 1.59374e-02 -1.34672e-02 20 20 0 226.82546 6 20 20
127 9 7.97487e-01 -2.13354e-02 1.85312e-02 -1.33957e-02 20 20 0 226.82848 6 20 20
127 9 7.96791e-01 -2.46307e-02 2.13843e-02 -1.33053e-02 20 20 0 226.83184 6 20 20
127 9 7.95909e-01 -2.82538e-02 2.45227e-02 -1.31919e-02 20 20 0 226.83555 6 20 20
127 9 7.94795e-01 -3.22308e-02 2.79750e-02 -1.30512e-02 20 20 0 226.83977 6 20 20
127 9 7.93396e-01 -3.65846e-02 3.17725e-02 -1.28777e-02 20 20 0 226.84513 6 20 20
127 9 7.91646e-01 -4.13302e-02 3.59497e-02 -1.26659e-02 20 20 0 226.85335 6 20 20
127 9 7.89461e-01 -4.64679e-02 4.05447e-02 -1.24101e-02 20 20 0 226.86832 6 20 20
127 9 7.86742e-01 -5.19728e-02 4.55992e-02 -1.21049e-02 20 20 0 226.89826 6 20 20
127 9 7.83366e-01 -5.77802e-02 5.11591e-02 -1.17465e-02 20 20 0 226.95924 6 20 20
127 9 7.79189e-01 -6.37776e-02 5.72750e-02 -1.13293e-02 20 20 0 227.07856 6 20 20
127 9 7.74053e-01 -6.98479e-02 6.40025e-02 -1.08334e-02 20 20 0 227.28303 6 20 20
128 9 8.01090e-01 -2.43988e-03 1.00000e-03 -1.24527e-02 21 21 0 245.89783 3 21 21
128 9 8.01061e-01 -5.12391e-03 2.10000e-03 -1.24487e-02 21 21 0 245.89825 3 21 21
128 9 8.01006e-01 -8.07679e-03 3.31000e-03 -1.24409e-02 21 21 0 245.89905 3 21 21
128 9 8.00916e-01 -1.13258e-02 4.64100e-03 -1.24283e-02 21 21 0 245.90038 3 21 21
128 9 8.00783e-01 -1.49011e-02 6.10510e-03 -1.24096e-02 21 21 0 245.90239 3 21 21
128 9 8.00594e-01 -1.88362e-02 7.71561e-03 -1.23831e-02 21 21 0 245.90536 3 21 21
128 9 8.00335e-01 -2.31684e-02 9.48717e-03 -1.23468e-02 21 21 0 245.90963 3 21 21
128 9 7.99989e-01 -2.79393e-02 1.14359e-02 -1.22980e-02 21 21 0 245.91575 3 21 21
128 9 7.99533e-01 -3.31954e-02 1.35795e-02 -1.22337e-02 21 21 0 245.92451 3 21 21
128 9 7.98941e-01 -3.89894e-02 1.59374e-02 -1.21498e-02 21 21 0 245.93718 3 21 21
128 9 7.98179e-01 -4.53811e-02 1.85312e-02 -1.20414e-02 21 21 0 245.95572 3 21 21
128 9 7.97207e-01 -5.24395e-02 2.13843e-02 -1.19022e-02 21 21 0 245.98340 3 21 21
128 9 7.95974e-01 -6.02452e-02 2.45227e-02 -1.17241e-02 21 21 0 246.02558 3 21 21
128 9 7.94418e-01 -6.88935e-02 2.79750e-02 -1.14970e-02 21 21 0 246.09146 3 21 21
128 9 7.92461e-01 -7.84992e-02 3.17725e-02 -1.12076e-02 21 21 0 246.19676 3 21 21
128 9 7.90006e-01 -8.91966e-02 3.59497e-02 -1.08386e-02 21 21 0 246.36789 3 21 21
128 9 7.86933e-01 -1.01124e-01 4.05447e-02 -1.03692e-02 21 21 0 246.64456 3 21 21
129 9 8.02677e-01 -1.77296e-03 1.00000e-03 -1.11814e-02 22 22 0 269.80916 8 22 22
129 9 8.02659e-01 -3.71887e-03 2.10000e-03 -1.11739e-02 22 22 0 269.82945 8 22 22
129 9 8.02623e-01 -5.84832e-03 3.31000e-03 -1.11593e-02 22 22 0 269.86897 8 22 22
129 9 8.02567e-01 -8.16909e-03 4.64100e-03 -1.11356e-02 22 22 0 269.93441 8 22 22
129 9 8.02483e-01 -1.06835e-02 6.10510e-03 -1.11001e-02 22 22 0 270.03527 8 22 22
129 9 8.02367e-01 -1.33841e-02 7.71561e-03 -1.10494e-02 22 22 0 270.18530 8 22 22
129 9 8.02212e-01 -1.62469e-02 9.48717e-03 -1.09794e-02 22 22 0 270.40439 8 22 22
129 9 8.02009e-01 -1.92219e-02 1.14359e-02 -1.08852e-02 22 22 0 270.72037 8 22 22
129 9 8.01750e-01 -2.22286e-02 1.35795e-02 -1.07624e-02 22 22 0 271.16747 4 22 22
129 9 8.01420e-01 -2.51766e-02 1.59374e-02 -1.06090e-02 22 22 0 271.77323 6 22 22
129 9 8.00992e-01 -2.80384e-02 1.85312e-02 -1.04289e-02 22 22 0 272.52896 6 22 22
129 9 8.00423e-01 -3.09217e-02 2.13843e-02 -1.02307e-02 22 22 0 273.37195 8 22 22
129 9 7.99658e-01 -3.40255e-02 2.45227e-02 -1.00210e-02 22 22 0 274.21871 6 22 22
129 9 7.98644e-01 -3.75341e-02 2.79750e-02 -9.80015e-03 22 22 0 275.01027 4 22 22
129 9 7.97318e-01 -4.15858e-02 3.17725e-02 -9.56312e-03 22 22 0 275.71705 4 22 22
129 9 7.95611e-01 -4.62927e-02 3.59497e-02 -9.30126e-03 22 22 0 276.32125 6 22 22
129 9 7.93437e-01 -5.17529e-02 4.05447e-02 -9.00347e-03 22 22 0 276.80459 6 22 22
130 9 8.04363e-01 -1.71037e-03 1.00000e-03 -9.82694e-03 23 23 0 301.51162 7 23 23
130 9 8.04338e-01 -3.59123e-03 2.10000e-03 -9.82497e-03 23 23 0 301.51790 7 23 23
130 9 8.04290e-01 -5.65883e-03 3.31000e-03 -9.82119e-03 23 23 0 301.52991 7 23 23
130 9 8.04213e-01 -7.93062e-03 4.64100e-03 -9.81506e-03 23 23 0 301.54923 7 23 23
130 9 8.04098e-01 -1.04252e-02 6.10510e-03 -9.80594e-03 23 23 0 301.57770 7 23 23
130 9 8.03935e-01 -1.31623e-02 7.71561e-03 -9.79299e-03 23 23 0 301.61747 7 23 23
130 9 8.03713e-01 -1.61622e-02 9.48717e-03 -9.77520e-03 23 23 0 301.67095 7 23 23
130 9 8.03417e-01 -1.94457e-02 1.14359e-02 -9.75126e-03 23 23 0 301.74076 7 23 23
130 9 8.03027e-01 -2.30334e-02 1.35795e-02 -9.71955e-03 23 23 0 301.82949 7 23 23
130 9 8.02524e-01 -2.69445e-02 1.59374e-02 -9.67802e-03 23 23 0 301.93942 7 23 23
130 9 8.01880e-01 -3.11957e-02 1.85312e-02 -9.62403e-03 23 23 0 302.07195 7 23 23
130 9 8.01064e-01 -3.57996e-02 2.13843e-02 -9.55425e-03 23 23 0 302.22679 7 23 23
130 9 8.00039e-01 -4.07633e-02 2.45227e-02 -9.46439e-03 23 23 0 302.40080 7 23 23
130 9 7.98761e-01 -4.60876e-02 2.79750e-02 -9.34903e-03 23 23 0 302.58670 7 23 23
130 9 7.97176e-01 -5.17681e-02 3.17725e-02 -9.20130e-03 23 23 0 302.77190 7 23 23
131 9 8.07344e-01 -1.48371e-03 1.00000e-03 -7.42546e-03 26 26 0 383.14276 24 26 26
131 9 8.07322e-01 -3.11827e-03 2.10000e-03 -7.42211e-03 26 26 0 383.14888 24 26 26
131 9 8.07280e-01 -4.92250e-03 3.31000e-03 -7.41569e-03 26 26 0 383.16070 24 26 26
131 9 8.07213e-01 -6.91906e-03 4.64100e-03 -7.40527e-03 26 26 0 383.18004 22 26 26
131 9 8.07113e-01 -9.13575e-03 6.10510e-03 -7.38973e-03 26 26 0 383.20931 22 26 26
131 9 8.06970e-01 -1.16074e-02 7.71561e-03 -7.36763e-03 26 26 0 383.25179 22 26 26
131 9 8.06775e-01 -1.43787e-02 9.48717e-03 -7.33715e-03 26 26 0 383.31204 22 26 26
131 9 8.06511e-01 -1.75086e-02 1.14359e-02 -7.29598e-03 26 26 0 383.39658 20 26 26
131 9 8.06161e-01 -2.10766e-02 1.35795e-02 -7.24114e-03 26 26 0 383.51492 20 26 26
131 9 8.05701e-01 -2.51934e-02 1.59374e-02 -7.16875e-03 26 26 0 383.68131 18 26 26
131 9 8.05099e-01 -3.00177e-02 1.85312e-02 -7.07361e-03 26 26 0 383.91777 16 26 26
131 9 8.04311e-01 -3.57888e-02 2.13843e-02 -6.94837e-03 26 26 0 384.26012 10 26 26
131 9 8.03274e-01 -4.29292e-02 2.45227e-02 -6.78047e-03 26 26 0 384.77820 8 26 26
131 9 8.01879e-01 -5.24101e-02 2.79750e-02 -6.54234e-03 26 26 0 385.67577 6 26 26
132 9 8.08956e-01 -1.44746e-03 1.00000e-03 -6.12267e-03 28 28 0 451.53929 16 28 28
132 9 8.08932e-01 -3.04016e-03 2.10000e-03 -6.12104e-03 28 28 0 451.54310 16 28 28
132 9 8.08887e-01 -4.79338e-03 3.31000e-03 -6.11791e-03 28 28 0 451.55041 16 28 28
132 9 8.08814e-01 -6.72430e-03 4.64100e-03 -6.11286e-03 28 28 0 451.56221 16 28 28
132 9 8.08706e-01 -8.85233e-03 6.10510e-03 -6.10534e-03 28 28 0 451.57969 16 28 28
132 9 8.08552e-01 -1.11995e-02 7.71561e-03 -6.09468e-03 28 28 0 451.60428 17 28 28
132 9 8.08342e-01 -1.37912e-02 9.48717e-03 -6.08008e-03 28 28 0 451.63771 18 28 28
132 9 8.08060e-01 -1.66564e-02 1.14359e-02 -6.06050e-03 28 28 0 451.68197 18 28 28
132 9 8.07688e-01 -1.98292e-02 1.35795e-02 -6.03467e-03 28 28 0 451.73934 18 28 28
132 9 8.07205e-01 -2.33491e-02 1.59374e-02 -6.00104e-03 28 28 0 451.81233 20 28 28
132 9 8.06582e-01 -2.72633e-02 1.85312e-02 -5.95763e-03 28 28 0 451.90350 20 28 28
132 9 8.05785e-01 -3.16275e-02 2.13843e-02 -5.90201e-03 28 28 0 452.01509 20 28 28
132 9 8.04772e-01 -3.65084e-02 2.45227e-02 -5.83118e-03 28 28 0 452.14836 16 28 28
132 9 8.03489e-01 -4.19866e-02 2.79750e-02 -5.74155e-03 28 28 0 452.30247 16 28 28
132 9 8.01869e-01 -4.81610e-02 3.17725e-02 -5.62916e-03 28 28 0 452.47418 16 28 28
132 9 7.99825e-01 -5.51602e-02 3.59497e-02 -5.48999e-03 28 28 0 452.66564 16 28 28
132 9 7.97250e-01 -6.31345e-02 4.05447e-02 -5.31698e-03 28 28 0 452.90476 12 28 28
133 9 8.11106e-01 -1.77065e-03 1.00000e-03 -4.38040e-03 32 32 0 599.73579 9 32 32
133 9 8.11080e-01 -3.71904e-03 2.10000e-03 -4.37907e-03 32 32 0 599.75406 10 32 32
133 9 8.11030e-01 -5.86399e-03 3.31000e-03 -4.37652e-03 32 32 0 599.78894 10 32 32
133 9 8.10949e-01 -8.22667e-03 4.64100e-03 -4.37237e-03 32 32 0 599.84482 10 32 32
133 9 8.10829e-01 -1.08311e-02 6.10510e-03 -4.36617e-03 32 32 0 599.92670 10 32 32
133 9 8.10660e-01 -1.37045e-02 7.71561e-03 -4.35734e-03 32 32 0 600.04006 10 32 32
133 9 8.10427e-01 -1.68781e-02 9.48717e-03 -4.34512e-03 32 32 0 600.19050 10 32 32
133 9 8.10115e-01 -2.03878e-02 1.14359e-02 -4.32855e-03 32 32 0 600.38303 10 32 32
133 9 8.09704e-01 -2.42748e-02 1.35795e-02 -4.30636e-03 32 32 0 600.62078 10 32 32
133 9 8.09170e-01 -2.85863e-02 1.59374e-02 -4.27690e-03 32 32 0 600.90306 10 32 32
133 9 8.08482e-01 -3.33756e-02 1.85312e-02 -4.23799e-03 32 32 0 601.22250 10 32 32
133 9 8.07603e-01 -3.87013e-02 2.13843e-02 -4.18681e-03 32 32 0 601.56187 10 32 32
133 9 8.06488e-01 -4.46255e-02 2.45227e-02 -4.11974e-03 32 32 0 601.89158 10 32 32
133 9 8.05080e-01 -5.12106e-02 2.79750e-02 -4.03232e-03 32 32 0 602.17055 10 32 32
133 9 8.03311e-01 -5.85173e-02 3.17725e-02 -3.91926e-03 32 32 0 602.35226 10 32 32
134 9 8.13647e-01 -1.60193e-03 1.00000e-03 -2.31626e-03 29 41 0 1026.10814 9 41 41
134 9 8.13622e-01 -3.36348e-03 2.10000e-03 -2.31533e-03 28 41 0 1026.15626 9 41 41
134 9 8.13574e-01 -5.29977e-03 3.31000e-03 -2.31353e-03 29 41 0 1026.24777 9 41 41
134 9 8.13495e-01 -7.42711e-03 4.64100e-03 -2.31061e-03 28 41 0 1026.39333 9 41 41
134 9 8.13379e-01 -9.76309e-03 6.10510e-03 -2.30624e-03 29 41 0 1026.60422 9 41 41
134 9 8.13215e-01 -1.23268e-02 7.71561e-03 -2.29998e-03 28 41 0 1026.89113 8 41 41
134 9 8.12991e-01 -1.51390e-02 9.48717e-03 -2.29129e-03 29 41 0 1027.26200 7 41 41
134 9 8.12692e-01 -1.82232e-02 1.14359e-02 -2.27943e-03 29 41 0 1027.71830 7 41 41
134 9 8.12299e-01 -2.16063e-02 1.35795e-02 -2.26343e-03 29 41 0 1028.24981 7 41 41
134 9 8.11789e-01 -2.53205e-02 1.59374e-02 -2.24200e-03 29 41 0 1028.82850 7 41 41
135 9 8.14889e-01 -1.64728e-03 1.00000e-03 -1.30516e-03 51 51 0 1660.29090 15 51 51
