16 111 4.17162e-02 -1.59651e-03 1.00000e-03 -3.32457e-01 3 3 0 9.28262 3 3 3
16 111 4.17155e-02 -3.35267e-03 2.10000e-03 -3.32436e-01 3 3 0 9.28270 3 3 3
16 111 4.17140e-02 -5.28444e-03 3.31000e-03 -3.32395e-01 3 3 0 9.28285 3 3 3
16 111 4.17115e-02 -7.40935e-03 4.64100e-03 -3.32328e-01 3 3 0 9.28309 3 3 3
16 111 4.17079e-02 -9.74672e-03 6.10510e-03 -3.32230e-01 3 3 0 9.28345 3 3 3
16 111 4.17028e-02 -1.23178e-02 7.71561e-03 -3.32090e-01 3 3 0 9.28396 3 3 3
16 111 4.16958e-02 -1.51458e-02 9.48717e-03 -3.31899e-01 3 3 0 9.28465 3 3 3
16 111 4.16864e-02 -1.82565e-02 1.14359e-02 -3.31644e-01 3 3 0 9.28558 3 3 3
16 111 4.16740e-02 -2.16781e-02 1.35795e-02 -3.31308e-01 3 3 0 9.28680 3 3 3
16 111 4.16580e-02 -2.54416e-02 1.59374e-02 -3.30872e-01 3 3 0 9.28839 3 3 3
16 111 4.16374e-02 -2.95809e-02 1.85312e-02 -3.30312e-01 3 3 0 9.29043 3 3 3
16 111 4.16111e-02 -3.41337e-02 2.13843e-02 -3.29599e-01 3 3 0 9.29303 3 3 3
16 111 4.15779e-02 -3.91408e-02 2.45227e-02 -3.28696e-01 3 3 0 9.29633 3 3 3
16 111 4.15360e-02 -4.46475e-02 2.79750e-02 -3.27561e-01 3 3 0 9.30048 3 3 3
16 111 4.14834e-02 -5.07034e-02 3.17725e-02 -3.26140e-01 3 3 0 9.30570 3 3 3
17 111 5.55641e-02 -1.59644e-03 1.00000e-03 -3.31783e-01 4 4 0 12.38633 4 4 4
17 111 5.55631e-02 -3.35252e-03 2.10000e-03 -3.31762e-01 4 4 0 12.38644 4 4 4
17 111 5.55611e-02 -5.28419e-03 3.31000e-03 -3.31721e-01 4 4 0 12.38664 4 4 4
17 111 5.55578e-02 -7.40901e-03 4.64100e-03 -3.31655e-01 4 4 0 12.38696 4 4 4
17 111 5.55530e-02 -9.74627e-03 6.10510e-03 -3.31556e-01 4 4 0 12.38743 4 4 4
17 111 5.55462e-02 -1.23172e-02 7.71561e-03 -3.31417e-01 4 4 0 12.38811 4 4 4
17 111 5.55369e-02 -1.51451e-02 9.48717e-03 -3.31226e-01 4 4 0 12.38904 4 4 4
17 111 5.55244e-02 -1.82557e-02 1.14359e-02 -3.30971e-01 4 4 0 12.39028 4 4 4
17 111 5.55080e-02 -2.16771e-02 1.35795e-02 -3.30636e-01 4 4 0 12.39191 4 4 4
17 111 5.54866e-02 -2.54404e-02 1.59374e-02 -3.30200e-01 4 4 0 12.39402 4 4 4
17 111 5.54592e-02 -2.95796e-02 1.85312e-02 -3.29641e-01 4 4 0 12.39675 4 4 4
17 111 5.54243e-02 -3.41321e-02 2.13843e-02 -3.28928e-01 4 4 0 12.40022 4 4 4
17 111 5.53800e-02 -3.91390e-02 2.45227e-02 -3.28027e-01 4 4 0 12.40462 4 4 4
17 111 5.53243e-02 -4.46455e-02 2.79750e-02 -3.26893e-01 4 4 0 12.41016 4 4 4
17 111 5.52544e-02 -5.07010e-02 3.17725e-02 -3.25474e-01 4 4 0 12.41711 4 4 4
17 111 5.51670e-02 -5.73599e-02 3.59497e-02 -3.23705e-01 4 4 0 12.42580 4 4 4
17 111 4.13360e-02 -6.46846e-02 4.05447e-02 -3.22168e-01 3 3 0 9.32034 3 3 3
18 111 6.28768e-02 6.28079e-03 1.00000e-03 -3.31332e-01 1 1 1 14.03337 1 1 1
18 111 6.28716e-02 1.31900e-02 2.10000e-03 -3.31248e-01 1 1 1 14.03464 1 1 1
18 111 6.28614e-02 2.07912e-02 3.31000e-03 -3.31087e-01 1 1 1 14.03707 1 1 1
18 111 6.28451e-02 2.91543e-02 4.64100e-03 -3.30826e-01 1 1 1 14.04102 1 1 1
18 111 6.28208e-02 3.83568e-02 6.10510e-03 -3.30438e-01 1 1 1 14.04690 1 1 1
18 111 6.27864e-02 4.84846e-02 7.71561e-03 -3.29889e-01 1 1 1 14.05525 1 1 1
18 111 6.27394e-02 5.96329e-02 9.48717e-03 -3.29137e-01 1 1 1 14.06675 1 1 1
18 111 6.26766e-02 7.19077e-02 1.14359e-02 -3.28130e-01 1 1 1 14.08225 1 1 1
18 111 6.25942e-02 8.54272e-02 1.35795e-02 -3.26803e-01 1 1 1 14.10283 1 1 1
18 111 6.24876e-02 1.00324e-01 1.59374e-02 -3.25079e-01 1 1 1 14.12991 1 1 1
18 111 6.23511e-02 1.16748e-01 1.85312e-02 -3.22857e-01 1 1 1 14.16531 1 1 1
18 111 6.21780e-02 1.34869e-01 2.13843e-02 -3.20019e-01 1 1 1 14.21142 1 1 1
18 111 6.19606e-02 1.54882e-01 2.45227e-02 -3.16413e-01 1 1 1 14.27151 1 1 1
18 111 6.16898e-02 1.77015e-01 2.79750e-02 -3.11850e-01 1 1 1 14.35006 1 1 1
18 111 6.13554e-02 2.01538e-01 3.17725e-02 -3.06095e-01 1 1 1 14.45346 1 1 1
18 111 6.09469e-02 2.28781e-01 3.59497e-02 -2.98844e-01 1 1 1 14.59123 1 1 1
18 111 6.04556e-02 2.59162e-01 4.05447e-02 -2.89704e-01 1 1 1 14.77832 1 1 1
18 111 5.98796e-02 2.93245e-01 4.55992e-02 -2.78148e-01 1 1 1 15.04005 1 1 1
18 111 5.92395e-02 3.31903e-01 5.11591e-02 -2.63413e-01 1 1 1 15.42455 1 1 1
18 111 5.86161e-02 3.78258e-01 5.72750e-02 -2.43674e-01 1 1 1 16.06314 1 1 1
