81 111 2.39402e-01 -1.59343e-03 1.00000e-03 -3.04670e-01 18 18 0 57.56418 18 18 18
81 111 2.39398e-01 -3.34619e-03 2.10000e-03 -3.04650e-01 18 18 0 57.56466 18 18 18
81 111 2.39390e-01 -5.27421e-03 3.31000e-03 -3.04611e-01 18 18 0 57.56557 18 18 18
81 111 2.39377e-01 -7.39502e-03 4.64100e-03 -3.04548e-01 18 18 0 57.56705 18 18 18
81 111 2.39357e-01 -9.72787e-03 6.10510e-03 -3.04454e-01 18 18 0 57.56926 18 18 18
81 111 2.39330e-01 -1.22939e-02 7.71561e-03 -3.04321e-01 18 18 0 57.57237 18 18 18
81 111 2.39292e-01 -1.51165e-02 9.48717e-03 -3.04139e-01 18 18 0 57.57664 18 18 18
81 111 2.39241e-01 -1.82212e-02 1.14359e-02 -3.03895e-01 18 18 0 57.58235 18 18 18
81 111 2.39174e-01 -2.16362e-02 1.35795e-02 -3.03575e-01 18 18 0 57.58987 18 18 18
81 111 2.39088e-01 -2.53924e-02 1.59374e-02 -3.03159e-01 18 18 0 57.59963 18 18 18
81 111 2.38976e-01 -2.95237e-02 1.85312e-02 -3.02626e-01 18 18 0 57.61218 18 18 18
81 111 2.38834e-01 -3.40676e-02 2.13843e-02 -3.01946e-01 18 18 0 57.62818 18 18 18
81 111 2.38654e-01 -3.90651e-02 2.45227e-02 -3.01086e-01 18 18 0 57.64845 18 18 18
81 111 2.38428e-01 -4.45612e-02 2.79750e-02 -3.00004e-01 18 18 0 57.67400 18 18 18
81 111 2.38143e-01 -5.06053e-02 3.17725e-02 -2.98649e-01 18 18 0 57.70604 18 18 18
81 111 2.37788e-01 -5.72517e-02 3.59497e-02 -2.96961e-01 18 18 0 57.74610 18 18 18
81 111 2.37344e-01 -6.45596e-02 4.05447e-02 -2.94864e-01 18 18 0 57.79603 18 18 18
81 111 2.36793e-01 -7.25943e-02 4.55992e-02 -2.92266e-01 18 18 0 57.85814 18 18 18
81 111 2.36109e-01 -8.14268e-02 5.11591e-02 -2.89058e-01 18 18 0 57.93527 18 18 18
81 111 2.35261e-01 -9.11348e-02 5.72750e-02 -2.85105e-01 18 18 0 58.03095 18 18 18
81 111 2.34210e-01 -1.01803e-01 6.40025e-02 -2.80243e-01 18 18 0 58.14960 18 18 18
81 111 2.32911e-01 -1.13523e-01 7.14028e-02 -2.74274e-01 18 18 0 58.29673 18 18 18
81 111 2.31303e-01 -1.26396e-01 7.95430e-02 -2.66959e-01 18 18 0 58.47935 18 18 18
82 111 2.43408e-01 6.54749e-03 1.00000e-03 -3.03683e-01 4 4 1 58.69557 4 4 4
82 111 2.43385e-01 1.37501e-02 2.10000e-03 -3.03599e-01 4 4 1 58.70132 4 4 4
82 111 2.43342e-01 2.16740e-02 3.31000e-03 -3.03436e-01 4 4 1 58.71238 4 4 4
82 111 2.43272e-01 3.03922e-02 4.64100e-03 -3.03173e-01 4 4 1 58.73029 4 4 4
82 111 2.43169e-01 3.99855e-02 6.10510e-03 -3.02782e-01 4 4 1 58.75701 4 4 4
82 111 2.43023e-01 5.05433e-02 7.71561e-03 -3.02228e-01 4 4 1 58.79497 4 4 4
82 111 2.42822e-01 6.21650e-02 9.48717e-03 -3.01470e-01 4 4 1 58.84728 4 4 4
82 111 2.42555e-01 7.49612e-02 1.14359e-02 -3.00453e-01 4 4 1 58.91785 4 4 4
82 111 2.42204e-01 8.90554e-02 1.35795e-02 -2.99114e-01 4 4 1 59.01172 4 4 4
82 111 2.41750e-01 1.04586e-01 1.59374e-02 -2.97373e-01 4 4 1 59.13541 4 4 4
82 111 2.41169e-01 1.21711e-01 1.85312e-02 -2.95128e-01 4 4 1 59.29745 4 4 4
82 111 2.40432e-01 1.40608e-01 2.13843e-02 -2.92258e-01 4 4 1 59.50927 4 4 4
82 111 2.39506e-01 1.61486e-01 2.45227e-02 -2.88606e-01 4 4 1 59.78644 4 4 4
82 111 2.38352e-01 1.84589e-01 2.79750e-02 -2.83978e-01 4 4 1 60.15088 4 4 4
82 111 2.36926e-01 2.10216e-01 3.17725e-02 -2.78123e-01 4 4 1 60.63462 4 4 4
82 111 2.35184e-01 2.38747e-01 3.59497e-02 -2.70716e-01 4 4 1 61.28687 4 4 4
82 111 2.33087e-01 2.70706e-01 4.05447e-02 -2.61308e-01 4 4 1 62.18893 4 4 4
82 111 2.30622e-01 3.06965e-01 4.55992e-02 -2.49230e-01 4 4 1 63.49176 4 4 4
82 111 2.27813e-01 3.50474e-01 5.11591e-02 -2.32882e-01 4 4 1 65.58961 4 4 4
83 111 2.51450e-01 -1.59309e-03 1.00000e-03 -3.01714e-01 19 19 0 60.98630 19 19 19
83 111 2.51445e-01 -3.34549e-03 2.10000e-03 -3.01693e-01 19 19 0 60.98681 19 19 19
83 111 2.51437e-01 -5.27311e-03 3.31000e-03 -3.01654e-01 19 19 0 60.98778 19 19 19
83 111 2.51423e-01 -7.39347e-03 4.64100e-03 -3.01591e-01 19 19 0 60.98935 19 19 19
83 111 2.51403e-01 -9.72583e-03 6.10510e-03 -3.01498e-01 19 19 0 60.99168 19 19 19
83 111 2.51374e-01 -1.22914e-02 7.71561e-03 -3.01366e-01 19 19 0 60.99498 19 19 19
83 111 2.51335e-01 -1.51133e-02 9.48717e-03 -3.01185e-01 19 19 0 60.99951 19 19 19
83 111 2.51282e-01 -1.82174e-02 1.14359e-02 -3.00942e-01 19 19 0 61.00556 19 19 19
83 111 2.51212e-01 -2.16316e-02 1.35795e-02 -3.00624e-01 19 19 0 61.01353 19 19 19
83 111 2.51122e-01 -2.53870e-02 1.59374e-02 -3.00210e-01 19 19 0 61.02387 19 19 19
83 111 2.51006e-01 -2.95175e-02 1.85312e-02 -2.99679e-01 19 19 0 61.03717 19 19 19
83 111 2.50858e-01 -3.40605e-02 2.13843e-02 -2.99002e-01 19 19 0 61.05413 19 19 19
83 111 2.50670e-01 -3.90569e-02 2.45227e-02 -2.98146e-01 19 19 0 61.07561 19 19 19
83 111 2.50434e-01 -4.45519e-02 2.79750e-02 -2.97069e-01 19 19 0 61.10267 19 19 19
83 111 2.50137e-01 -5.05947e-02 3.17725e-02 -2.95722e-01 19 19 0 61.13663 19 19 19
83 111 2.49766e-01 -5.72397e-02 3.59497e-02 -2.94042e-01 19 19 0 61.17907 19 19 19
83 111 2.49303e-01 -6.45461e-02 4.05447e-02 -2.91955e-01 19 19 0 61.23198 19 19 19
83 111 2.48727e-01 -7.25791e-02 4.55992e-02 -2.89371e-01 19 19 0 61.29778 19 19 19
83 111 2.48010e-01 -8.14097e-02 5.11591e-02 -2.86179e-01 19 19 0 61.37948 19 19 19
83 111 2.47119e-01 -9.11157e-02 5.72750e-02 -2.82246e-01 19 19 0 61.48082 19 19 19
83 111 2.46010e-01 -1.01782e-01 6.40025e-02 -2.77412e-01 19 19 0 61.60644 19 19 19
83 111 2.44628e-01 -1.13500e-01 7.14028e-02 -2.71479e-01 19 19 0 61.76217 19 19 19
83 111 2.42900e-01 -1.26370e-01 7.95430e-02 -2.64213e-01 19 19 0 61.95532 19 19 19
83 111 2.40727e-01 -1.40500e-01 8.84973e-02 -2.55330e-01 19 19 0 62.19521 19 19 19
