32 47 3.78029e-01 -1.58853e-03 1.00000e-03 -2.61874e-01 13 13 0 44.00918 13 13 13
32 47 3.78023e-01 -3.33591e-03 2.10000e-03 -2.61855e-01 13 13 0 44.00956 13 13 13
32 47 3.78012e-01 -5.25802e-03 3.31000e-03 -2.61818e-01 13 13 0 44.01030 13 13 13
32 47 3.77995e-01 -7.37230e-03 4.64100e-03 -2.61758e-01 13 13 0 44.01149 13 13 13
32 47 3.77969e-01 -9.69798e-03 6.10510e-03 -2.61670e-01 13 13 0 44.01326 13 13 13
32 47 3.77933e-01 -1.22561e-02 7.71561e-03 -2.61544e-01 13 13 0 44.01576 13 13 13
32 47 3.77883e-01 -1.50700e-02 9.48717e-03 -2.61372e-01 13 13 0 44.01919 13 13 13
32 47 3.77816e-01 -1.81651e-02 1.14359e-02 -2.61142e-01 13 13 0 44.02377 13 13 13
32 47 3.77729e-01 -2.15695e-02 1.35795e-02 -2.60839e-01 13 13 0 44.02981 13 13 13
32 47 3.77615e-01 -2.53140e-02 1.59374e-02 -2.60446e-01 13 13 0 44.03765 13 13 13
32 47 3.77469e-01 -2.94324e-02 1.85312e-02 -2.59942e-01 13 13 0 44.04773 13 13 13
32 47 3.77283e-01 -3.39620e-02 2.13843e-02 -2.59299e-01 13 13 0 44.06058 13 13 13
32 47 3.77048e-01 -3.89436e-02 2.45227e-02 -2.58486e-01 13 13 0 44.07688 13 13 13
32 47 3.76753e-01 -4.44221e-02 2.79750e-02 -2.57462e-01 13 13 0 44.09741 13 13 13
32 47 3.76384e-01 -5.04465e-02 3.17725e-02 -2.56181e-01 13 13 0 44.12319 13 13 13
32 47 3.75924e-01 -5.70709e-02 3.59497e-02 -2.54583e-01 13 13 0 44.15544 13 13 13
32 47 3.75356e-01 -6.43541e-02 4.05447e-02 -2.52597e-01 13 13 0 44.19567 13 13 13
32 47 3.74653e-01 -7.23607e-02 4.55992e-02 -2.50136e-01 13 13 0 44.24576 13 13 13
32 47 3.73790e-01 -8.11611e-02 5.11591e-02 -2.47094e-01 13 13 0 44.30805 13 13 13
32 47 3.72732e-01 -9.08320e-02 5.72750e-02 -2.43341e-01 13 13 0 44.38546 13 13 13
32 47 3.71441e-01 -1.01456e-01 6.40025e-02 -2.38721e-01 13 13 0 44.48166 13 13 13
32 47 3.69874e-01 -1.13122e-01 7.14028e-02 -2.33040e-01 13 13 0 44.60129 13 13 13
32 47 3.67984e-01 -1.25925e-01 7.95430e-02 -2.26063e-01 13 13 0 44.75034 13 13 13
32 47 3.65724e-01 -1.39961e-01 8.84973e-02 -2.17503e-01 13 13 0 44.93653 13 13 13
32 47 3.63058e-01 -1.55324e-01 9.83471e-02 -2.07004e-01 13 13 0 45.17015 13 13 13
32 47 3.59990e-01 -1.72090e-01 1.09182e-01 -1.94126e-01 13 13 0 45.46512 13 13 13
32 47 3.56619e-01 -1.90294e-01 1.21100e-01 -1.78313e-01 13 13 0 45.84105 13 13 13
33 47 4.00200e-01 -1.58755e-03 1.00000e-03 -2.53247e-01 14 14 0 47.99037 14 14 14
33 47 4.00195e-01 -3.33384e-03 2.10000e-03 -2.53228e-01 14 14 0 47.99080 14 14 14
33 47 4.00184e-01 -5.25474e-03 3.31000e-03 -2.53191e-01 14 14 0 47.99163 14 14 14
33 47 4.00167e-01 -7.36769e-03 4.64100e-03 -2.53132e-01 14 14 0 47.99297 14 14 14
33 47 4.00141e-01 -9.69187e-03 6.10510e-03 -2.53043e-01 14 14 0 47.99496 14 14 14
33 47 4.00105e-01 -1.22484e-02 7.71561e-03 -2.52919e-01 14 14 0 47.99777 14 14 14
33 47 4.00056e-01 -1.50603e-02 9.48717e-03 -2.52747e-01 14 14 0 48.00162 14 14 14
33 47 3.99990e-01 -1.81533e-02 1.14359e-02 -2.52519e-01 14 14 0 48.00678 14 14 14
33 47 3.99903e-01 -2.15552e-02 1.35795e-02 -2.52218e-01 14 14 0 48.01356 14 14 14
33 47 3.99791e-01 -2.52967e-02 1.59374e-02 -2.51827e-01 14 14 0 48.02238 14 14 14
33 47 3.99646e-01 -2.94117e-02 1.85312e-02 -2.51325e-01 14 14 0 48.03371 14 14 14
33 47 3.99462e-01 -3.39373e-02 2.13843e-02 -2.50686e-01 14 14 0 48.04816 14 14 14
33 47 3.99228e-01 -3.89139e-02 2.45227e-02 -2.49878e-01 14 14 0 48.06647 14 14 14
33 47 3.98935e-01 -4.43863e-02 2.79750e-02 -2.48861e-01 14 14 0 48.08955 14 14 14
33 47 3.98568e-01 -5.04032e-02 3.17725e-02 -2.47587e-01 14 14 0 48.11852 14 14 14
33 47 3.98110e-01 -5.70180e-02 3.59497e-02 -2.46000e-01 14 14 0 48.15475 14 14 14
33 47 3.97542e-01 -6.42892e-02 4.05447e-02 -2.44028e-01 14 14 0 48.19994 14 14 14
33 47 3.96838e-01 -7.22804e-02 4.55992e-02 -2.41585e-01 14 14 0 48.25620 14 14 14
33 47 3.95969e-01 -8.10611e-02 5.11591e-02 -2.38566e-01 14 14 0 48.32613 14 14 14
33 47 3.94898e-01 -9.07065e-02 5.72750e-02 -2.34845e-01 14 14 0 48.41298 14 14 14
33 47 3.93583e-01 -1.01298e-01 6.40025e-02 -2.30267e-01 14 14 0 48.52083 14 14 14
33 47 3.91972e-01 -1.12924e-01 7.14028e-02 -2.24645e-01 14 14 0 48.65484 14 14 14
33 47 3.90005e-01 -1.25677e-01 7.95430e-02 -2.17749e-01 14 14 0 48.82157 14 14 14
33 47 3.87616e-01 -1.39656e-01 8.84973e-02 -2.09299e-01 14 14 0 49.02947 14 14 14
33 47 3.84739e-01 -1.54966e-01 9.83471e-02 -1.98953e-01 14 14 0 49.28967 14 14 14
33 47 3.81335e-01 -1.71711e-01 1.09182e-01 -1.86280e-01 14 14 0 49.61713 14 14 14
33 47 3.77470e-01 -1.90022e-01 1.21100e-01 -1.70712e-01 14 14 0 50.03325 14 14 14
33 47 3.73461e-01 -2.10265e-01 1.34210e-01 -1.51429e-01 14 14 0 50.57250 14 14 14
34 47 4.02666e-01 7.20125e-03 1.00000e-03 -2.52232e-01 3 3 1 48.45722 3 3 4
34 47 4.02620e-01 1.51230e-02 2.10000e-03 -2.52145e-01 3 3 1 48.46292 3 3 4
34 47 4.02532e-01 2.38381e-02 3.31000e-03 -2.51978e-01 3 3 1 48.47387 3 3 4
34 47 4.02390e-01 3.34266e-02 4.64100e-03 -2.51708e-01 3 3 1 48.49164 3 3 4
34 47 4.02178e-01 4.39775e-02 6.10510e-03 -2.51306e-01 3 3 1 48.51815 3 3 4
34 47 4.01879e-01 5.55892e-02 7.71561e-03 -2.50737e-01 3 3 1 48.55588 3 3 4
34 47 4.01470e-01 6.83710e-02 9.48717e-03 -2.49957e-01 3 3 1 48.60795 3 3 4
34 47 4.00924e-01 8.24449e-02 1.14359e-02 -2.48911e-01 3 3 1 48.67841 3 3 4
34 47 4.00206e-01 9.79478e-02 1.35795e-02 -2.47532e-01 3 3 1 48.77246 3 3 4
34 47 3.99278e-01 1.15034e-01 1.59374e-02 -2.45735e-01 3 3 1 48.89699 3 3 4
34 47 3.98089e-01 1.33882e-01 1.85312e-02 -2.43417e-01 3 3 1 49.06123 3 3 4
34 47 3.96582e-01 1.54698e-01 2.13843e-02 -2.40443e-01 3 3 1 49.27787 3 3 4
34 47 3.94686e-01 1.77731e-01 2.45227e-02 -2.36644e-01 3 3 1 49.56494 3 3 4
34 47 3.92319e-01 2.03301e-01 2.79750e-02 -2.31797e-01 3 3 1 49.94923 3 3 4
34 47 3.89383e-01 2.31858e-01 3.17725e-02 -2.25597e-01 3 3 1 50.47332 3 3 4
34 47 3.85751e-01 2.64199e-01 3.59497e-02 -2.17569e-01 3 3 1 51.21317 3 3 6
34 47 3.81117e-01 3.03106e-01 4.05447e-02 -2.06552e-01 3 3 1 52.36202 3 3 8
35 47 4.21231e-01 -1.58657e-03 1.00000e-03 -2.44609e-01 15 15 0 52.08445 15 15 15
35 47 4.21226e-01 -3.33180e-03 2.10000e-03 -2.44590e-01 15 15 0 52.08494 15 15 15
35 47 4.21215e-01 -5.25158e-03 3.31000e-03 -2.44554e-01 15 15 0 52.08588 15 15 15
35 47 4.21199e-01 -7.36336e-03 4.64100e-03 -2.44494e-01 15 15 0 52.08739 15 15 15
35 47 4.21175e-01 -9.68637e-03 6.10510e-03 -2.44406e-01 15 15 0 52.08965 15 15 15
35 47 4.21140e-01 -1.22418e-02 7.71561e-03 -2.44281e-01 15 15 0 52.09284 15 15 15
35 47 4.21093e-01 -1.50529e-02 9.48717e-03 -2.44110e-01 15 15 0 52.09721 15 15 15
35 47 4.21030e-01 -1.81452e-02 1.14359e-02 -2.43882e-01 15 15 0 52.10307 15 15 15
35 47 4.20947e-01 -2.15472e-02 1.35795e-02 -2.43581e-01 15 15 0 52.11077 15 15 15
35 47 4.20839e-01 -2.52897e-02 1.59374e-02 -2.43191e-01 15 15 0 52.12077 15 15 15
35 47 4.20700e-01 -2.94071e-02 1.85312e-02 -2.42690e-01 15 15 0 52.13364 15 15 15
35 47 4.20523e-01 -3.39370e-02 2.13843e-02 -2.42051e-01 15 15 0 52.15005 15 15 15
35 47 4.20300e-01 -3.89212e-02 2.45227e-02 -2.41243e-01 15 15 0 52.17085 15 15 15
35 47 4.20018e-01 -4.44054e-02 2.79750e-02 -2.40227e-01 15 15 0 52.19707 15 15 15
35 47 4.19665e-01 -5.04403e-02 3.17725e-02 -2.38955e-01 15 15 0 52.23000 15 15 15
35 47 4.19224e-01 -5.70820e-02 3.59497e-02 -2.37368e-01 15 15 0 52.27119 15 15 15
35 47 4.18675e-01 -6.43922e-02 4.05447e-02 -2.35396e-01 15 15 0 52.32259 15 15 15
35 47 4.17994e-01 -7.24396e-02 4.55992e-02 -2.32953e-01 15 15 0 52.38663 15 15 15
35 47 4.17152e-01 -8.13002e-02 5.11591e-02 -2.29934e-01 15 15 0 52.46628 15 15 15
35 47 4.16111e-01 -9.10586e-02 5.72750e-02 -2.26211e-01 15 15 0 52.56532 15 15 15
35 47 4.14827e-01 -1.01809e-01 6.40025e-02 -2.21628e-01 15 15 0 52.68847 15 15 15
35 47 4.13249e-01 -1.13658e-01 7.14028e-02 -2.15995e-01 15 15 0 52.84173 15 15 15
35 47 4.11315e-01 -1.26724e-01 7.95430e-02 -2.09078e-01 15 15 0 53.03282 15 15 15
35 47 4.08954e-01 -1.41142e-01 8.84973e-02 -2.00592e-01 15 15 0 53.27175 15 15 15
35 47 4.06095e-01 -1.57069e-01 9.83471e-02 -1.90181e-01 15 15 0 53.57182 15 15 15
35 47 4.02679e-01 -1.74691e-01 1.09182e-01 -1.77396e-01 15 15 0 53.95114 15 15 15
35 47 3.98675e-01 -1.94265e-01 1.21100e-01 -1.61667e-01 15 15 0 54.43544 15 15 15
