7 79 7.78920e-02 -1.59628e-03 1.00000e-03 -3.30293e-01 4 4 0 12.40745 4 4 4
7 79 7.78905e-02 -3.35218e-03 2.10000e-03 -3.30272e-01 4 4 0 12.40755 4 4 4
7 79 7.78877e-02 -5.28365e-03 3.31000e-03 -3.30231e-01 4 4 0 12.40775 4 4 4
7 79 7.78832e-02 -7.40825e-03 4.64100e-03 -3.30165e-01 4 4 0 12.40807 4 4 4
7 79 7.78765e-02 -9.74528e-03 6.10510e-03 -3.30067e-01 4 4 0 12.40855 4 4 4
7 79 7.78670e-02 -1.23159e-02 7.71561e-03 -3.29928e-01 4 4 0 12.40923 4 4 4
7 79 7.78539e-02 -1.51436e-02 9.48717e-03 -3.29738e-01 4 4 0 12.41015 4 4 4
7 79 7.78365e-02 -1.82538e-02 1.14359e-02 -3.29484e-01 4 4 0 12.41139 4 4 4
7 79 7.78135e-02 -2.16749e-02 1.35795e-02 -3.29149e-01 4 4 0 12.41302 4 4 4
7 79 7.77837e-02 -2.54378e-02 1.59374e-02 -3.28715e-01 4 4 0 12.41514 4 4 4
7 79 7.77454e-02 -2.95766e-02 1.85312e-02 -3.28157e-01 4 4 0 12.41787 4 4 4
7 79 7.76965e-02 -3.41286e-02 2.13843e-02 -3.27446e-01 4 4 0 12.42134 4 4 4
7 79 7.76346e-02 -3.91350e-02 2.45227e-02 -3.26547e-01 4 4 0 12.42575 4 4 4
7 79 7.75567e-02 -4.46409e-02 2.79750e-02 -3.25416e-01 4 4 0 12.43129 4 4 4
7 79 7.74589e-02 -5.06958e-02 3.17725e-02 -3.24001e-01 4 4 0 12.43825 4 4 4
7 79 7.73368e-02 -5.73541e-02 3.59497e-02 -3.22236e-01 4 4 0 12.44695 4 4 4
7 79 7.71847e-02 -6.46751e-02 4.05447e-02 -3.20044e-01 4 4 0 12.45780 4 4 4
7 79 7.69956e-02 -7.27240e-02 4.55992e-02 -3.17328e-01 4 4 0 12.47129 4 4 4
7 79 7.67611e-02 -8.15722e-02 5.11591e-02 -3.13974e-01 4 4 0 12.48805 4 4 4
7 79 7.64705e-02 -9.12975e-02 5.72750e-02 -3.09840e-01 4 4 0 12.50885 4 4 4
7 79 5.71963e-02 -1.01994e-01 6.40025e-02 -3.06015e-01 3 3 0 9.38687 3 3 3
8 79 8.81532e-02 6.29783e-03 1.00000e-03 -3.29423e-01 1 1 1 14.07484 1 1 1
8 79 8.81458e-02 1.32258e-02 2.10000e-03 -3.29339e-01 1 1 1 14.07612 1 1 1
8 79 8.81315e-02 2.08476e-02 3.31000e-03 -3.29178e-01 1 1 1 14.07857 1 1 1
8 79 8.81084e-02 2.92334e-02 4.64100e-03 -3.28917e-01 1 1 1 14.08255 1 1 1
8 79 8.80741e-02 3.84608e-02 6.10510e-03 -3.28529e-01 1 1 1 14.08848 1 1 1
8 79 8.80256e-02 4.86161e-02 7.71561e-03 -3.27980e-01 1 1 1 14.09690 1 1 1
8 79 8.79593e-02 5.97947e-02 9.48717e-03 -3.27227e-01 1 1 1 14.10850 1 1 1
8 79 8.78708e-02 7.21027e-02 1.14359e-02 -3.26219e-01 1 1 1 14.12413 1 1 1
8 79 8.77545e-02 8.56590e-02 1.35795e-02 -3.24892e-01 1 1 1 14.14490 1 1 1
8 79 8.76040e-02 1.00597e-01 1.59374e-02 -3.23166e-01 1 1 1 14.17222 1 1 1
8 79 8.74114e-02 1.17065e-01 1.85312e-02 -3.20944e-01 1 1 1 14.20792 1 1 1
8 79 8.71673e-02 1.35236e-01 2.13843e-02 -3.18103e-01 1 1 1 14.25446 1 1 1
8 79 8.68606e-02 1.55304e-01 2.45227e-02 -3.14494e-01 1 1 1 14.31511 1 1 1
8 79 8.64785e-02 1.77499e-01 2.79750e-02 -3.09928e-01 1 1 1 14.39442 1 1 1
8 79 8.60067e-02 2.02091e-01 3.17725e-02 -3.04167e-01 1 1 1 14.49888 1 1 1
8 79 8.54304e-02 2.29414e-01 3.59497e-02 -2.96907e-01 1 1 1 14.63816 1 1 1
8 79 8.47371e-02 2.59892e-01 4.05447e-02 -2.87752e-01 1 1 1 14.82750 1 1 1
8 79 8.39245e-02 2.94099e-01 4.55992e-02 -2.76168e-01 1 1 1 15.09280 1 1 1
8 79 8.30215e-02 3.32949e-01 5.11591e-02 -2.61373e-01 1 1 1 15.48387 1 1 1
8 79 8.21302e-02 3.80678e-01 5.72750e-02 -2.41101e-01 1 1 1 16.15225 1 1 1
8 79 8.20096e-02 4.24051e-01 6.40025e-02 -2.19579e-01 1 1 1 17.13394 1 1 1
8 79 8.60724e-02 4.85295e-01 7.14028e-02 -1.86382e-01 1 1 1 20.05690 1 1 3
9 79 9.71117e-02 -1.59609e-03 1.00000e-03 -3.28612e-01 5 5 0 15.53929 5 5 5
9 79 9.71099e-02 -3.35179e-03 2.10000e-03 -3.28590e-01 5 5 0 15.53942 5 5 5
9 79 9.71064e-02 -5.28304e-03 3.31000e-03 -3.28550e-01 5 5 0 15.53967 5 5 5
9 79 9.71008e-02 -7.40740e-03 4.64100e-03 -3.28484e-01 5 5 0 15.54008 5 5 5
9 79 9.70924e-02 -9.74415e-03 6.10510e-03 -3.28386e-01 5 5 0 15.54067 5 5 5
9 79 9.70806e-02 -1.23145e-02 7.71561e-03 -3.28248e-01 5 5 0 15.54152 5 5 5
9 79 9.70644e-02 -1.51418e-02 9.48717e-03 -3.28058e-01 5 5 0 15.54268 5 5 5
9 79 9.70427e-02 -1.82517e-02 1.14359e-02 -3.27804e-01 5 5 0 15.54423 5 5 5
9 79 9.70142e-02 -2.16724e-02 1.35795e-02 -3.27471e-01 5 5 0 15.54627 5 5 5
9 79 9.69771e-02 -2.54349e-02 1.59374e-02 -3.27038e-01 5 5 0 15.54893 5 5 5
9 79 9.69295e-02 -2.95731e-02 1.85312e-02 -3.26481e-01 5 5 0 15.55234 5 5 5
9 79 9.68688e-02 -3.41247e-02 2.13843e-02 -3.25773e-01 5 5 0 15.55668 5 5 5
9 79 9.67918e-02 -3.91305e-02 2.45227e-02 -3.24877e-01 5 5 0 15.56219 5 5 5
9 79 9.66950e-02 -4.46358e-02 2.79750e-02 -3.23749e-01 5 5 0 15.56913 5 5 5
9 79 9.65735e-02 -5.06900e-02 3.17725e-02 -3.22338e-01 5 5 0 15.57784 5 5 5
9 79 9.64217e-02 -5.73474e-02 3.59497e-02 -3.20578e-01 5 5 0 15.58873 5 5 5
9 79 9.62326e-02 -6.46676e-02 4.05447e-02 -3.18393e-01 5 5 0 15.60230 5 5 5
9 79 9.59976e-02 -7.27157e-02 4.55992e-02 -3.15685e-01 5 5 0 15.61919 5 5 5
9 79 9.57060e-02 -8.15628e-02 5.11591e-02 -3.12341e-01 5 5 0 15.64016 5 5 5
9 79 9.53447e-02 -9.12870e-02 5.72750e-02 -3.08219e-01 5 5 0 15.66617 5 5 5
9 79 9.48974e-02 -1.01973e-01 6.40025e-02 -3.03150e-01 5 5 0 15.69844 5 5 5
9 79 7.56653e-02 -1.13726e-01 7.14028e-02 -2.98512e-01 4 4 0 12.56662 4 4 4
