27 27 5.41369e-01 -1.58117e-03 1.00000e-03 -1.86787e-01 13 13 0 48.75216 13 13 13
27 27 5.41552e-01 -3.32045e-03 2.10000e-03 -1.86667e-01 13 13 0 48.76687 13 13 13
27 27 5.41918e-01 -5.23361e-03 3.31000e-03 -1.86427e-01 13 13 0 48.79678 13 13 13
27 27 5.42562e-01 -7.33800e-03 4.64100e-03 -1.86012e-01 13 13 0 48.85065 13 13 13
27 27 5.43675e-01 -9.65266e-03 6.10510e-03 -1.85309e-01 13 13 0 48.94778 13 13 13
27 27 5.45782e-01 -1.21985e-02 7.71561e-03 -1.84022e-01 13 13 0 49.14598 13 13 13
27 27 5.51541e-01 -1.49980e-02 9.48717e-03 -1.80672e-01 13 13 0 49.78962 13 13 13
27 27 5.61219e-01 -1.80783e-02 1.14359e-02 -1.75032e-01 13 13 0 51.16989 13 13 13
27 27 5.65673e-01 -2.14713e-02 1.35795e-02 -1.72188e-01 13 13 0 51.91385 13 13 13
27 27 5.68331e-01 -2.52066e-02 1.59374e-02 -1.70246e-01 13 13 0 52.40457 13 13 13
27 27 5.70091e-01 -2.93174e-02 1.85312e-02 -1.68684e-01 13 13 0 52.77246 13 13 13
27 27 5.71251e-01 -3.38406e-02 2.13843e-02 -1.67310e-01 13 13 0 53.06635 13 13 13
27 27 5.71935e-01 -3.88173e-02 2.45227e-02 -1.66018e-01 13 13 0 53.31077 13 13 13
27 27 5.72192e-01 -4.42929e-02 2.79750e-02 -1.64738e-01 13 13 0 53.52023 13 13 13
27 27 5.72033e-01 -5.03176e-02 3.17725e-02 -1.63409e-01 13 13 0 53.70425 13 13 13
27 27 5.71444e-01 -5.69469e-02 3.59497e-02 -1.61976e-01 13 13 0 53.86953 13 13 13
27 27 5.70387e-01 -6.42421e-02 4.05447e-02 -1.60380e-01 13 13 0 54.02107 13 13 13
27 27 5.68808e-01 -7.22713e-02 4.55992e-02 -1.58554e-01 13 13 0 54.16269 13 13 13
28 27 5.97029e-01 -1.58202e-03 1.00000e-03 -1.55105e-01 15 15 0 63.28476 15 15 15
28 27 5.97009e-01 -3.32224e-03 2.10000e-03 -1.55096e-01 15 15 0 63.28535 15 15 15
28 27 5.96970e-01 -5.23646e-03 3.31000e-03 -1.55078e-01 15 15 0 63.28646 15 15 15
28 27 5.96906e-01 -7.34207e-03 4.64100e-03 -1.55050e-01 15 15 0 63.28827 15 15 15
28 27 5.96812e-01 -9.65819e-03 6.10510e-03 -1.55008e-01 15 15 0 63.29095 15 15 15
28 27 5.96679e-01 -1.22058e-02 7.71561e-03 -1.54948e-01 15 15 0 63.29475 15 15 15
28 27 5.96496e-01 -1.50081e-02 9.48717e-03 -1.54867e-01 15 15 0 63.29995 15 15 15
28 27 5.96252e-01 -1.80904e-02 1.14359e-02 -1.54757e-01 15 15 0 63.30690 15 15 15
28 27 5.95931e-01 -2.14807e-02 1.35795e-02 -1.54614e-01 15 15 0 63.31603 15 15 15
28 27 5.95515e-01 -2.52096e-02 1.59374e-02 -1.54427e-01 15 15 0 63.32786 15 15 15
28 27 5.94980e-01 -2.93108e-02 1.85312e-02 -1.54186e-01 15 15 0 63.34304 15 15 15
28 27 5.94299e-01 -3.38214e-02 2.13843e-02 -1.53879e-01 15 15 0 63.36233 15 15 15
28 27 5.93439e-01 -3.87823e-02 2.45227e-02 -1.53490e-01 15 15 0 63.38668 15 15 15
28 27 5.92357e-01 -4.42382e-02 2.79750e-02 -1.52998e-01 15 15 0 63.41720 15 15 15
28 27 5.91004e-01 -5.02389e-02 3.17725e-02 -1.52381e-01 15 15 0 63.45524 15 15 15
28 27 5.89319e-01 -5.68397e-02 3.59497e-02 -1.51607e-01 15 15 0 63.50240 15 15 15
28 27 5.87230e-01 -6.41032e-02 4.05447e-02 -1.50640e-01 15 15 0 63.56055 15 15 15
28 27 5.84646e-01 -7.21018e-02 4.55992e-02 -1.49432e-01 15 15 0 63.63190 15 15 15
28 27 5.81460e-01 -8.09232e-02 5.11591e-02 -1.47925e-01 15 15 0 63.71895 15 15 15
28 27 5.77540e-01 -9.06811e-02 5.72750e-02 -1.46043e-01 15 15 0 63.82452 15 15 15
28 27 5.72725e-01 -1.01537e-01 6.40025e-02 -1.43690e-01 15 15 0 63.95171 15 15 15
28 27 5.66808e-01 -1.13747e-01 7.14028e-02 -1.40737e-01 15 15 0 64.10381 15 15 15
28 27 5.59510e-01 -1.27773e-01 7.95430e-02 -1.37009e-01 15 15 0 64.28435 15 15 15
28 27 5.50404e-01 -1.44557e-01 8.84973e-02 -1.32254e-01 15 15 0 64.49761 15 15 15
28 27 5.38668e-01 -1.66437e-01 9.83471e-02 -1.26041e-01 15 15 0 64.75163 15 15 15
