5 63 2.45214e-02 -1.59658e-03 1.00000e-03 -3.33026e-01 1 1 0 3.09220 1 1 1
5 63 2.45210e-02 -3.35280e-03 2.10000e-03 -3.33005e-01 1 1 0 3.09223 1 1 1
5 63 2.45201e-02 -5.28464e-03 3.31000e-03 -3.32964e-01 1 1 0 3.09228 1 1 1
5 63 2.45187e-02 -7.40964e-03 4.64100e-03 -3.32898e-01 1 1 0 3.09236 1 1 1
5 63 2.45165e-02 -9.74710e-03 6.10510e-03 -3.32799e-01 1 1 0 3.09248 1 1 1
5 63 2.45135e-02 -1.23182e-02 7.71561e-03 -3.32659e-01 1 1 0 3.09265 1 1 1
5 63 2.45094e-02 -1.51464e-02 9.48717e-03 -3.32468e-01 1 1 0 3.09288 1 1 1
5 63 2.45039e-02 -1.82572e-02 1.14359e-02 -3.32213e-01 1 1 0 3.09319 1 1 1
5 63 2.44966e-02 -2.16790e-02 1.35795e-02 -3.31876e-01 1 1 0 3.09360 1 1 1
5 63 2.44872e-02 -2.54426e-02 1.59374e-02 -3.31440e-01 1 1 0 3.09413 1 1 1
5 63 2.44750e-02 -2.95821e-02 1.85312e-02 -3.30879e-01 1 1 0 3.09481 1 1 1
5 63 2.44596e-02 -3.41350e-02 2.13843e-02 -3.30165e-01 1 1 0 3.09567 1 1 1
5 63 2.44400e-02 -3.91423e-02 2.45227e-02 -3.29262e-01 1 1 0 3.09677 1 1 1
5 63 2.44153e-02 -4.46493e-02 2.79750e-02 -3.28126e-01 1 1 0 3.09816 1 1 1
5 63 2.43844e-02 -5.07053e-02 3.17725e-02 -3.26703e-01 1 1 0 3.09989 1 1 1
5 63 2.43458e-02 -5.73648e-02 3.59497e-02 -3.24930e-01 1 1 0 3.10207 1 1 1
5 63 2.42977e-02 -6.46872e-02 4.05447e-02 -3.22727e-01 1 1 0 3.10477 1 1 1
5 63 2.42379e-02 -7.27376e-02 4.55992e-02 -3.19998e-01 1 1 0 3.10814 1 1 1
6 63 4.89753e-02 -1.59648e-03 1.00000e-03 -3.32128e-01 2 2 0 6.19074 2 2 2
6 63 4.89744e-02 -3.35260e-03 2.10000e-03 -3.32106e-01 2 2 0 6.19079 2 2 2
6 63 4.89726e-02 -5.28432e-03 3.31000e-03 -3.32065e-01 2 2 0 6.19089 2 2 2
6 63 4.89697e-02 -7.40919e-03 4.64100e-03 -3.31999e-01 2 2 0 6.19105 2 2 2
6 63 4.89655e-02 -9.74650e-03 6.10510e-03 -3.31901e-01 2 2 0 6.19129 2 2 2
6 63 4.89595e-02 -1.23175e-02 7.71561e-03 -3.31761e-01 2 2 0 6.19162 2 2 2
6 63 4.89512e-02 -1.51455e-02 9.48717e-03 -3.31570e-01 2 2 0 6.19209 2 2 2
6 63 4.89402e-02 -1.82561e-02 1.14359e-02 -3.31315e-01 2 2 0 6.19271 2 2 2
6 63 4.89258e-02 -2.16776e-02 1.35795e-02 -3.30979e-01 2 2 0 6.19352 2 2 2
6 63 4.89069e-02 -2.54410e-02 1.59374e-02 -3.30544e-01 2 2 0 6.19458 2 2 2
6 63 4.88828e-02 -2.95803e-02 1.85312e-02 -3.29984e-01 2 2 0 6.19594 2 2 2
6 63 4.88519e-02 -3.41329e-02 2.13843e-02 -3.29271e-01 2 2 0 6.19768 2 2 2
6 63 4.88129e-02 -3.91399e-02 2.45227e-02 -3.28369e-01 2 2 0 6.19988 2 2 2
6 63 4.87637e-02 -4.46465e-02 2.79750e-02 -3.27235e-01 2 2 0 6.20265 2 2 2
6 63 4.87021e-02 -5.07022e-02 3.17725e-02 -3.25815e-01 2 2 0 6.20612 2 2 2
6 63 4.86250e-02 -5.73613e-02 3.59497e-02 -3.24044e-01 2 2 0 6.21047 2 2 2
6 63 4.85291e-02 -6.46832e-02 4.05447e-02 -3.21844e-01 2 2 0 6.21589 2 2 2
6 63 4.84098e-02 -7.27332e-02 4.55992e-02 -3.19120e-01 2 2 0 6.22262 2 2 2
