0 1 8.08481e-01 -1.46888e-03 1.00000e-03 -6.50656e-03 3 3 0 47.64218 3 3 3
0 1 8.08458e-01 -3.08467e-03 2.10000e-03 -6.50453e-03 3 3 0 47.64171 3 3 3
0 1 8.08413e-01 -4.86205e-03 3.31000e-03 -6.50064e-03 3 3 0 47.64080 3 3 3
0 1 8.08342e-01 -6.81722e-03 4.64100e-03 -6.49435e-03 3 3 0 47.63934 3 3 3
0 1 8.08235e-01 -8.96800e-03 6.10510e-03 -6.48500e-03 3 3 0 47.63716 3 3 3
0 1 8.08084e-01 -1.13340e-02 7.71561e-03 -6.47177e-03 3 3 0 47.63406 3 3 3
0 1 8.07877e-01 -1.39368e-02 9.48717e-03 -6.45366e-03 3 3 0 47.62980 3 3 3
0 1 8.07600e-01 -1.68001e-02 1.14359e-02 -6.42942e-03 3 3 0 47.62407 3 3 3
0 1 8.07236e-01 -1.99502e-02 1.35795e-02 -6.39754e-03 3 3 0 47.61648 3 3 3
0 1 8.06763e-01 -2.34160e-02 1.59374e-02 -6.35616e-03 3 3 0 47.60653 3 3 3
0 1 8.06155e-01 -2.72292e-02 1.85312e-02 -6.30300e-03 3 3 0 47.59359 3 3 3
0 1 8.05379e-01 -3.14250e-02 2.13843e-02 -6.23527e-03 3 3 0 47.57685 3 3 3
0 1 8.04397e-01 -3.60422e-02 2.45227e-02 -6.14955e-03 3 3 0 47.55525 3 3 3
0 1 8.03160e-01 -4.11234e-02 2.79750e-02 -6.04169e-03 3 3 0 47.52740 3 3 3
0 1 8.01609e-01 -4.67160e-02 3.17725e-02 -5.90658e-03 3 3 0 47.49148 3 3 3
0 1 7.99670e-01 -5.28725e-02 3.59497e-02 -5.73799e-03 3 3 0 47.44499 3 3 3
0 1 7.97253e-01 -5.96508e-02 4.05447e-02 -5.52832e-03 3 3 0 47.38458 3 3 3
0 1 7.94250e-01 -6.71154e-02 4.55992e-02 -5.26819e-03 3 3 0 47.30557 3 3 3
0 1 7.90523e-01 -7.53377e-02 5.11591e-02 -4.94612e-03 3 3 0 47.20139 3 3 3
0 1 7.85903e-01 -8.43976e-02 5.72750e-02 -4.54786e-03 3 3 0 47.06270 3 3 3
0 1 7.80182e-01 -9.43837e-02 6.40025e-02 -4.05562e-03 3 3 0 46.87592 3 3 3
0 1 7.73098e-01 -1.05395e-01 7.14028e-02 -3.44690e-03 3 3 0 46.62118 3 3 3
0 1 7.64326e-01 -1.17543e-01 7.95430e-02 -2.69252e-03 3 3 0 46.26895 3 3 3
0 1 7.53455e-01 -1.30951e-01 8.84973e-02 -1.75348e-03 3 3 0 45.77523 3 3 3
0 1 7.39967e-01 -1.45754e-01 9.83471e-02 -5.75073e-04 3 3 0 45.07484 3 3 3
1 1 8.12586e-01 -1.50407e-03 1.00000e-03 -3.17959e-03 4 4 0 87.32749 2 4 4
1 1 8.12562e-01 -3.15856e-03 2.10000e-03 -3.17816e-03 4 4 0 87.32633 2 4 4
1 1 8.12516e-01 -4.97852e-03 3.31000e-03 -3.17542e-03 4 4 0 87.32411 2 4 4
1 1 8.12441e-01 -6.98054e-03 4.64100e-03 -3.17099e-03 4 4 0 87.32050 2 4 4
1 1 8.12330e-01 -9.18284e-03 6.10510e-03 -3.16441e-03 4 4 0 87.31512 2 4 4
1 1 8.12174e-01 -1.16055e-02 7.71561e-03 -3.15509e-03 4 4 0 87.30748 2 4 4
1 1 8.11960e-01 -1.42707e-02 9.48717e-03 -3.14234e-03 4 4 0 87.29696 2 4 4
1 1 8.11673e-01 -1.72027e-02 1.14359e-02 -3.12527e-03 4 4 0 87.28277 2 4 4
1 1 8.11295e-01 -2.04284e-02 1.35795e-02 -3.10283e-03 4 4 0 87.26391 2 4 4
1 1 8.10805e-01 -2.39773e-02 1.59374e-02 -3.07369e-03 4 4 0 87.23910 2 4 4
1 1 8.10174e-01 -2.78820e-02 1.85312e-02 -3.03625e-03 4 4 0 87.20668 2 4 4
1 1 8.09371e-01 -3.21786e-02 2.13843e-02 -2.98855e-03 4 4 0 87.16446 2 4 4
1 1 8.08353e-01 -3.69067e-02 2.45227e-02 -2.92818e-03 4 4 0 87.10957 2 4 4
1 1 8.07071e-01 -4.21102e-02 2.79750e-02 -2.85220e-03 4 4 0 87.03815 2 4 4
1 1 8.05462e-01 -4.78376e-02 3.17725e-02 -2.75700e-03 4 4 0 86.94494 2 4 4
1 1 8.03452e-01 -5.41427e-02 3.59497e-02 -2.63818e-03 4 4 0 86.82268 2 4 4
1 1 8.00947e-01 -6.10848e-02 4.05447e-02 -2.49032e-03 4 4 0 86.66121 2 4 4
1 1 7.97832e-01 -6.87301e-02 4.55992e-02 -2.30672e-03 4 4 0 86.44606 2 4 4
1 1 7.93967e-01 -7.71519e-02 5.11591e-02 -2.07906e-03 4 4 0 86.15631 2 4 4
1 1 7.89176e-01 -8.64317e-02 5.72750e-02 -1.79691e-03 4 4 0 85.76127 2 4 4
1 1 7.83241e-01 -9.66604e-02 6.40025e-02 -1.44686e-03 4 4 0 85.21536 2 4 4
1 1 7.75893e-01 -1.07939e-01 7.14028e-02 -1.01130e-03 4 4 0 84.45037 2 4 4
1 1 7.66794e-01 -1.20379e-01 7.95430e-02 -4.66029e-04 4 4 0 83.36432 2 4 4
2 1 8.14301e-01 -1.52886e-03 1.00000e-03 -1.78391e-03 5 5 0 141.95947 1 5 5
2 1 8.14277e-01 -3.21062e-03 2.10000e-03 -1.78284e-03 5 5 0 141.95708 1 5 5
2 1 8.14230e-01 -5.06059e-03 3.31000e-03 -1.78077e-03 5 5 0 141.95250 1 5 5
2 1 8.14154e-01 -7.09561e-03 4.64100e-03 -1.77743e-03 5 5 0 141.94508 1 5 5
2 1 8.14040e-01 -9.33423e-03 6.10510e-03 -1.77247e-03 5 5 0 141.93399 1 5 5
2 1 8.13880e-01 -1.17969e-02 7.71561e-03 -1.76546e-03 5 5 0 141.91822 1 5 5
2 1 8.13661e-01 -1.45060e-02 9.48717e-03 -1.75585e-03 5 5 0 141.89646 1 5 5
2 1 8.13368e-01 -1.74865e-02 1.14359e-02 -1.74299e-03 5 5 0 141.86703 1 5 5
2 1 8.12982e-01 -2.07654e-02 1.35795e-02 -1.72608e-03 5 5 0 141.82779 1 5 5
2 1 8.12480e-01 -2.43731e-02 1.59374e-02 -1.70412e-03 5 5 0 141.77592 1 5 5
2 1 8.11836e-01 -2.83426e-02 1.85312e-02 -1.67592e-03 5 5 0 141.70774 1 5 5
2 1 8.11014e-01 -3.27105e-02 2.13843e-02 -1.63997e-03 5 5 0 141.61833 1 5 5
2 1 8.09973e-01 -3.75173e-02 2.45227e-02 -1.59448e-03 5 5 0 141.50106 1 5 5
2 1 8.08662e-01 -4.28076e-02 2.79750e-02 -1.53721e-03 5 5 0 141.34683 1 5 5
2 1 8.07017e-01 -4.86310e-02 3.17725e-02 -1.46543e-03 5 5 0 141.14296 1 5 5
2 1 8.04961e-01 -5.50420e-02 3.59497e-02 -1.37580e-03 5 5 0 140.87155 1 5 5
2 1 8.02398e-01 -6.21015e-02 4.05447e-02 -1.26417e-03 5 5 0 140.50685 1 5 5
2 1 7.99212e-01 -6.98767e-02 4.55992e-02 -1.12536e-03 5 5 0 140.01128 1 5 5
2 1 7.95258e-01 -7.84425e-02 5.11591e-02 -9.52873e-04 5 5 0 139.32922 1 5 5
2 1 7.90356e-01 -8.78820e-02 5.72750e-02 -7.38294e-04 5 5 0 138.37735 1 5 5
2 1 7.84285e-01 -9.82872e-02 6.40025e-02 -4.70446e-04 5 5 0 137.03010 3 5 5
2 1 7.76768e-01 -1.09760e-01 7.14028e-02 -1.33749e-04 5 5 0 135.09935 3 5 5
3 1 8.15142e-01 -1.54790e-03 1.00000e-03 -1.09892e-03 6 6 0 213.04994 2 6 6
3 1 8.15117e-01 -3.25060e-03 2.10000e-03 -1.09807e-03 6 6 0 213.04557 2 6 6
3 1 8.15069e-01 -5.12360e-03 3.31000e-03 -1.09645e-03 6 6 0 213.03717 2 6 6
3 1 8.14992e-01 -7.18397e-03 4.64100e-03 -1.09382e-03 6 6 0 213.02354 2 6 6
3 1 8.14877e-01 -9.45049e-03 6.10510e-03 -1.08990e-03 6 6 0 213.00317 2 6 6
3 1 8.14715e-01 -1.19438e-02 7.71561e-03 -1.08437e-03 6 6 0 212.97414 2 6 6
3 1 8.14492e-01 -1.46868e-02 9.48717e-03 -1.07679e-03 6 6 0 212.93398 2 6 6
3 1 8.14194e-01 -1.77045e-02 1.14359e-02 -1.06666e-03 6 6 0 212.87952 2 6 6
3 1 8.13802e-01 -2.10245e-02 1.35795e-02 -1.05332e-03 6 6 0 212.80660 2 6 6
3 1 8.13293e-01 -2.46774e-02 1.59374e-02 -1.03601e-03 6 6 0 212.70973 2 6 6
3 1 8.12639e-01 -2.86968e-02 1.85312e-02 -1.01377e-03 6 6 0 212.58159 2 6 6
3 1 8.11804e-01 -3.31198e-02 2.13843e-02 -9.85419e-04 6 6 0 212.41223 2 6 6
3 1 8.10747e-01 -3.79875e-02 2.45227e-02 -9.49535e-04 6 6 0 212.18794 2 6 6
3 1 8.09415e-01 -4.33452e-02 2.79750e-02 -9.04351e-04 6 6 0 211.88956 2 6 6
3 1 8.07745e-01 -4.92432e-02 3.17725e-02 -8.47701e-04 6 6 0 211.48981 2 6 6
3 1 8.05657e-01 -5.57370e-02 3.59497e-02 -7.76904e-04 6 6 0 210.94927 2 6 6
3 1 8.03054e-01 -6.28885e-02 4.05447e-02 -6.88623e-04 6 6 0 210.21002 2 6 6
3 1 7.99818e-01 -7.07660e-02 4.55992e-02 -5.78636e-04 6 6 0 209.18577 2 6 6
3 1 7.95801e-01 -7.94458e-02 5.11591e-02 -4.41497e-04 6 6 0 207.74642 2 6 6
3 1 7.90822e-01 -8.90120e-02 5.72750e-02 -2.69929e-04 6 6 0 205.69485 2 6 6
3 1 7.84656e-01 -9.95576e-02 6.40025e-02 -5.37391e-05 6 6 0 202.73442 2 6 6
4 1 8.15602e-01 -1.56336e-03 1.00000e-03 -7.24176e-04 7 7 0 301.98387 1 7 7
4 1 8.15576e-01 -3.28306e-03 2.10000e-03 -7.23485e-04 7 7 0 301.97648 1 7 7
4 1 8.15528e-01 -5.17478e-03 3.31000e-03 -7.22159e-04 7 7 0 301.96227 1 7 7
4 1 8.15450e-01 -7.25575e-03 4.64100e-03 -7.20016e-04 7 7 0 301.93920 1 7 7
4 1 8.15334e-01 -9.54494e-03 6.10510e-03 -7.16829e-04 7 7 0 301.90468 1 7 7
4 1 8.15169e-01 -1.20633e-02 7.71561e-03 -7.12320e-04 7 7 0 301.85539 1 7 7
4 1 8.14944e-01 -1.48337e-02 9.48717e-03 -7.06146e-04 7 7 0 301.78705 1 7 7
4 1 8.14643e-01 -1.78817e-02 1.14359e-02 -6.97886e-04 7 7 0 301.69404 1 7 7
4 1 8.14247e-01 -2.12352e-02 1.35795e-02 -6.87020e-04 7 7 0 301.56897 1 7 7
4 1 8.13732e-01 -2.49249e-02 1.59374e-02 -6.72914e-04 7 7 0 301.40191 1 7 7
4 1 8.13070e-01 -2.89851e-02 1.85312e-02 -6.54788e-04 7 7 0 301.17940 1 7 7
4 1 8.12226e-01 -3.34532e-02 2.13843e-02 -6.31686e-04 7 7 0 300.88282 1 7 7
4 1 8.11157e-01 -3.83708e-02 2.45227e-02 -6.02434e-04 7 7 0 300.48608 1 7 7
4 1 8.09810e-01 -4.37839e-02 2.79750e-02 -5.65588e-04 7 7 0 299.95195 1 7 7
4 1 8.08120e-01 -4.97434e-02 3.17725e-02 -5.19366e-04 7 7 0 299.22640 1 7 7
4 1 8.06008e-01 -5.63058e-02 3.59497e-02 -4.61543e-04 7 7 0 298.22980 1 7 7
4 1 8.03376e-01 -6.35338e-02 4.05447e-02 -3.89318e-04 7 7 0 296.84300 1 7 7
4 1 8.00102e-01 -7.14969e-02 4.55992e-02 -2.99077e-04 7 7 0 294.88556 1 7 7
4 1 7.96039e-01 -8.02723e-02 5.11591e-02 -1.86012e-04 7 7 0 292.08259 1 7 7
4 1 7.91003e-01 -8.99451e-02 5.72750e-02 -4.34006e-05 7 7 0 288.01780 1 7 7
5 1 8.15874e-01 -1.57641e-03 1.00000e-03 -5.02162e-04 8 8 0 410.04642 2 8 8
5 1 8.15848e-01 -3.31049e-03 2.10000e-03 -5.01585e-04 8 8 0 410.03468 2 8 8
5 1 8.15800e-01 -5.21801e-03 3.31000e-03 -5.00478e-04 8 8 0 410.01208 2 8 8
5 1 8.15721e-01 -7.31638e-03 4.64100e-03 -4.98687e-04 8 8 0 409.97534 2 8 8
5 1 8.15604e-01 -9.62473e-03 6.10510e-03 -4.96026e-04 8 8 0 409.92030 2 8 8
5 1 8.15438e-01 -1.21642e-02 7.71561e-03 -4.92260e-04 8 8 0 409.84156 2 8 8
5 1 8.15211e-01 -1.49579e-02 9.48717e-03 -4.87103e-04 8 8 0 409.73208 2 8 8
5 1 8.14907e-01 -1.80315e-02 1.14359e-02 -4.80203e-04 8 8 0 409.58255 2 8 8
5 1 8.14507e-01 -2.14133e-02 1.35795e-02 -4.71127e-04 8 8 0 409.38054 2 8 8
5 1 8.13988e-01 -2.51344e-02 1.59374e-02 -4.59343e-04 8 8 0 409.10914 2 8 8
5 1 8.13320e-01 -2.92292e-02 1.85312e-02 -4.44200e-04 8 8 0 408.74502 2 8 8
5 1 8.12469e-01 -3.37356e-02 2.13843e-02 -4.24896e-04 8 8 0 408.25543 2 8 8
5 1 8.11391e-01 -3.86959e-02 2.45227e-02 -4.00448e-04 8 8 0 407.59362 2 8 8
5 1 8.10032e-01 -4.41564e-02 2.79750e-02 -3.69639e-04 8 8 0 406.69172 2 8 8
5 1 8.08327e-01 -5.01689e-02 3.17725e-02 -3.30959e-04 8 8 0 405.44950 2 8 8
5 1 8.06196e-01 -5.67905e-02 3.59497e-02 -2.82506e-04 8 8 0 403.71668 2 8 8
5 1 8.03541e-01 -6.40849e-02 4.05447e-02 -2.21845e-04 8 8 0 401.26505 2 8 8
5 1 8.00238e-01 -7.21225e-02 4.55992e-02 -1.45753e-04 8 8 0 397.74532 2 8 8
5 1 7.96139e-01 -8.09813e-02 5.11591e-02 -4.97717e-05 8 8 0 392.62451 2 8 8
6 1 8.16236e-01 -1.60695e-03 1.00000e-03 -2.06526e-04 11 11 0 860.72074 1 11 11
6 1 8.16210e-01 -3.37462e-03 2.10000e-03 -2.06153e-04 11 11 0 860.68411 1 11 11
6 1 8.16160e-01 -5.31913e-03 3.31000e-03 -2.05438e-04 11 11 0 860.61346 1 11 11
6 1 8.16080e-01 -7.45821e-03 4.64100e-03 -2.04282e-04 11 11 0 860.49831 1 11 11
6 1 8.15961e-01 -9.81143e-03 6.10510e-03 -2.02563e-04 11 11 0 860.32496 1 11 11
6 1 8.15792e-01 -1.24003e-02 7.71561e-03 -2.00132e-04 11 11 0 860.07530 1 11 11
6 1 8.15561e-01 -1.52486e-02 9.48717e-03 -1.96802e-04 11 11 0 859.72500 1 11 11
6 1 8.15252e-01 -1.83826e-02 1.14359e-02 -1.92346e-04 11 11 0 859.24083 1 11 11
6 1 8.14845e-01 -2.18311e-02 1.35795e-02 -1.86484e-04 11 11 0 858.57667 1 11 11
6 1 8.14317e-01 -2.56262e-02 1.59374e-02 -1.78871e-04 11 11 0 857.66727 1 11 11
6 1 8.13638e-01 -2.98031e-02 1.85312e-02 -1.69084e-04 11 11 0 856.41864 1 11 11
6 1 8.12771e-01 -3.44011e-02 2.13843e-02 -1.56599e-04 11 11 0 854.69297 1 11 11
6 1 8.11674e-01 -3.94635e-02 2.45227e-02 -1.40766e-04 11 11 0 852.28453 1 11 11
6 1 8.10290e-01 -4.50385e-02 2.79750e-02 -1.20768e-04 11 11 0 848.88126 1 11 11
6 1 8.08555e-01 -5.11797e-02 3.17725e-02 -9.55599e-05 11 11 0 844.00324 1 11 11
6 1 8.06385e-01 -5.79465e-02 3.59497e-02 -6.37616e-05 11 11 0 836.90599 1 11 11
6 1 8.03681e-01 -6.54048e-02 4.05447e-02 -2.34647e-05 11 11 0 826.43708 1 11 11
7 1 8.16361e-01 -1.63021e-03 1.00000e-03 -1.04138e-04 14 14 0 1523.34708 2 14 14
7 1 8.16335e-01 -3.42349e-03 2.10000e-03 -1.03873e-04 14 14 0 1523.25806 2 14 14
7 1 8.16285e-01 -5.39619e-03 3.31000e-03 -1.03362e-04 14 14 0 1523.08599 2 14 14
7 1 8.16204e-01 -7.56635e-03 4.64100e-03 -1.02537e-04 14 14 0 1522.80453 2 14 14
7 1 8.16083e-01 -9.95384e-03 6.10510e-03 -1.01311e-04 14 14 0 1522.37855 2 14 14
7 1 8.15913e-01 -1.25806e-02 7.71561e-03 -9.95752e-05 14 14 0 1521.76035 2 14 14
7 1 8.15679e-01 -1.54708e-02 9.48717e-03 -9.71987e-05 14 14 0 1520.88403 2 14 14
7 1 8.15367e-01 -1.86512e-02 1.14359e-02 -9.40183e-05 14 14 0 1519.65670 2 14 14
7 1 8.14955e-01 -2.21513e-02 1.35795e-02 -8.98334e-05 14 14 0 1517.94486 2 14 14
7 1 8.14421e-01 -2.60038e-02 1.59374e-02 -8.43967e-05 14 14 0 1515.55290 2 14 14
7 1 8.13734e-01 -3.02451e-02 1.85312e-02 -7.74020e-05 14 14 0 1512.18867 2 14 14
7 1 8.12858e-01 -3.49152e-02 2.13843e-02 -6.84673e-05 14 14 0 1507.40809 2 14 14
7 1 8.11748e-01 -4.00591e-02 2.45227e-02 -5.71094e-05 14 14 0 1500.52521 2 14 14
7 1 8.10348e-01 -4.57265e-02 2.79750e-02 -4.27024e-05 14 14 0 1490.46732 2 14 14
7 1 8.08592e-01 -5.19727e-02 3.17725e-02 -2.44031e-05 14 14 0 1475.54825 2 14 14
7 1 8.06397e-01 -5.88589e-02 3.59497e-02 -1.00733e-06 14 14 0 1453.14489 2 14 14
