97 127 9.66595e-02 -1.59610e-03 1.00000e-03 -3.28656e-01 8 8 0 24.86162 8 8 8
97 127 9.66577e-02 -3.35180e-03 2.10000e-03 -3.28634e-01 8 8 0 24.86182 8 8 8
97 127 9.66542e-02 -5.28306e-03 3.31000e-03 -3.28594e-01 8 8 0 24.86222 8 8 8
97 127 9.66486e-02 -7.40742e-03 4.64100e-03 -3.28528e-01 8 8 0 24.86287 8 8 8
97 127 9.66403e-02 -9.74418e-03 6.10510e-03 -3.28430e-01 8 8 0 24.86382 8 8 8
97 127 9.66285e-02 -1.23146e-02 7.71561e-03 -3.28291e-01 8 8 0 24.86518 8 8 8
97 127 9.66124e-02 -1.51419e-02 9.48717e-03 -3.28102e-01 8 8 0 24.86703 8 8 8
97 127 9.65908e-02 -1.82518e-02 1.14359e-02 -3.27848e-01 8 8 0 24.86952 8 8 8
97 127 9.65624e-02 -2.16725e-02 1.35795e-02 -3.27514e-01 8 8 0 24.87278 8 8 8
97 127 9.65255e-02 -2.54349e-02 1.59374e-02 -3.27081e-01 8 8 0 24.87703 8 8 8
97 127 9.64781e-02 -2.95732e-02 1.85312e-02 -3.26525e-01 8 8 0 24.88248 8 8 8
97 127 9.64176e-02 -3.41248e-02 2.13843e-02 -3.25816e-01 8 8 0 24.88944 8 8 8
97 127 9.63411e-02 -3.91306e-02 2.45227e-02 -3.24920e-01 8 8 0 24.89825 8 8 8
97 127 9.62447e-02 -4.46359e-02 2.79750e-02 -3.23793e-01 8 8 0 24.90936 8 8 8
97 127 9.61237e-02 -5.06901e-02 3.17725e-02 -3.22381e-01 8 8 0 24.92329 8 8 8
97 127 9.59726e-02 -5.73476e-02 3.59497e-02 -3.20622e-01 8 8 0 24.94071 8 8 8
97 127 9.57844e-02 -6.46678e-02 4.05447e-02 -3.18436e-01 8 8 0 24.96243 8 8 8
97 127 9.55505e-02 -7.27159e-02 4.55992e-02 -3.15728e-01 8 8 0 24.98944 8 8 8
97 127 9.52602e-02 -8.15631e-02 5.11591e-02 -3.12384e-01 8 8 0 25.02299 8 8 8
98 127 1.08536e-01 -1.59596e-03 1.00000e-03 -3.27437e-01 9 9 0 28.00865 9 9 9
98 127 1.08534e-01 -3.35152e-03 2.10000e-03 -3.27416e-01 9 9 0 28.00889 9 9 9
98 127 1.08530e-01 -5.28261e-03 3.31000e-03 -3.27375e-01 9 9 0 28.00934 9 9 9
98 127 1.08524e-01 -7.40680e-03 4.64100e-03 -3.27309e-01 9 9 0 28.01006 9 9 9
98 127 1.08515e-01 -9.74336e-03 6.10510e-03 -3.27212e-01 9 9 0 28.01114 9 9 9
98 127 1.08501e-01 -1.23135e-02 7.71561e-03 -3.27074e-01 9 9 0 28.01266 9 9 9
98 127 1.08483e-01 -1.51406e-02 9.48717e-03 -3.26884e-01 9 9 0 28.01475 9 9 9
98 127 1.08459e-01 -1.82502e-02 1.14359e-02 -3.26631e-01 9 9 0 28.01755 9 9 9
98 127 1.08427e-01 -2.16706e-02 1.35795e-02 -3.26298e-01 9 9 0 28.02123 9 9 9
98 127 1.08386e-01 -2.54328e-02 1.59374e-02 -3.25866e-01 9 9 0 28.02600 9 9 9
98 127 1.08333e-01 -2.95707e-02 1.85312e-02 -3.25311e-01 9 9 0 28.03215 9 9 9
98 127 1.08265e-01 -3.41219e-02 2.13843e-02 -3.24604e-01 9 9 0 28.03998 9 9 9
98 127 1.08179e-01 -3.91273e-02 2.45227e-02 -3.23710e-01 9 9 0 28.04990 9 9 9
98 127 1.08071e-01 -4.46322e-02 2.79750e-02 -3.22585e-01 9 9 0 28.06240 9 9 9
98 127 1.07936e-01 -5.06859e-02 3.17725e-02 -3.21176e-01 9 9 0 28.07809 9 9 9
98 127 1.07767e-01 -5.73428e-02 3.59497e-02 -3.19421e-01 9 9 0 28.09770 9 9 9
98 127 1.07556e-01 -6.46624e-02 4.05447e-02 -3.17239e-01 9 9 0 28.12215 9 9 9
98 127 1.07294e-01 -7.27098e-02 4.55992e-02 -3.14538e-01 9 9 0 28.15257 9 9 9
98 127 1.06968e-01 -8.15563e-02 5.11591e-02 -3.11200e-01 9 9 0 28.19034 9 9 9
98 127 9.49006e-02 -9.12873e-02 5.72750e-02 -3.08261e-01 8 8 0 25.06462 8 8 8
98 127 7.10582e-02 -1.01987e-01 6.40025e-02 -3.05126e-01 6 6 0 18.79361 6 6 6
99 127 1.20342e-01 -1.59581e-03 1.00000e-03 -3.26086e-01 10 10 0 31.16944 10 10 10
99 127 1.20339e-01 -3.35120e-03 2.10000e-03 -3.26065e-01 10 10 0 31.16970 10 10 10
99 127 1.20335e-01 -5.28212e-03 3.31000e-03 -3.26024e-01 10 10 0 31.17020 10 10 10
99 127 1.20328e-01 -7.40611e-03 4.64100e-03 -3.25959e-01 10 10 0 31.17101 10 10 10
99 127 1.20318e-01 -9.74245e-03 6.10510e-03 -3.25861e-01 10 10 0 31.17221 10 10 10
99 127 1.20303e-01 -1.23124e-02 7.71561e-03 -3.25723e-01 10 10 0 31.17390 10 10 10
99 127 1.20283e-01 -1.51392e-02 9.48717e-03 -3.25535e-01 10 10 0 31.17622 10 10 10
99 127 1.20256e-01 -1.82485e-02 1.14359e-02 -3.25282e-01 10 10 0 31.17933 10 10 10
99 127 1.20221e-01 -2.16686e-02 1.35795e-02 -3.24950e-01 10 10 0 31.18342 10 10 10
99 127 1.20176e-01 -2.54304e-02 1.59374e-02 -3.24519e-01 10 10 0 31.18874 10 10 10
99 127 1.20117e-01 -2.95680e-02 1.85312e-02 -3.23965e-01 10 10 0 31.19557 10 10 10
99 127 1.20042e-01 -3.41187e-02 2.13843e-02 -3.23260e-01 10 10 0 31.20428 10 10 10
99 127 1.19947e-01 -3.91237e-02 2.45227e-02 -3.22368e-01 10 10 0 31.21532 10 10 10
99 127 1.19828e-01 -4.46280e-02 2.79750e-02 -3.21245e-01 10 10 0 31.22922 10 10 10
99 127 1.19678e-01 -5.06812e-02 3.17725e-02 -3.19840e-01 10 10 0 31.24667 10 10 10
99 127 1.19490e-01 -5.73375e-02 3.59497e-02 -3.18089e-01 10 10 0 31.26848 10 10 10
99 127 1.19257e-01 -6.46564e-02 4.05447e-02 -3.15913e-01 10 10 0 31.29567 10 10 10
99 127 1.18967e-01 -7.27030e-02 4.55992e-02 -3.13217e-01 10 10 0 31.32949 10 10 10
99 127 1.18608e-01 -8.15487e-02 5.11591e-02 -3.09888e-01 10 10 0 31.37150 10 10 10
99 127 1.18162e-01 -9.12712e-02 5.72750e-02 -3.05785e-01 10 10 0 31.42362 10 10 10
99 127 1.17610e-01 -1.01955e-01 6.40025e-02 -3.00738e-01 10 10 0 31.48825 10 10 10
99 127 1.16926e-01 -1.13693e-01 7.14028e-02 -2.94543e-01 10 10 0 31.56842 10 10 10
99 127 1.16080e-01 -1.26585e-01 7.95430e-02 -2.86949e-01 10 10 0 31.66794 10 10 10
99 127 1.15029e-01 -1.40738e-01 8.84973e-02 -2.77655e-01 10 10 0 31.79166 10 10 10
99 127 1.02555e-01 -1.56284e-01 9.83471e-02 -2.67502e-01 9 9 0 28.70685 9 9 9
